Departure ID,Arrival ID,Departure Epoch,time-of-flight [s],Atom Delta-V [km/s],Lambert Delta-V [km/s]
39261,28255,2016-02-15 02:16:40.000000 UTC,6670,1.45922,4.06481
39261,28255,2016-02-12 18:01:40.000000 UTC,8890,1.62776,9.48286
29093,28255,2016-02-03 09:46:40.000000 UTC,9250,1.79841,2.79118
39261,28255,2016-02-15 18:10:00.000000 UTC,6070,1.82564,3.01545
28255,39261,2016-02-21 03:30:00.000000 UTC,41650,1.84311,3.35759
39261,28255,2016-02-15 10:00:00.000000 UTC,6310,1.87155,4.15615
29093,28255,2016-02-02 04:45:00.000000 UTC,9130,1.87444,2.7164
16111,28255,2016-02-06 18:05:00.000000 UTC,9130,1.9245,2.55045
16111,28255,2016-02-06 18:05:00.000000 UTC,15010,1.95699,3.3292
29093,16111,2016-02-05 07:55:00.000000 UTC,2950,1.99678,2.22432
29093,28255,2016-02-05 22:50:00.000000 UTC,7210,1.99906,3.0203
29093,16111,2016-02-05 07:55:00.000000 UTC,28150,2.01059,2.35621
29093,28255,2016-02-05 10:20:00.000000 UTC,16390,2.01084,4.01183
29093,16111,2016-02-05 07:55:00.000000 UTC,19750,2.01213,2.14415
29093,16111,2016-02-04 22:31:40.000000 UTC,28390,2.02121,2.36051
39261,28255,2016-02-15 14:01:40.000000 UTC,18070,2.05433,4.82417
29093,28255,2016-02-01 00:46:40.000000 UTC,9070,2.07462,2.95557
29093,16111,2016-02-02 14:16:40.000000 UTC,29830,2.08215,2.58799
39261,28255,2016-02-15 02:16:40.000000 UTC,9730,2.0913,3.06313
29093,39261,2016-02-05 10:20:00.000000 UTC,15070,2.09586,3.24973
29093,39261,2016-02-03 09:46:40.000000 UTC,20770,2.09603,3.34214
29093,28255,2016-02-03 09:46:40.000000 UTC,21190,2.09901,2.80585
16111,28255,2016-02-08 23:45:00.000000 UTC,6970,2.10302,3.15252
29093,16111,2016-02-05 05:31:40.000000 UTC,25390,2.11049,2.46835
39261,28255,2016-02-12 20:45:00.000000 UTC,8830,2.11063,6.78823
29093,28255,2016-02-03 09:46:40.000000 UTC,33070,2.1188,3.31292
29093,28255,2016-02-04 09:16:40.000000 UTC,32050,2.11893,3.15331
39261,28255,2016-02-14 01:16:40.000000 UTC,34450,2.13276,7.44544
16111,28255,2016-02-07 15:10:00.000000 UTC,28930,2.13392,4.02097
16111,28255,2016-02-07 15:10:00.000000 UTC,11050,2.13489,3.75499
39261,28255,2016-02-15 14:01:40.000000 UTC,15190,2.13783,3.06074
39261,28255,2016-02-16 11:50:00.000000 UTC,23110,2.14269,5.0268
39261,28255,2016-02-16 11:50:00.000000 UTC,17230,2.14763,3.47284
29093,16111,2016-02-01 19:31:40.000000 UTC,30310,2.15097,2.6079
29093,28255,2016-02-04 09:16:40.000000 UTC,5110,2.15103,4.70211
29093,39261,2016-02-06 06:40:00.000000 UTC,26350,2.153,2.33384
29093,28255,2016-02-01 02:55:00.000000 UTC,9670,2.16271,2.79833
28255,29093,2016-02-19 15:55:00.000000 UTC,40270,2.16333,3.23118
16111,28255,2016-02-07 17:25:00.000000 UTC,26590,2.17407,2.75214
16111,28255,2016-02-07 17:25:00.000000 UTC,14710,2.17536,2.3475
29093,28255,2016-02-06 17:30:00.000000 UTC,26110,2.18685,2.8095
39261,28255,2016-02-15 02:16:40.000000 UTC,12730,2.18769,2.87205
29093,28255,2016-02-01 00:35:00.000000 UTC,6190,2.18874,3.09743
39261,28255,2016-02-15 22:25:00.000000 UTC,23770,2.19203,3.3715
16111,39261,2016-02-07 12:00:00.000000 UTC,7990,2.1945,7.85102
16111,28255,2016-02-10 16:01:40.000000 UTC,16570,2.20721,3.38888
29093,16111,2016-02-05 12:46:40.000000 UTC,25210,2.20886,2.98808
29093,28255,2016-02-04 09:16:40.000000 UTC,32110,2.21329,2.62944
16111,28255,2016-02-07 19:46:40.000000 UTC,33130,2.21875,2.7841
16111,29093,2016-02-06 22:46:40.000000 UTC,12130,2.227,3.18029
29093,28255,2016-02-02 15:45:00.000000 UTC,32350,2.23073,3.10738
29093,28255,2016-02-01 00:35:00.000000 UTC,21070,2.23084,2.94765
29093,28255,2016-02-05 07:55:00.000000 UTC,21970,2.23617,3.34978
39261,28255,2016-02-15 18:10:00.000000 UTC,8950,2.24679,4.81127
29093,16111,2016-02-01 00:46:40.000000 UTC,30790,2.24934,2.59921
29093,28255,2016-02-02 04:45:00.000000 UTC,21070,2.25174,2.76418
39261,28255,2016-02-15 14:01:40.000000 UTC,33070,2.25348,3.30162
16111,28255,2016-02-10 16:01:40.000000 UTC,25570,2.25546,3.17073
29093,39261,2016-02-04 20:15:00.000000 UTC,26590,2.25884,4.85536
16111,28255,2016-02-10 20:40:00.000000 UTC,26650,2.25952,2.96547
28255,29093,2016-02-20 21:40:00.000000 UTC,17290,2.26059,2.56735
29093,39261,2016-02-05 05:31:40.000000 UTC,32050,2.26098,2.35821
29093,28255,2016-02-04 20:15:00.000000 UTC,13510,2.2682,3.0949
16111,28255,2016-02-11 01:25:00.000000 UTC,12910,2.27178,2.7701
16111,28255,2016-02-11 21:31:40.000000 UTC,20710,2.27787,2.53559
29093,16111,2016-02-01 00:01:40.000000 UTC,30790,2.2879,2.50996
16111,29093,2016-02-06 22:46:40.000000 UTC,6490,2.2879,2.9257
16111,28255,2016-02-10 23:01:40.000000 UTC,21310,2.28892,2.53294
16111,29093,2016-02-07 08:10:00.000000 UTC,6730,2.29427,3.55617
29093,28255,2016-02-01 02:55:00.000000 UTC,9550,2.2943,3.84078
29093,28255,2016-02-02 04:45:00.000000 UTC,15010,2.29484,3.51299
39261,28255,2016-02-14 15:31:40.000000 UTC,7150,2.29545,3.43982
29093,39261,2016-02-02 08:40:00.000000 UTC,26470,2.29709,2.75724
39261,28255,2016-02-13 21:01:40.000000 UTC,25870,2.2973,3.09949
16111,28255,2016-02-06 18:16:40.000000 UTC,8950,2.30335,3.80548
28255,16111,2016-02-18 19:10:00.000000 UTC,19030,2.30395,2.688
28255,29093,2016-02-21 15:55:00.000000 UTC,36250,2.30727,2.76852
39261,28255,2016-02-15 02:16:40.000000 UTC,30610,2.31019,3.07708
39261,29093,2016-02-17 04:45:00.000000 UTC,2950,2.31032,2.37655
28255,16111,2016-02-22 07:40:00.000000 UTC,33730,2.31272,2.80799
29093,28255,2016-02-01 21:40:00.000000 UTC,28390,2.31282,4.14766
16111,28255,2016-02-10 23:01:40.000000 UTC,27250,2.31295,2.7083
29093,28255,2016-02-01 01:31:40.000000 UTC,27190,2.31641,2.69677
16111,28255,2016-02-06 20:25:00.000000 UTC,9730,2.31667,2.66119
29093,28255,2016-02-01 19:31:40.000000 UTC,21970,2.31892,4.07044
39261,28255,2016-02-12 12:15:00.000000 UTC,27130,2.32067,4.83369
29093,39261,2016-02-02 08:40:00.000000 UTC,32530,2.3255,2.46032
28255,29093,2016-02-18 10:55:00.000000 UTC,31930,2.32603,2.65964
16111,29093,2016-02-07 17:25:00.000000 UTC,12610,2.32914,3.15875
28255,29093,2016-02-18 14:15:00.000000 UTC,25630,2.33658,2.57329
16111,28255,2016-02-09 14:31:40.000000 UTC,16450,2.33673,3.10247
28255,29093,2016-02-18 15:00:00.000000 UTC,19810,2.33697,2.55372
39261,28255,2016-02-13 21:01:40.000000 UTC,19930,2.33953,2.8591
29093,16111,2016-02-06 06:40:00.000000 UTC,33130,2.33991,3.25198
16111,28255,2016-02-10 18:20:00.000000 UTC,32050,2.34133,2.89485
28255,29093,2016-02-18 15:00:00.000000 UTC,25450,2.34183,2.63758
29093,28255,2016-02-01 02:55:00.000000 UTC,27370,2.34195,5.06514
28255,29093,2016-02-19 09:15:00.000000 UTC,35890,2.34286,2.80093
29093,28255,2016-02-02 08:40:00.000000 UTC,24910,2.3437,2.67963
29093,28255,2016-02-05 22:50:00.000000 UTC,31090,2.34456,2.79598
39261,28255,2016-02-15 14:01:40.000000 UTC,27190,2.34541,2.5484
39261,28255,2016-02-15 22:25:00.000000 UTC,29830,2.34614,2.5589
29093,28255,2016-02-01 01:31:40.000000 UTC,59770,2.34732,8.84976
16111,28255,2016-02-11 16:20:00.000000 UTC,16210,2.34999,5.2456
39261,28255,2016-02-12 12:15:00.000000 UTC,15190,2.35092,5.08425
29093,39261,2016-02-05 07:55:00.000000 UTC,20530,2.35287,2.94497
39261,28255,2016-02-13 07:35:00.000000 UTC,32410,2.35719,3.08041
29093,28255,2016-02-04 20:15:00.000000 UTC,19450,2.35732,3.31239
28255,29093,2016-02-19 15:55:00.000000 UTC,31810,2.35988,2.73806
39261,28255,2016-02-15 14:01:40.000000 UTC,30190,2.36064,2.51078
29093,28255,2016-02-02 08:40:00.000000 UTC,30850,2.36201,2.84971
39261,28255,2016-02-15 18:10:00.000000 UTC,21010,2.3621,2.96179
29093,28255,2016-02-01 02:10:00.000000 UTC,15490,2.3634,2.67128
28255,16111,2016-02-18 09:15:00.000000 UTC,10090,2.3655,2.71414
28255,29093,2016-02-20 14:16:40.000000 UTC,24490,2.36698,2.80858
29093,28255,2016-02-01 02:10:00.000000 UTC,9550,2.37289,2.49323
29093,39261,2016-02-05 03:10:00.000000 UTC,22390,2.37463,4.43264
16111,28255,2016-02-11 01:25:00.000000 UTC,18850,2.37728,2.94621
28255,16111,2016-02-21 03:30:00.000000 UTC,31750,2.37863,3.2881
28255,29093,2016-02-22 07:40:00.000000 UTC,33190,2.38569,3.22774
29093,16111,2016-02-05 10:20:00.000000 UTC,33670,2.3867,2.66157
39261,28255,2016-02-16 02:46:40.000000 UTC,11590,2.38739,3.53851
29093,28255,2016-02-01 02:55:00.000000 UTC,33550,2.38921,2.71517
39261,28255,2016-02-14 13:50:00.000000 UTC,19210,2.38959,2.8056
16111,28255,2016-02-10 13:45:00.000000 UTC,22090,2.3976,2.66369
28255,16111,2016-02-19 09:15:00.000000 UTC,32710,2.39785,2.9147
16111,39261,2016-02-11 13:46:40.000000 UTC,26710,2.40259,3.30953
28255,39261,2016-02-21 22:30:00.000000 UTC,27250,2.40297,2.6792
29093,28255,2016-02-04 20:15:00.000000 UTC,31450,2.40354,2.71598
29093,28255,2016-02-01 02:55:00.000000 UTC,12670,2.4044,2.67261
29093,28255,2016-02-01 00:46:40.000000 UTC,15070,2.40581,2.63042
16111,28255,2016-02-10 20:40:00.000000 UTC,32710,2.40697,2.42862
28255,39261,2016-02-20 21:40:00.000000 UTC,35290,2.40818,2.64819
28255,16111,2016-02-22 07:40:00.000000 UTC,28150,2.40892,2.91955
28255,29093,2016-02-22 10:01:40.000000 UTC,27070,2.41063,3.58726
28255,16111,2016-02-18 10:55:00.000000 UTC,15310,2.41455,2.66047
29093,28255,2016-02-01 02:55:00.000000 UTC,27610,2.41529,2.56359
29093,28255,2016-02-03 19:05:00.000000 UTC,32170,2.41789,2.73845
28255,39261,2016-02-21 22:30:00.000000 UTC,30310,2.42011,2.70319
39261,28255,2016-02-14 12:10:00.000000 UTC,28210,2.42013,3.16224
16111,28255,2016-02-06 20:25:00.000000 UTC,33610,2.42143,2.58445
29093,28255,2016-02-01 02:55:00.000000 UTC,24610,2.42183,2.63735
28255,39261,2016-02-19 23:16:40.000000 UTC,28330,2.42227,2.8737
28255,39261,2016-02-21 15:55:00.000000 UTC,36070,2.42341,2.64362
28255,39261,2016-02-20 21:40:00.000000 UTC,23230,2.42353,2.79518
28255,16111,2016-02-23 08:31:40.000000 UTC,39370,2.42393,2.99831
28255,29093,2016-02-18 09:15:00.000000 UTC,35050,2.42409,2.67137
39261,28255,2016-02-14 17:15:00.000000 UTC,18970,2.42702,3.65659
28255,29093,2016-02-22 07:40:00.000000 UTC,38950,2.42707,4.91167
28255,16111,2016-02-20 21:40:00.000000 UTC,18910,2.42842,2.81116
39261,28255,2016-02-13 21:01:40.000000 UTC,28930,2.43,2.82906
28255,29093,2016-02-19 06:46:40.000000 UTC,36550,2.43145,4.16139
39261,28255,2016-02-16 11:50:00.000000 UTC,29170,2.43196,3.4067
16111,28255,2016-02-07 19:46:40.000000 UTC,29950,2.43382,6.1923
16111,28255,2016-02-07 12:00:00.000000 UTC,28330,2.43398,2.7292
28255,29093,2016-02-21 22:30:00.000000 UTC,32170,2.43456,3.1058
39261,28255,2016-02-13 21:01:40.000000 UTC,13990,2.43526,2.68619
29093,28255,2016-02-05 00:50:00.000000 UTC,32470,2.43569,2.78291
28255,29093,2016-02-19 09:15:00.000000 UTC,24610,2.43633,2.80588
28255,16111,2016-02-19 09:15:00.000000 UTC,27130,2.44022,3.03203
28255,29093,2016-02-23 05:55:00.000000 UTC,20170,2.4404,2.669
28255,29093,2016-02-18 05:05:00.000000 UTC,18910,2.44052,2.63093
28255,16111,2016-02-19 23:16:40.000000 UTC,40750,2.44169,3.10789
28255,16111,2016-02-18 10:55:00.000000 UTC,9730,2.44217,2.79075
29093,28255,2016-02-03 01:10:00.000000 UTC,28390,2.44251,2.77289
39261,29093,2016-02-13 07:35:00.000000 UTC,2590,2.44309,2.43326
39261,28255,2016-02-14 15:31:40.000000 UTC,25090,2.44486,2.871
28255,29093,2016-02-21 07:31:40.000000 UTC,37870,2.44559,2.75784
39261,28255,2016-02-16 05:00:00.000000 UTC,5590,2.4492,3.02425
39261,28255,2016-02-14 15:31:40.000000 UTC,22090,2.44935,3.26037
28255,39261,2016-02-21 15:55:00.000000 UTC,27010,2.44977,2.74412
28255,29093,2016-02-23 19:15:00.000000 UTC,31630,2.4509,2.75055
39261,28255,2016-02-14 13:50:00.000000 UTC,34150,2.45212,2.74135
28255,29093,2016-02-20 12:30:00.000000 UTC,19150,2.45253,2.77377
28255,29093,2016-02-18 15:00:00.000000 UTC,28270,2.45332,2.94204
28255,16111,2016-02-19 06:46:40.000000 UTC,27670,2.45977,2.80409
28255,16111,2016-02-21 22:30:00.000000 UTC,27370,2.4605,3.47124
28255,39261,2016-02-21 15:55:00.000000 UTC,24010,2.46077,2.79374
28255,39261,2016-02-21 22:30:00.000000 UTC,36430,2.46131,3.56703
28255,39261,2016-02-21 15:55:00.000000 UTC,17950,2.46315,2.63385
28255,29093,2016-02-21 11:40:00.000000 UTC,37090,2.46391,2.83986
28255,39261,2016-02-21 11:40:00.000000 UTC,35890,2.46532,2.63317
29093,28255,2016-02-01 21:40:00.000000 UTC,31510,2.46619,3.15739
39261,28255,2016-02-13 07:35:00.000000 UTC,20530,2.46921,2.66638
28255,29093,2016-02-21 03:30:00.000000 UTC,10570,2.47005,2.82327
29093,28255,2016-02-01 00:46:40.000000 UTC,27010,2.47054,2.64709
28255,29093,2016-02-19 21:45:00.000000 UTC,33490,2.47168,3.01946
28255,39261,2016-02-21 07:31:40.000000 UTC,35710,2.47201,2.62258
39261,28255,2016-02-14 12:10:00.000000 UTC,34210,2.47318,2.80704
28255,39261,2016-02-23 19:15:00.000000 UTC,38230,2.47373,2.55268
29093,28255,2016-02-01 00:46:40.000000 UTC,24010,2.47452,3.49274
16111,28255,2016-02-09 18:30:00.000000 UTC,26230,2.47457,2.90325
28255,39261,2016-02-20 21:40:00.000000 UTC,11110,2.47484,2.48674
28255,39261,2016-02-21 07:31:40.000000 UTC,32710,2.47601,2.80058
28255,16111,2016-02-22 10:01:40.000000 UTC,22030,2.47745,3.41032
29093,28255,2016-02-03 19:05:00.000000 UTC,32050,2.47769,3.66247
28255,16111,2016-02-19 23:16:40.000000 UTC,32530,2.47855,4.76502
39261,28255,2016-02-14 15:31:40.000000 UTC,31030,2.47864,3.15887
28255,29093,2016-02-18 15:00:00.000000 UTC,28390,2.48204,4.06875
29093,28255,2016-02-01 00:35:00.000000 UTC,27010,2.48227,3.19173
28255,39261,2016-02-21 11:40:00.000000 UTC,32890,2.48361,2.81752
28255,39261,2016-02-21 03:30:00.000000 UTC,29530,2.48433,2.77508
39261,28255,2016-02-14 17:15:00.000000 UTC,27910,2.48439,3.98387
39261,28255,2016-02-16 09:31:40.000000 UTC,5290,2.48698,4.10921
28255,29093,2016-02-22 07:40:00.000000 UTC,16210,2.48818,2.75575
29093,28255,2016-02-05 03:10:00.000000 UTC,32950,2.4917,3.20768
28255,16111,2016-02-23 05:55:00.000000 UTC,34270,2.49238,2.75855
29093,28255,2016-02-01 00:00:00.000000 UTC,29770,2.49389,3.4821
28255,16111,2016-02-18 10:55:00.000000 UTC,32350,2.49416,6.42421
39261,28255,2016-02-14 15:31:40.000000 UTC,28090,2.49463,2.86849
29093,28255,2016-02-05 22:50:00.000000 UTC,31030,2.49681,3.30362
16111,28255,2016-02-07 19:46:40.000000 UTC,24130,2.49743,3.47083
28255,39261,2016-02-22 10:01:40.000000 UTC,30790,2.49849,2.59484
28255,29093,2016-02-23 19:15:00.000000 UTC,37270,2.50039,2.8287
28255,39261,2016-02-21 07:31:40.000000 UTC,23650,2.50137,2.76848
28255,39261,2016-02-21 11:40:00.000000 UTC,23830,2.50209,2.77821
16111,28255,2016-02-10 11:30:00.000000 UTC,21430,2.50356,3.17863
39261,28255,2016-02-15 10:00:00.000000 UTC,9310,2.50362,3.88725
29093,28255,2016-02-05 10:20:00.000000 UTC,34330,2.50553,3.63842
39261,28255,2016-02-14 13:50:00.000000 UTC,13270,2.50731,2.59142
39261,29093,2016-02-14 12:10:00.000000 UTC,21190,2.50828,8.08724
29093,16111,2016-02-04 18:00:00.000000 UTC,3310,2.50936,2.97173
39261,28255,2016-02-12 13:10:00.000000 UTC,33190,2.50968,3.03922
28255,16111,2016-02-18 05:05:00.000000 UTC,11050,2.50991,3.04019
29093,28255,2016-02-01 00:00:00.000000 UTC,32770,2.50992,2.93749
28255,39261,2016-02-22 07:40:00.000000 UTC,30730,2.51036,2.77694
16111,39261,2016-02-08 22:01:40.000000 UTC,32770,2.5104,3.56486
39261,28255,2016-02-15 04:10:00.000000 UTC,6610,2.51208,3.10105
16111,29093,2016-02-07 17:25:00.000000 UTC,6970,2.51268,2.9826
28255,16111,2016-02-18 15:00:00.000000 UTC,19990,2.5134,2.91879
39261,28255,2016-02-14 12:10:00.000000 UTC,13330,2.5136,2.64555
29093,28255,2016-02-01 00:01:40.000000 UTC,20830,2.51488,2.70307
28255,16111,2016-02-18 05:05:00.000000 UTC,39010,2.51574,3.01431
39261,28255,2016-02-12 13:55:00.000000 UTC,33070,2.51673,4.0107
39261,28255,2016-02-15 10:00:00.000000 UTC,27250,2.51782,3.20056
28255,29093,2016-02-19 06:46:40.000000 UTC,25150,2.5225,2.93988
28255,16111,2016-02-18 19:10:00.000000 UTC,35830,2.52255,2.65838
39261,28255,2016-02-13 21:01:40.000000 UTC,7930,2.52394,3.81213
39261,28255,2016-02-14 01:16:40.000000 UTC,19750,2.52578,2.72333
29093,28255,2016-02-02 01:05:00.000000 UTC,26050,2.52621,3.29694
28255,29093,2016-02-18 15:46:40.000000 UTC,28270,2.5295,4.32296
16111,28255,2016-02-07 01:50:00.000000 UTC,19990,2.53064,2.79281
28255,39261,2016-02-18 05:05:00.000000 UTC,38650,2.53302,3.40018
28255,39261,2016-02-18 10:55:00.000000 UTC,20710,2.53348,2.55121
28255,16111,2016-02-21 22:30:00.000000 UTC,18910,2.53493,2.6787
16111,28255,2016-02-09 20:31:40.000000 UTC,8890,2.53581,3.2691
28255,39261,2016-02-23 08:31:40.000000 UTC,37810,2.53777,2.59985
28255,29093,2016-02-19 00:01:40.000000 UTC,37810,2.5397,3.44356
39261,28255,2016-02-15 22:25:00.000000 UTC,32710,2.54122,3.49861
28255,16111,2016-02-18 15:46:40.000000 UTC,30970,2.54222,2.66699
28255,16111,2016-02-19 06:46:40.000000 UTC,22090,2.54245,2.91623
28255,39261,2016-02-20 21:40:00.000000 UTC,11170,2.54311,2.94378
28255,29093,2016-02-22 10:01:40.000000 UTC,38230,2.54502,2.86337
28255,16111,2016-02-23 05:55:00.000000 UTC,28750,2.54618,3.30122
28255,16111,2016-02-21 07:31:40.000000 UTC,28030,2.54741,4.10077
28255,29093,2016-02-18 20:05:00.000000 UTC,4750,2.54952,2.70436
39261,16111,2016-02-17 23:01:40.000000 UTC,32830,2.55044,9.58717
28255,39261,2016-02-21 03:30:00.000000 UTC,17470,2.55173,2.92755
28255,29093,2016-02-19 00:01:40.000000 UTC,26470,2.55256,2.8349
29093,39261,2016-02-03 01:10:00.000000 UTC,15610,2.55294,4.71697
39261,28255,2016-02-14 02:45:00.000000 UTC,31510,2.55388,3.96211
28255,39261,2016-02-18 19:10:00.000000 UTC,39250,2.55466,3.32725
16111,28255,2016-02-11 03:50:00.000000 UTC,31210,2.55531,4.22754
39261,28255,2016-02-14 17:15:00.000000 UTC,7090,2.55695,2.99665
28255,29093,2016-02-18 15:00:00.000000 UTC,39670,2.55773,4.34519
16111,28255,2016-02-11 01:25:00.000000 UTC,33790,2.55989,2.76734
28255,39261,2016-02-18 15:00:00.000000 UTC,39070,2.56116,3.41397
28255,29093,2016-02-21 22:30:00.000000 UTC,32350,2.56122,5.39578
28255,39261,2016-02-18 10:55:00.000000 UTC,38890,2.56128,3.11612
28255,39261,2016-02-18 18:16:40.000000 UTC,39190,2.56372,3.17281
39261,28255,2016-02-15 04:10:00.000000 UTC,12550,2.56515,3.48587
28255,39261,2016-02-18 15:00:00.000000 UTC,20950,2.56671,3.2575
29093,28255,2016-02-01 00:01:40.000000 UTC,32770,2.56805,2.69011
28255,16111,2016-02-18 05:05:00.000000 UTC,5410,2.56837,2.76019
39261,28255,2016-02-14 02:45:00.000000 UTC,22630,2.57143,3.38258
28255,29093,2016-02-18 18:16:40.000000 UTC,27610,2.57655,2.96941
28255,29093,2016-02-21 07:31:40.000000 UTC,32530,2.57764,6.6833
28255,16111,2016-02-18 06:40:00.000000 UTC,10630,2.57873,2.7366
29093,28255,2016-02-03 23:00:00.000000 UTC,33010,2.58362,2.97359
28255,39261,2016-02-19 06:46:40.000000 UTC,39730,2.58367,3.12696
28255,39261,2016-02-23 19:15:00.000000 UTC,38350,2.58456,3.76227
28255,29093,2016-02-18 19:10:00.000000 UTC,38770,2.58473,3.25298
28255,16111,2016-02-21 11:40:00.000000 UTC,21550,2.58661,4.55303
28255,39261,2016-02-23 05:55:00.000000 UTC,19570,2.58793,2.78578
28255,29093,2016-02-18 15:00:00.000000 UTC,14230,2.58888,3.07964
29093,16111,2016-02-01 03:46:40.000000 UTC,19510,2.58913,2.4655
39261,28255,2016-02-15 10:00:00.000000 UTC,30250,2.5915,2.95095
28255,29093,2016-02-18 05:05:00.000000 UTC,27430,2.59166,3.39472
28255,16111,2016-02-19 15:55:00.000000 UTC,31270,2.59265,3.14412
28255,29093,2016-02-18 08:16:40.000000 UTC,23950,2.59336,2.90218
39261,28255,2016-02-14 15:31:40.000000 UTC,19150,2.59387,2.62632
28255,16111,2016-02-18 10:55:00.000000 UTC,48970,2.59838,3.7453
28255,29093,2016-02-21 03:30:00.000000 UTC,16390,2.59914,4.63511
29093,28255,2016-02-02 04:45:00.000000 UTC,30010,2.59947,3.26714
29093,28255,2016-02-02 17:15:00.000000 UTC,32710,2.60062,2.92052
29093,28255,2016-02-01 00:35:00.000000 UTC,36010,2.60321,3.44677
28255,29093,2016-02-21 11:40:00.000000 UTC,20230,2.605,3.12006
39261,28255,2016-02-15 04:10:00.000000 UTC,21490,2.6064,3.52796
39261,28255,2016-02-12 12:15:00.000000 UTC,33250,2.60726,2.79803
28255,16111,2016-02-19 06:46:40.000000 UTC,2530,2.60807,2.70703
39261,28255,2016-02-16 05:00:00.000000 UTC,29290,2.6097,6.71065
16111,28255,2016-02-10 13:45:00.000000 UTC,34030,2.61163,2.79559
28255,16111,2016-02-18 14:15:00.000000 UTC,14590,2.61188,2.78663
28255,16111,2016-02-22 10:01:40.000000 UTC,33190,2.61192,3.15318
28255,39261,2016-02-23 08:31:40.000000 UTC,19690,2.61232,2.65058
28255,16111,2016-02-21 07:31:40.000000 UTC,33490,2.61258,2.83924
29093,39261,2016-02-06 17:30:00.000000 UTC,26110,2.61269,4.86221
28255,29093,2016-02-21 07:31:40.000000 UTC,21010,2.61544,2.95469
29093,28255,2016-02-06 12:01:40.000000 UTC,33970,2.61697,2.9047
39261,28255,2016-02-15 18:10:00.000000 UTC,20950,2.62099,3.61266
28255,39261,2016-02-19 21:45:00.000000 UTC,34330,2.62104,2.74655
28255,29093,2016-02-23 05:55:00.000000 UTC,40090,2.62114,4.83549
28255,29093,2016-02-21 22:30:00.000000 UTC,29350,2.62183,3.27069
28255,16111,2016-02-18 19:10:00.000000 UTC,24670,2.62414,2.90174
28255,16111,2016-02-18 18:16:40.000000 UTC,30430,2.62535,2.85919
28255,39261,2016-02-21 07:31:40.000000 UTC,29770,2.62636,3.74413
28255,29093,2016-02-23 19:15:00.000000 UTC,42910,2.62667,3.06257
39261,28255,2016-02-12 11:35:00.000000 UTC,33250,2.62716,2.84168
16111,28255,2016-02-11 13:46:40.000000 UTC,33790,2.62813,2.85054
39261,28255,2016-02-14 15:31:40.000000 UTC,33970,2.62821,3.91028
39261,28255,2016-02-15 10:00:00.000000 UTC,18250,2.63072,3.96018
28255,16111,2016-02-18 08:16:40.000000 UTC,27130,2.63141,3.2803
28255,39261,2016-02-18 16:35:00.000000 UTC,39130,2.63468,3.25437
28255,29093,2016-02-22 07:40:00.000000 UTC,27550,2.63471,3.19523
28255,39261,2016-02-21 07:31:40.000000 UTC,17710,2.63527,3.9694
29093,28255,2016-02-01 00:46:40.000000 UTC,18070,2.63908,3.17275
29093,28255,2016-02-01 02:55:00.000000 UTC,6610,2.64057,3.41601
28255,39261,2016-02-22 07:40:00.000000 UTC,18670,2.64194,2.94537
28255,29093,2016-02-18 16:35:00.000000 UTC,22270,2.64396,2.73163
29093,28255,2016-02-03 02:50:00.000000 UTC,22630,2.64599,3.54953
16111,28255,2016-02-10 09:16:40.000000 UTC,26710,2.64657,4.8419
28255,16111,2016-02-18 09:15:00.000000 UTC,21430,2.64663,4.04343
28255,29093,2016-02-18 16:35:00.000000 UTC,39250,2.64744,3.37565
28255,16111,2016-02-18 09:15:00.000000 UTC,35410,2.64758,4.94111
28255,16111,2016-02-18 17:25:00.000000 UTC,36250,2.64863,3.04042
39261,28255,2016-02-12 13:55:00.000000 UTC,33190,2.65208,2.69974
28255,29093,2016-02-19 21:45:00.000000 UTC,27850,2.65217,2.98906
28255,16111,2016-02-20 00:50:00.000000 UTC,34810,2.65264,3.02713
28255,29093,2016-02-18 06:01:40.000000 UTC,35830,2.65351,3.28616
29093,28255,2016-02-05 07:55:00.000000 UTC,33970,2.65381,2.9894
28255,29093,2016-02-18 16:35:00.000000 UTC,16630,2.65452,2.713
28255,39261,2016-02-20 12:30:00.000000 UTC,40990,2.65498,3.22646
28255,39261,2016-02-21 15:55:00.000000 UTC,11950,2.65534,2.95183
28255,39261,2016-02-19 06:46:40.000000 UTC,15610,2.65729,3.40842
29093,28255,2016-02-02 14:16:40.000000 UTC,14110,2.65841,3.04019
28255,39261,2016-02-21 11:40:00.000000 UTC,17890,2.65977,3.95098
28255,39261,2016-02-19 09:15:00.000000 UTC,9610,2.66041,2.93542
28255,16111,2016-02-18 08:16:40.000000 UTC,21550,2.66246,3.41832
28255,29093,2016-02-18 14:15:00.000000 UTC,22930,2.66247,3.76028
16111,28255,2016-02-10 13:45:00.000000 UTC,10090,2.66621,3.21262
39261,29093,2016-02-15 04:10:00.000000 UTC,14590,2.66707,2.46488
29093,28255,2016-02-01 02:55:00.000000 UTC,27430,2.66777,4.06135
28255,16111,2016-02-18 06:40:00.000000 UTC,38650,2.66923,3.1301
28255,16111,2016-02-18 06:40:00.000000 UTC,38770,2.66955,4.44235
28255,29093,2016-02-18 08:16:40.000000 UTC,46690,2.67067,5.68248
28255,39261,2016-02-20 00:50:00.000000 UTC,34570,2.6733,4.99661
29093,39261,2016-02-01 02:55:00.000000 UTC,15850,2.67342,3.87641
28255,29093,2016-02-18 09:15:00.000000 UTC,40750,2.67566,3.25212
29093,16111,2016-02-03 02:50:00.000000 UTC,35110,2.67737,2.7822
28255,39261,2016-02-22 07:40:00.000000 UTC,36850,2.67828,3.68855
28255,39261,2016-02-18 06:40:00.000000 UTC,38710,2.67849,3.30625
39261,28255,2016-02-14 02:45:00.000000 UTC,28630,2.67871,3.00964
39261,28255,2016-02-14 15:31:40.000000 UTC,13090,2.67994,3.75841
28255,29093,2016-02-21 11:40:00.000000 UTC,14530,2.68027,2.78489
28255,16111,2016-02-18 06:40:00.000000 UTC,2230,2.68242,2.68238
28255,29093,2016-02-23 05:55:00.000000 UTC,39970,2.68329,3.4296
28255,39261,2016-02-22 07:40:00.000000 UTC,12610,2.68379,2.79584
16111,39261,2016-02-08 22:01:40.000000 UTC,20710,2.68428,3.12246
28255,39261,2016-02-18 08:16:40.000000 UTC,38770,2.68438,3.08204
29093,28255,2016-02-03 19:05:00.000000 UTC,14230,2.68609,3.0968
39261,28255,2016-02-14 01:16:40.000000 UTC,28630,2.68771,3.67419
39261,28255,2016-02-12 13:10:00.000000 UTC,33070,2.68949,4.83316
16111,28255,2016-02-06 22:46:40.000000 UTC,7270,2.69581,3.14328
16111,28255,2016-02-10 11:30:00.000000 UTC,27310,2.69654,4.26016
28255,29093,2016-02-20 00:50:00.000000 UTC,10270,2.69734,2.94864
39261,28255,2016-02-15 14:01:40.000000 UTC,42010,2.69792,3.98214
16111,28255,2016-02-06 17:30:00.000000 UTC,32650,2.69803,3.66987
28255,29093,2016-02-23 08:31:40.000000 UTC,33850,2.69862,3.08061
28255,29093,2016-02-18 09:15:00.000000 UTC,35290,2.70061,5.6138
16111,28255,2016-02-11 21:31:40.000000 UTC,35530,2.70063,3.72364
28255,29093,2016-02-18 05:05:00.000000 UTC,41530,2.70117,3.14327
16111,39261,2016-02-08 22:01:40.000000 UTC,8650,2.70271,2.85201
28255,39261,2016-02-20 12:30:00.000000 UTC,28990,2.71786,4.18096
28255,39261,2016-02-21 07:31:40.000000 UTC,41770,2.71825,2.97468
39261,28255,2016-02-15 04:10:00.000000 UTC,30430,2.71856,3.79183
28255,29093,2016-02-20 21:40:00.000000 UTC,17350,2.72076,2.89298
28255,16111,2016-02-23 19:15:00.000000 UTC,20230,2.72083,3.60233
16111,28255,2016-02-07 07:16:40.000000 UTC,15190,2.72221,3.66818
28255,16111,2016-02-23 05:55:00.000000 UTC,34390,2.72246,3.73237
28255,29093,2016-02-18 05:05:00.000000 UTC,30250,2.72248,2.91536
39261,28255,2016-02-13 03:31:40.000000 UTC,32470,2.72373,4.36042
29093,28255,2016-02-03 15:16:40.000000 UTC,13390,2.72401,3.38604
16111,28255,2016-02-07 23:31:40.000000 UTC,30970,2.72468,4.10862
28255,39261,2016-02-19 15:55:00.000000 UTC,15970,2.72652,3.06477
39261,28255,2016-02-15 22:25:00.000000 UTC,35770,2.72668,2.95575
28255,29093,2016-02-21 01:31:40.000000 UTC,22510,2.7277,6.37502
29093,39261,2016-02-03 09:46:40.000000 UTC,5650,2.73256,7.38496
39261,28255,2016-02-14 15:31:40.000000 UTC,4150,2.73326,4.40915
28255,39261,2016-02-22 07:40:00.000000 UTC,6550,2.73654,2.73488
28255,16111,2016-02-23 05:55:00.000000 UTC,39910,2.73951,3.21153
16111,28255,2016-02-10 23:01:40.000000 UTC,36130,2.74049,3.81168
28255,29093,2016-02-19 06:46:40.000000 UTC,13870,2.74052,3.02511
16111,28255,2016-02-06 18:45:00.000000 UTC,24130,2.74211,3.74923
28255,16111,2016-02-18 07:25:00.000000 UTC,16150,2.74434,3.31105
28255,16111,2016-02-18 17:25:00.000000 UTC,30610,2.74464,2.7274
28255,16111,2016-02-18 04:55:00.000000 UTC,11110,2.7447,3.33799
29093,28255,2016-02-01 00:46:40.000000 UTC,20950,2.74536,3.87436
28255,39261,2016-02-18 09:15:00.000000 UTC,14710,2.74606,3.65826
28255,16111,2016-02-18 05:05:00.000000 UTC,16750,2.74772,4.10195
28255,39261,2016-02-20 10:45:00.000000 UTC,22810,2.74796,2.92387
28255,16111,2016-02-19 00:01:40.000000 UTC,12370,2.74806,2.98405
28255,16111,2016-02-18 17:25:00.000000 UTC,41830,2.74849,3.12099
29093,28255,2016-02-06 06:40:00.000000 UTC,14590,2.74915,7.20202
39261,28255,2016-02-14 12:10:00.000000 UTC,7270,2.74967,3.83718
28255,39261,2016-02-18 06:40:00.000000 UTC,14590,2.74978,3.69606
39261,28255,2016-02-15 04:10:00.000000 UTC,15490,2.75059,4.25321
28255,16111,2016-02-18 08:16:40.000000 UTC,38290,2.75351,3.14495
39261,28255,2016-02-13 21:01:40.000000 UTC,13870,2.75388,4.05331
28255,39261,2016-02-21 11:40:00.000000 UTC,8710,2.7594,2.62435
29093,28255,2016-02-04 22:31:40.000000 UTC,14050,2.76056,3.30919
39261,28255,2016-02-12 22:16:40.000000 UTC,32830,2.76143,2.70246
28255,39261,2016-02-19 23:16:40.000000 UTC,34450,2.76261,3.91231
28255,16111,2016-02-23 19:15:00.000000 UTC,14650,2.76441,3.77336
28255,16111,2016-02-20 21:40:00.000000 UTC,46990,2.76509,3.89336
28255,39261,2016-02-21 22:30:00.000000 UTC,42430,2.768,3.2688
29093,39261,2016-02-03 01:10:00.000000 UTC,9550,2.77065,5.54784
28255,16111,2016-02-21 07:31:40.000000 UTC,16750,2.77234,3.17769
28255,29093,2016-02-23 08:31:40.000000 UTC,22690,2.77434,4.22135
28255,29093,2016-02-23 03:20:00.000000 UTC,23590,2.77555,3.08023
39261,28255,2016-02-15 04:10:00.000000 UTC,27490,2.7767,3.01206
39261,28255,2016-02-17 04:45:00.000000 UTC,16510,2.78067,3.00299
28255,29093,2016-02-20 00:50:00.000000 UTC,32950,2.78098,4.40362
28255,16111,2016-02-19 09:15:00.000000 UTC,43870,2.78121,3.02695
28255,39261,2016-02-20 00:50:00.000000 UTC,16330,2.78296,2.8037
28255,39261,2016-02-18 20:05:00.000000 UTC,39310,2.78626,3.31719
28255,16111,2016-02-19 09:15:00.000000 UTC,10390,2.78839,3.43061
28255,39261,2016-02-18 09:15:00.000000 UTC,38830,2.79227,3.2803
28255,29093,2016-02-19 00:01:40.000000 UTC,15310,2.79249,3.76378
39261,28255,2016-02-16 14:10:00.000000 UTC,5110,2.79256,4.11102
28255,39261,2016-02-23 05:55:00.000000 UTC,43750,2.79279,3.15506
16111,28255,2016-02-06 20:25:00.000000 UTC,36490,2.79426,3.65472
28255,39261,2016-02-21 22:30:00.000000 UTC,6190,2.79497,3.05566
28255,39261,2016-02-23 08:31:40.000000 UTC,34810,2.79589,3.68925
28255,39261,2016-02-19 21:45:00.000000 UTC,40390,2.79822,3.08689
28255,16111,2016-02-23 19:15:00.000000 UTC,37090,2.79831,4.74883
28255,29093,2016-02-18 10:55:00.000000 UTC,17830,2.79912,2.80053
28255,16111,2016-02-21 22:30:00.000000 UTC,41350,2.80022,3.10383
29093,28255,2016-02-01 14:40:00.000000 UTC,33070,2.80117,2.92413
28255,29093,2016-02-19 09:15:00.000000 UTC,24730,2.80142,3.69216
39261,28255,2016-02-13 10:55:00.000000 UTC,8410,2.80418,3.33558
28255,29093,2016-02-21 03:30:00.000000 UTC,38950,2.80529,5.21347
28255,39261,2016-02-22 07:40:00.000000 UTC,42850,2.8068,3.36524
16111,28255,2016-02-07 23:31:40.000000 UTC,13150,2.80766,3.35947
28255,39261,2016-02-18 07:25:00.000000 UTC,38770,2.80802,3.46108
28255,29093,2016-02-21 22:30:00.000000 UTC,17950,2.80985,2.54433
39261,28255,2016-02-17 07:16:40.000000 UTC,10330,2.81057,4.75904
28255,16111,2016-02-18 15:00:00.000000 UTC,42370,2.81089,3.10606
28255,29093,2016-02-21 07:31:40.000000 UTC,49270,2.81468,4.13698
28255,29093,2016-02-18 15:46:40.000000 UTC,5530,2.81636,2.63777
28255,29093,2016-02-22 07:40:00.000000 UTC,10750,2.81667,4.3116
28255,39261,2016-02-21 22:30:00.000000 UTC,27310,2.82028,3.14292
39261,28255,2016-02-15 14:01:40.000000 UTC,36130,2.82104,2.91384
28255,29093,2016-02-23 08:31:40.000000 UTC,28210,2.82105,3.05235
28255,39261,2016-02-19 23:16:40.000000 UTC,46390,2.82208,2.78557
28255,16111,2016-02-19 11:50:00.000000 UTC,32290,2.82277,3.80871
28255,16111,2016-02-18 14:15:00.000000 UTC,14830,2.82418,6.35017
28255,39261,2016-02-18 09:15:00.000000 UTC,44830,2.82835,3.07165
28255,39261,2016-02-18 15:46:40.000000 UTC,45070,2.82948,2.84513
29093,16111,2016-02-05 22:50:00.000000 UTC,38950,2.82966,2.8904
28255,29093,2016-02-20 12:30:00.000000 UTC,41770,2.83384,3.35291
29093,28255,2016-02-05 00:50:00.000000 UTC,32350,2.83425,3.73971
39261,28255,2016-02-15 08:01:40.000000 UTC,15370,2.83729,3.63458
29093,28255,2016-02-01 00:05:00.000000 UTC,26710,2.84291,3.41219
29093,28255,2016-02-04 11:25:00.000000 UTC,20590,2.84371,3.13051
29093,28255,2016-02-01 01:15:00.000000 UTC,9190,2.84667,3.48578
39261,28255,2016-02-12 11:25:00.000000 UTC,39190,2.84718,3.67361
16111,28255,2016-02-08 22:01:40.000000 UTC,30370,2.84767,3.94791
28255,29093,2016-02-19 23:16:40.000000 UTC,44350,2.85075,3.04598
39261,28255,2016-02-17 20:20:00.000000 UTC,21670,2.85199,6.05132
39261,28255,2016-02-12 23:05:00.000000 UTC,32710,2.85226,3.43556
28255,16111,2016-02-18 05:45:00.000000 UTC,38890,2.85257,3.31803
28255,16111,2016-02-18 05:45:00.000000 UTC,2530,2.85272,2.85654
39261,28255,2016-02-14 01:16:40.000000 UTC,37570,2.85309,3.84949
28255,39261,2016-02-19 06:46:40.000000 UTC,45730,2.85491,2.98052
28255,29093,2016-02-18 15:46:40.000000 UTC,22630,2.85857,4.25201
16111,28255,2016-02-09 05:05:00.000000 UTC,23050,2.85965,4.91476
28255,39261,2016-02-20 21:40:00.000000 UTC,47350,2.86004,2.90771
28255,29093,2016-02-18 09:15:00.000000 UTC,23830,2.86019,3.02811
28255,29093,2016-02-18 11:31:40.000000 UTC,26350,2.86224,5.0233
28255,39261,2016-02-21 22:30:00.000000 UTC,12190,2.86304,2.7016
28255,39261,2016-02-19 00:01:40.000000 UTC,9250,2.86451,3.21546
29093,28255,2016-02-03 08:00:00.000000 UTC,8770,2.86804,3.83008
28255,39261,2016-02-18 05:45:00.000000 UTC,38710,2.87091,3.58646
16111,28255,2016-02-06 17:35:00.000000 UTC,8710,2.87213,4.65016
28255,29093,2016-02-18 08:16:40.000000 UTC,24010,2.87281,3.35857
28255,16111,2016-02-18 05:05:00.000000 UTC,2710,2.87331,3.1522
39261,28255,2016-02-14 13:50:00.000000 UTC,13150,2.87443,4.05926
29093,28255,2016-02-01 14:40:00.000000 UTC,21130,2.87541,2.86237
16111,28255,2016-02-09 20:31:40.000000 UTC,17890,2.87547,3.39417
28255,29093,2016-02-19 06:46:40.000000 UTC,42070,2.87937,3.18822
28255,29093,2016-02-18 10:55:00.000000 UTC,23590,2.88066,3.82617
29093,28255,2016-02-04 11:25:00.000000 UTC,14530,2.88137,4.21844
28255,29093,2016-02-18 10:55:00.000000 UTC,34870,2.88797,3.92981
28255,39261,2016-02-19 01:05:00.000000 UTC,15370,2.88912,3.01055
39261,28255,2016-02-17 02:15:00.000000 UTC,10630,2.8896,3.05871
28255,16111,2016-02-20 14:16:40.000000 UTC,37570,2.89087,4.63932
28255,39261,2016-02-21 22:30:00.000000 UTC,18250,2.89124,2.85801
28255,29093,2016-02-22 10:01:40.000000 UTC,43870,2.89324,3.11995
28255,16111,2016-02-23 03:20:00.000000 UTC,20950,2.89501,3.73031
39261,29093,2016-02-17 04:45:00.000000 UTC,8590,2.89574,2.45045
28255,39261,2016-02-18 04:55:00.000000 UTC,38650,2.89672,3.1432
28255,16111,2016-02-19 03:16:40.000000 UTC,39670,2.89749,3.40411
28255,29093,2016-02-18 09:15:00.000000 UTC,12610,2.90101,3.51914
28255,16111,2016-02-18 05:45:00.000000 UTC,10930,2.9044,3.31456
16111,28255,2016-02-07 06:25:00.000000 UTC,26890,2.90474,4.01345
28255,29093,2016-02-20 10:45:00.000000 UTC,25210,2.9056,3.02569
28255,16111,2016-02-18 05:45:00.000000 UTC,16510,2.90718,3.17836
28255,39261,2016-02-19 00:01:40.000000 UTC,45430,2.91379,2.88917
39261,28255,2016-02-13 02:35:00.000000 UTC,8770,2.91431,3.30964
28255,29093,2016-02-18 18:16:40.000000 UTC,44470,2.91454,3.03897
39261,28255,2016-02-15 08:01:40.000000 UTC,6430,2.91714,3.44748
39261,28255,2016-02-15 08:01:40.000000 UTC,30310,2.91738,3.2418
28255,39261,2016-02-20 14:16:40.000000 UTC,4810,2.91844,2.7511
28255,16111,2016-02-23 03:20:00.000000 UTC,40510,2.92101,3.29634
39261,28255,2016-02-14 08:55:00.000000 UTC,19330,2.92281,3.12686
28255,39261,2016-02-21 15:55:00.000000 UTC,48130,2.92436,2.93
28255,39261,2016-02-20 10:45:00.000000 UTC,40930,2.92487,3.15685
39261,28255,2016-02-15 10:00:00.000000 UTC,36190,2.9249,3.47692
28255,16111,2016-02-22 12:25:00.000000 UTC,27190,2.92601,4.47705
28255,29093,2016-02-18 08:16:40.000000 UTC,32470,2.92725,3.18327
29093,39261,2016-02-01 14:40:00.000000 UTC,27790,2.92756,6.9648
28255,29093,2016-02-23 05:55:00.000000 UTC,20350,2.92765,4.11594
29093,16111,2016-02-04 09:16:40.000000 UTC,39910,2.93137,3.04451
39261,28255,2016-02-17 02:15:00.000000 UTC,34450,2.93187,3.8449
28255,29093,2016-02-21 22:30:00.000000 UTC,6670,2.9381,2.79044
29093,28255,2016-02-03 09:46:40.000000 UTC,36070,2.9385,3.47617
28255,39261,2016-02-18 16:35:00.000000 UTC,36070,2.93974,4.19773
28255,29093,2016-02-18 15:00:00.000000 UTC,45130,2.94067,3.03301
29093,28255,2016-02-01 02:55:00.000000 UTC,33370,2.94323,4.4349
28255,39261,2016-02-21 07:31:40.000000 UTC,47770,2.94594,2.90013
28255,29093,2016-02-18 14:15:00.000000 UTC,5890,2.94685,2.76575
39261,28255,2016-02-16 02:46:40.000000 UTC,35470,2.94735,3.48208
29093,39261,2016-02-01 08:20:00.000000 UTC,32230,2.94742,4.90364
39261,28255,2016-02-12 20:45:00.000000 UTC,35890,2.94987,3.18701
28255,39261,2016-02-21 03:30:00.000000 UTC,11530,2.95533,4.17891
29093,16111,2016-02-03 01:10:00.000000 UTC,40750,2.95645,2.93805
16111,28255,2016-02-10 20:40:00.000000 UTC,35590,2.95859,3.52984
39261,28255,2016-02-17 04:45:00.000000 UTC,4450,2.95952,6.12649
39261,28255,2016-02-15 18:10:00.000000 UTC,29830,2.96082,4.56057
28255,29093,2016-02-18 07:25:00.000000 UTC,35470,2.96111,3.11889
28255,16111,2016-02-23 19:15:00.000000 UTC,28630,2.96377,4.67339
16111,28255,2016-02-07 06:25:00.000000 UTC,38830,2.96591,4.30729
28255,39261,2016-02-19 15:55:00.000000 UTC,9970,2.96687,3.5325
39261,28255,2016-02-13 21:01:40.000000 UTC,37870,2.9674,2.81546
28255,16111,2016-02-18 15:46:40.000000 UTC,42190,2.96787,3.07189
28255,29093,2016-02-18 14:15:00.000000 UTC,3130,2.97082,3.80404
29093,39261,2016-02-01 00:35:00.000000 UTC,15250,2.97125,4.96849
39261,28255,2016-02-14 12:10:00.000000 UTC,4330,2.97157,4.15374
28255,16111,2016-02-18 16:35:00.000000 UTC,42010,2.97574,3.17261
28255,39261,2016-02-18 08:16:40.000000 UTC,44770,2.97737,2.89373
29093,16111,2016-02-03 09:46:40.000000 UTC,40510,2.98045,3.16955
28255,29093,2016-02-19 06:46:40.000000 UTC,47770,2.98096,3.93328
29093,28255,2016-02-06 17:30:00.000000 UTC,34990,2.98679,3.60296
28255,39261,2016-02-19 21:45:00.000000 UTC,22270,2.99281,2.91109
28255,39261,2016-02-18 11:31:40.000000 UTC,38950,2.99282,3.34388
39261,28255,2016-02-14 17:15:00.000000 UTC,21910,2.99556,4.81832
28255,29093,2016-02-22 12:25:00.000000 UTC,15490,2.99724,5.5588
28255,16111,2016-02-18 05:05:00.000000 UTC,5470,2.99737,3.17363
28255,16111,2016-02-19 21:45:00.000000 UTC,35590,2.99775,3.12721
28255,29093,2016-02-20 21:40:00.000000 UTC,45490,2.99847,3.03057
28255,29093,2016-02-21 07:31:40.000000 UTC,54850,3.00075,3.88534
28255,16111,2016-02-18 10:55:00.000000 UTC,26650,3.00224,3.95286
39261,28255,2016-02-12 20:45:00.000000 UTC,38890,3.00464,2.84672
29093,28255,2016-02-01 04:45:00.000000 UTC,3850,3.00745,4.20964
29093,28255,2016-02-01 02:55:00.000000 UTC,36490,3.01192,3.24404
28255,29093,2016-02-23 08:31:40.000000 UTC,5710,3.01308,3.42816
39261,28255,2016-02-16 05:00:00.000000 UTC,35410,3.0155,3.35029
28255,29093,2016-02-19 06:46:40.000000 UTC,47650,3.01568,3.09635
28255,16111,2016-02-20 00:50:00.000000 UTC,34990,3.01716,5.57779
16111,28255,2016-02-06 20:25:00.000000 UTC,36430,3.0187,4.3259
39261,28255,2016-02-17 07:16:40.000000 UTC,34270,3.01983,3.33033
28255,29093,2016-02-20 14:16:40.000000 UTC,58330,3.02005,3.75711
29093,28255,2016-02-05 22:50:00.000000 UTC,13150,3.02078,3.15708
29093,28255,2016-02-04 03:01:40.000000 UTC,9910,3.02338,2.93739
28255,39261,2016-02-22 12:25:00.000000 UTC,19030,3.02527,5.59136
28255,39261,2016-02-19 17:20:00.000000 UTC,10030,3.02558,3.20471
29093,28255,2016-02-01 03:46:40.000000 UTC,36670,3.02627,3.47697
28255,39261,2016-02-19 09:15:00.000000 UTC,36730,3.02766,4.09989
28255,16111,2016-02-18 04:55:00.000000 UTC,27970,3.02892,4.26377
29093,16111,2016-02-03 15:16:40.000000 UTC,40390,3.03177,2.98038
29093,28255,2016-02-01 02:10:00.000000 UTC,36310,3.03288,3.73223
39261,28255,2016-02-17 23:01:40.000000 UTC,9730,3.03334,4.36242
28255,16111,2016-02-19 00:01:40.000000 UTC,23650,3.03419,3.69222
29093,28255,2016-02-04 11:25:00.000000 UTC,32410,3.03507,4.52261
28255,29093,2016-02-18 17:25:00.000000 UTC,11050,3.03635,4.49926
29093,28255,2016-02-02 08:40:00.000000 UTC,36790,3.04106,3.29672
28255,29093,2016-02-23 05:55:00.000000 UTC,26110,3.04204,6.36805
29093,28255,2016-02-02 01:05:00.000000 UTC,17110,3.04234,3.81659
29093,28255,2016-02-01 18:30:00.000000 UTC,39730,3.04252,3.68345
16111,28255,2016-02-06 22:46:40.000000 UTC,37090,3.04258,3.35559
28255,29093,2016-02-18 19:10:00.000000 UTC,44350,3.04267,3.08438
39261,28255,2016-02-13 02:35:00.000000 UTC,38650,3.0455,2.84224
16111,28255,2016-02-07 01:50:00.000000 UTC,8050,3.04816,3.11098
28255,29093,2016-02-23 03:20:00.000000 UTC,20890,3.04856,4.88196
28255,16111,2016-02-21 11:40:00.000000 UTC,43750,3.05345,3.07271
29093,28255,2016-02-05 03:10:00.000000 UTC,32890,3.0543,3.71273
28255,29093,2016-02-18 16:35:00.000000 UTC,44830,3.05518,3.20473
28255,16111,2016-02-19 03:16:40.000000 UTC,39790,3.05706,5.09693
28255,16111,2016-02-19 00:01:40.000000 UTC,46030,3.05722,4.04492
28255,29093,2016-02-21 11:40:00.000000 UTC,8890,3.05989,2.91636
28255,29093,2016-02-20 10:45:00.000000 UTC,13990,3.0608,3.50939
28255,16111,2016-02-18 17:25:00.000000 UTC,47590,3.06244,5.2801
28255,39261,2016-02-18 06:40:00.000000 UTC,8470,3.06374,3.19723
28255,29093,2016-02-20 21:40:00.000000 UTC,6070,3.06838,2.96183
28255,39261,2016-02-19 17:20:00.000000 UTC,40210,3.07161,3.23178
28255,29093,2016-02-18 07:25:00.000000 UTC,41110,3.07284,3.33622
39261,28255,2016-02-17 23:01:40.000000 UTC,39730,3.07453,2.93446
16111,28255,2016-02-06 21:16:40.000000 UTC,36670,3.07521,3.66747
28255,29093,2016-02-22 07:40:00.000000 UTC,16390,3.07644,4.3925
29093,39261,2016-02-01 05:16:40.000000 UTC,22510,3.08285,4.38254
29093,16111,2016-02-04 11:25:00.000000 UTC,11830,3.08377,4.85267
28255,16111,2016-02-19 17:20:00.000000 UTC,30970,3.08483,3.74322
29093,16111,2016-02-01 15:35:00.000000 UTC,41590,3.08826,3.22664
28255,16111,2016-02-23 03:20:00.000000 UTC,21010,3.08981,4.30881
28255,39261,2016-02-19 06:46:40.000000 UTC,45850,3.09063,4.61886
28255,16111,2016-02-18 16:35:00.000000 UTC,53230,3.09326,3.8357
28255,16111,2016-02-19 21:45:00.000000 UTC,30010,3.09585,3.27732
39261,28255,2016-02-15 08:01:40.000000 UTC,27250,3.09604,4.65242
16111,28255,2016-02-08 22:01:40.000000 UTC,36430,3.0999,3.34258
29093,16111,2016-02-01 01:31:40.000000 UTC,41950,3.10531,3.20167
28255,29093,2016-02-21 22:30:00.000000 UTC,46150,3.10539,3.01165
29093,28255,2016-02-01 15:35:00.000000 UTC,39130,3.10898,3.18555
39261,28255,2016-02-14 15:31:40.000000 UTC,19030,3.10898,4.21921
28255,29093,2016-02-18 05:05:00.000000 UTC,13270,3.11426,2.7271
39261,28255,2016-02-13 10:55:00.000000 UTC,32290,3.11567,2.89697
29093,28255,2016-02-01 00:00:00.000000 UTC,41710,3.11842,3.84547
28255,39261,2016-02-18 04:55:00.000000 UTC,14530,3.12011,3.54185
28255,39261,2016-02-20 00:50:00.000000 UTC,40630,3.1202,6.03249
29093,28255,2016-02-01 14:40:00.000000 UTC,15130,3.12184,3.13828
28255,39261,2016-02-20 14:16:40.000000 UTC,23050,3.12205,4.20554
28255,39261,2016-02-18 08:16:40.000000 UTC,38890,3.12402,5.72558
16111,28255,2016-02-06 17:30:00.000000 UTC,53530,3.12429,5.28442
28255,29093,2016-02-20 10:45:00.000000 UTC,42130,3.12609,3.35503
28255,16111,2016-02-18 10:55:00.000000 UTC,43390,3.12824,3.68756
29093,16111,2016-02-02 20:20:00.000000 UTC,35230,3.1301,3.19449
28255,29093,2016-02-18 04:55:00.000000 UTC,41590,3.1302,3.49883
29093,28255,2016-02-04 22:31:40.000000 UTC,11110,3.13425,3.75106
39261,16111,2016-02-16 11:50:00.000000 UTC,14110,3.13483,7.23356
28255,16111,2016-02-18 06:01:40.000000 UTC,2650,3.13607,3.57927
39261,28255,2016-02-15 08:01:40.000000 UTC,21250,3.13678,5.7979
28255,29093,2016-02-20 02:25:00.000000 UTC,26950,3.13786,3.48318
28255,16111,2016-02-19 15:55:00.000000 UTC,36970,3.14696,4.56759
28255,29093,2016-02-21 07:31:40.000000 UTC,37990,3.14752,3.63628
28255,16111,2016-02-19 06:46:40.000000 UTC,2650,3.14929,3.87392
28255,16111,2016-02-18 09:15:00.000000 UTC,15670,3.15086,2.6065
39261,28255,2016-02-14 12:10:00.000000 UTC,37090,3.15132,4.08969
28255,29093,2016-02-21 03:30:00.000000 UTC,50110,3.1586,3.99731
28255,29093,2016-02-20 02:25:00.000000 UTC,21310,3.15883,3.42246
39261,28255,2016-02-13 00:46:40.000000 UTC,38650,3.16301,3.2948
28255,29093,2016-02-18 10:55:00.000000 UTC,20710,3.1635,3.47759
16111,28255,2016-02-07 19:46:40.000000 UTC,36070,3.16456,3.61622
28255,29093,2016-02-20 12:30:00.000000 UTC,13510,3.16674,2.87005
16111,28255,2016-02-08 23:45:00.000000 UTC,36790,3.17085,3.41583
28255,39261,2016-02-20 14:16:40.000000 UTC,35110,3.17103,3.95232
16111,28255,2016-02-07 01:10:00.000000 UTC,37630,3.17394,3.26689
28255,29093,2016-02-20 10:45:00.000000 UTC,31090,3.17415,7.32891
28255,29093,2016-02-18 17:25:00.000000 UTC,55990,3.1752,3.77124
29093,28255,2016-02-04 11:25:00.000000 UTC,2710,3.17624,3.53126
16111,28255,2016-02-11 03:50:00.000000 UTC,37270,3.17792,3.32381
29093,28255,2016-02-01 01:15:00.000000 UTC,32950,3.17989,5.24778
28255,39261,2016-02-21 15:55:00.000000 UTC,6010,3.18088,4.20391
39261,28255,2016-02-15 18:10:00.000000 UTC,3130,3.1816,2.76337
28255,29093,2016-02-19 21:45:00.000000 UTC,2590,3.18192,3.54237
16111,28255,2016-02-10 02:46:40.000000 UTC,7510,3.18422,3.224
28255,16111,2016-02-19 17:20:00.000000 UTC,36670,3.18503,5.78818
28255,29093,2016-02-23 05:55:00.000000 UTC,45790,3.18721,6.47899
28255,16111,2016-02-19 00:01:40.000000 UTC,12430,3.18773,3.4571
28255,39261,2016-02-20 12:30:00.000000 UTC,59110,3.1879,3.93471
28255,39261,2016-02-22 12:25:00.000000 UTC,12910,3.1891,3.71638
39261,28255,2016-02-15 22:25:00.000000 UTC,41650,3.19139,4.06474
29093,39261,2016-02-03 19:05:00.000000 UTC,26230,3.19156,3.93247
29093,28255,2016-02-04 20:15:00.000000 UTC,19330,3.19182,5.0653
28255,29093,2016-02-19 17:20:00.000000 UTC,39970,3.19433,3.51496
28255,16111,2016-02-19 13:10:00.000000 UTC,15130,3.19754,3.66024
29093,16111,2016-02-02 21:55:00.000000 UTC,7210,3.19939,3.40103
28255,39261,2016-02-20 09:01:40.000000 UTC,22810,3.20145,3.5201
28255,39261,2016-02-18 06:40:00.000000 UTC,8530,3.20687,3.6611
28255,29093,2016-02-19 00:01:40.000000 UTC,43510,3.20739,4.35894
28255,39261,2016-02-21 03:30:00.000000 UTC,2350,3.20921,3.22122
28255,29093,2016-02-23 16:31:40.000000 UTC,26770,3.21088,5.12941
29093,16111,2016-02-06 06:40:00.000000 UTC,44350,3.2111,3.10759
28255,16111,2016-02-18 05:05:00.000000 UTC,50230,3.21224,3.66369
28255,29093,2016-02-22 07:40:00.000000 UTC,44410,3.21272,3.17859
28255,29093,2016-02-18 16:35:00.000000 UTC,16690,3.2161,3.10551
28255,39261,2016-02-23 03:20:00.000000 UTC,7450,3.21657,3.2758
28255,29093,2016-02-21 15:55:00.000000 UTC,33430,3.2184,3.20279
29093,28255,2016-02-01 13:46:40.000000 UTC,32710,3.22267,3.84272
28255,29093,2016-02-18 05:05:00.000000 UTC,52810,3.22367,3.64803
28255,29093,2016-02-19 06:46:40.000000 UTC,8290,3.22514,3.60054
28255,16111,2016-02-23 08:31:40.000000 UTC,11590,3.22563,5.61254
29093,28255,2016-02-02 15:45:00.000000 UTC,38290,3.22643,3.58607
28255,39261,2016-02-18 06:01:40.000000 UTC,14590,3.22751,3.38262
28255,29093,2016-02-20 02:25:00.000000 UTC,38230,3.22776,3.73264
39261,28255,2016-02-15 02:16:40.000000 UTC,33490,3.22898,4.35017
29093,28255,2016-02-02 18:46:40.000000 UTC,20830,3.22986,6.29704
28255,16111,2016-02-21 07:31:40.000000 UTC,50350,3.24349,3.98543
16111,28255,2016-02-07 07:16:40.000000 UTC,39130,3.24484,3.3999
28255,39261,2016-02-23 05:55:00.000000 UTC,7570,3.24526,3.76924
16111,28255,2016-02-06 18:05:00.000000 UTC,35950,3.24538,3.57167
28255,29093,2016-02-19 21:45:00.000000 UTC,33670,3.24749,5.86285
29093,39261,2016-02-05 22:50:00.000000 UTC,27370,3.24812,4.59921
39261,28255,2016-02-12 23:05:00.000000 UTC,38710,3.24913,3.32076
28255,39261,2016-02-19 03:16:40.000000 UTC,36610,3.25231,5.04714
39261,28255,2016-02-12 23:55:00.000000 UTC,20770,3.25338,2.99437
28255,16111,2016-02-21 07:31:40.000000 UTC,2770,3.25748,3.21499
16111,28255,2016-02-07 12:00:00.000000 UTC,40270,3.25946,3.18308
28255,39261,2016-02-18 08:16:40.000000 UTC,50890,3.2643,4.15635
39261,28255,2016-02-16 11:50:00.000000 UTC,41230,3.26564,2.89558
28255,29093,2016-02-18 16:35:00.000000 UTC,44950,3.26723,4.22854
28255,29093,2016-02-18 04:55:00.000000 UTC,47290,3.26977,4.42466
29093,28255,2016-02-03 19:05:00.000000 UTC,38110,3.2707,3.1946
16111,28255,2016-02-07 23:31:40.000000 UTC,37030,3.27215,3.45902
28255,39261,2016-02-20 09:01:40.000000 UTC,4690,3.2727,3.40208
28255,39261,2016-02-23 19:15:00.000000 UTC,8110,3.27747,3.57215
29093,28255,2016-02-04 03:01:40.000000 UTC,39730,3.27794,3.30737
16111,28255,2016-02-10 02:46:40.000000 UTC,37330,3.28335,3.38261
16111,28255,2016-02-09 05:05:00.000000 UTC,38110,3.28361,3.49817
28255,29093,2016-02-18 05:45:00.000000 UTC,13330,3.28468,3.85949
29093,28255,2016-02-01 08:20:00.000000 UTC,37450,3.28474,5.94504
29093,28255,2016-02-03 23:00:00.000000 UTC,38950,3.28576,3.43928
28255,29093,2016-02-18 15:46:40.000000 UTC,45130,3.2885,4.07564
29093,28255,2016-02-05 10:20:00.000000 UTC,40390,3.28851,3.12938
28255,29093,2016-02-20 12:30:00.000000 UTC,53050,3.29045,3.85631
39261,29093,2016-02-12 17:25:00.000000 UTC,37030,3.29277,8.67159
16111,28255,2016-02-10 11:30:00.000000 UTC,39370,3.29358,3.24582
28255,29093,2016-02-23 05:55:00.000000 UTC,45670,3.29458,4.26018
28255,16111,2016-02-23 08:31:40.000000 UTC,50770,3.29468,7.09801
28255,39261,2016-02-21 22:30:00.000000 UTC,48550,3.29766,4.74254
29093,28255,2016-02-05 03:10:00.000000 UTC,38890,3.29779,3.68669
28255,16111,2016-02-23 08:31:40.000000 UTC,3130,3.29928,4.10447
29093,28255,2016-02-01 14:40:00.000000 UTC,39010,3.30347,3.38717
28255,29093,2016-02-19 11:50:00.000000 UTC,35530,3.30386,3.47361
28255,16111,2016-02-19 06:46:40.000000 UTC,44530,3.30397,3.72855
16111,28255,2016-02-06 19:40:00.000000 UTC,36310,3.30421,3.66615
39261,28255,2016-02-15 04:10:00.000000 UTC,36430,3.30634,3.42811
28255,29093,2016-02-18 05:45:00.000000 UTC,35950,3.30702,5.06513
28255,29093,2016-02-18 05:05:00.000000 UTC,47230,3.30857,3.87026
28255,16111,2016-02-18 09:15:00.000000 UTC,49330,3.31057,3.69104
28255,29093,2016-02-23 19:15:00.000000 UTC,48490,3.3137,3.05314
39261,28255,2016-02-13 01:40:00.000000 UTC,38590,3.31527,3.65103
29093,28255,2016-02-02 04:45:00.000000 UTC,35950,3.3163,3.7221
28255,39261,2016-02-19 01:05:00.000000 UTC,9430,3.31664,4.70371
28255,16111,2016-02-23 05:55:00.000000 UTC,6310,3.31917,3.05069
28255,29093,2016-02-23 05:55:00.000000 UTC,6130,3.32187,3.22553
28255,39261,2016-02-22 12:25:00.000000 UTC,6850,3.32277,3.47412
28255,29093,2016-02-18 06:40:00.000000 UTC,13090,3.32507,3.74237
29093,16111,2016-02-04 03:01:40.000000 UTC,45670,3.33338,3.29246
16111,29093,2016-02-07 01:10:00.000000 UTC,3730,3.33423,4.03231
28255,29093,2016-02-21 22:30:00.000000 UTC,12550,3.3389,4.5147
28255,39261,2016-02-18 15:46:40.000000 UTC,51190,3.34029,3.92524
28255,29093,2016-02-19 06:46:40.000000 UTC,33610,3.34044,3.47142
28255,39261,2016-02-20 12:30:00.000000 UTC,53110,3.34508,4.23949
29093,28255,2016-02-04 11:25:00.000000 UTC,29530,3.34533,3.82652
28255,29093,2016-02-20 21:40:00.000000 UTC,22990,3.34832,2.90274
29093,28255,2016-02-01 04:45:00.000000 UTC,18790,3.35303,3.79378
16111,28255,2016-02-12 11:00:00.000000 UTC,26650,3.35468,4.20414
39261,28255,2016-02-12 23:05:00.000000 UTC,38590,3.35878,5.24154
16111,39261,2016-02-08 03:31:40.000000 UTC,18430,3.35934,7.67648
28255,39261,2016-02-20 02:25:00.000000 UTC,28570,3.35957,3.74144
28255,29093,2016-02-18 11:31:40.000000 UTC,23410,3.36224,3.70608
28255,39261,2016-02-22 07:40:00.000000 UTC,54970,3.36314,4.39625
28255,16111,2016-02-18 18:16:40.000000 UTC,33370,3.36488,4.41111
16111,28255,2016-02-07 01:50:00.000000 UTC,25930,3.36739,2.88437
28255,16111,2016-02-22 12:25:00.000000 UTC,49510,3.36758,4.22615
29093,16111,2016-02-02 14:16:40.000000 UTC,46630,3.36902,3.30205
28255,39261,2016-02-18 15:00:00.000000 UTC,57130,3.36946,3.47294
28255,39261,2016-02-23 05:55:00.000000 UTC,43870,3.3724,5.07564
28255,29093,2016-02-19 09:15:00.000000 UTC,7690,3.37359,3.24612
28255,16111,2016-02-18 07:25:00.000000 UTC,44170,3.37494,4.15416
28255,29093,2016-02-20 09:01:40.000000 UTC,20110,3.37659,5.21484
28255,16111,2016-02-18 11:31:40.000000 UTC,37750,3.37668,5.85921
29093,28255,2016-02-01 05:16:40.000000 UTC,36970,3.37709,3.73776
28255,39261,2016-02-23 03:20:00.000000 UTC,13510,3.37819,3.3479
29093,28255,2016-02-03 15:16:40.000000 UTC,37270,3.3814,3.44157
29093,28255,2016-02-01 01:15:00.000000 UTC,27010,3.38358,4.6899
29093,28255,2016-02-03 08:00:00.000000 UTC,26650,3.38691,4.00107
16111,28255,2016-02-07 19:46:40.000000 UTC,42130,3.38705,3.20909
29093,28255,2016-02-03 09:46:40.000000 UTC,42130,3.38731,3.14846
28255,16111,2016-02-18 16:35:00.000000 UTC,8470,3.39026,3.44216
28255,29093,2016-02-19 17:20:00.000000 UTC,17470,3.39263,3.78201
28255,29093,2016-02-21 03:30:00.000000 UTC,44410,3.3946,3.27216
16111,39261,2016-02-10 00:40:00.000000 UTC,4030,3.39572,4.51354
28255,29093,2016-02-18 06:01:40.000000 UTC,41470,3.39586,3.4988
28255,39261,2016-02-23 05:55:00.000000 UTC,49870,3.3976,4.46246
28255,16111,2016-02-23 19:15:00.000000 UTC,28570,3.3989,4.20543
28255,16111,2016-02-20 12:30:00.000000 UTC,4210,3.39902,3.14079
28255,29093,2016-02-20 02:25:00.000000 UTC,10150,3.40108,5.04053
28255,16111,2016-02-23 08:31:40.000000 UTC,33970,3.40151,5.79077
29093,39261,2016-02-06 17:30:00.000000 UTC,11050,3.40203,4.42021
28255,39261,2016-02-21 15:55:00.000000 UTC,54250,3.40564,3.88107
28255,16111,2016-02-18 18:16:40.000000 UTC,8050,3.40673,3.36928
28255,16111,2016-02-19 06:46:40.000000 UTC,11110,3.40684,6.08991
28255,29093,2016-02-18 15:00:00.000000 UTC,45250,3.41281,3.87654
28255,16111,2016-02-20 19:46:40.000000 UTC,47470,3.41564,4.68526
28255,16111,2016-02-23 19:15:00.000000 UTC,59410,3.41936,4.61003
39261,28255,2016-02-13 03:31:40.000000 UTC,23470,3.41995,6.21297
28255,16111,2016-02-20 02:25:00.000000 UTC,23350,3.4215,3.69562
29093,28255,2016-02-01 02:10:00.000000 UTC,42370,3.4232,3.37597
29093,28255,2016-02-04 11:25:00.000000 UTC,5530,3.42328,6.38355
29093,16111,2016-02-05 20:16:40.000000 UTC,33370,3.42444,4.60759
28255,39261,2016-02-20 14:16:40.000000 UTC,41110,3.42706,3.50739
28255,39261,2016-02-22 14:50:00.000000 UTC,37210,3.4273,4.13107
28255,16111,2016-02-18 15:46:40.000000 UTC,53410,3.43049,3.7224
28255,29093,2016-02-19 15:55:00.000000 UTC,15130,3.4335,6.44554
29093,16111,2016-02-01 00:46:40.000000 UTC,47590,3.43495,3.31959
28255,39261,2016-02-19 17:20:00.000000 UTC,46330,3.43507,5.326
28255,39261,2016-02-19 15:55:00.000000 UTC,58210,3.43794,3.54999
28255,39261,2016-02-18 17:25:00.000000 UTC,57250,3.43798,3.57492
28255,39261,2016-02-18 04:55:00.000000 UTC,8470,3.43908,3.52858
29093,28255,2016-02-02 17:15:00.000000 UTC,38650,3.4394,3.37884
29093,28255,2016-02-05 22:50:00.000000 UTC,43030,3.44081,3.33254
16111,28255,2016-02-06 20:25:00.000000 UTC,42550,3.44097,3.30006
39261,28255,2016-02-12 21:30:00.000000 UTC,9010,3.441,3.18836
16111,28255,2016-02-10 20:40:00.000000 UTC,41650,3.44182,3.26578
28255,39261,2016-02-19 00:01:40.000000 UTC,51550,3.44222,4.02988
28255,16111,2016-02-19 15:55:00.000000 UTC,48070,3.44389,3.72141
28255,29093,2016-02-23 05:55:00.000000 UTC,51250,3.44695,3.93468
28255,29093,2016-02-18 05:45:00.000000 UTC,27490,3.44737,5.64565
29093,28255,2016-02-01 00:46:40.000000 UTC,3130,3.44932,2.60722
28255,39261,2016-02-19 06:46:40.000000 UTC,51850,3.45019,4.11677
29093,16111,2016-02-01 00:00:00.000000 UTC,47590,3.45244,3.32914
29093,28255,2016-02-05 05:31:40.000000 UTC,39370,3.45533,3.49663
28255,39261,2016-02-23 03:20:00.000000 UTC,37810,3.45806,7.79542
16111,28255,2016-02-07 08:10:00.000000 UTC,39310,3.45823,3.30143
39261,28255,2016-02-16 05:00:00.000000 UTC,41410,3.45994,3.32815
29093,28255,2016-02-01 07:01:40.000000 UTC,37270,3.46078,3.68714
28255,16111,2016-02-18 19:10:00.000000 UTC,47110,3.46717,3.70772
28255,39261,2016-02-21 15:55:00.000000 UTC,39130,3.46868,5.33756
28255,29093,2016-02-19 01:05:00.000000 UTC,43330,3.4694,3.64867
39261,28255,2016-02-13 01:40:00.000000 UTC,44590,3.46973,3.60307
28255,29093,2016-02-18 10:55:00.000000 UTC,6610,3.47068,3.32711
28255,39261,2016-02-22 07:40:00.000000 UTC,48970,3.47344,4.95518
29093,16111,2016-02-04 11:25:00.000000 UTC,3430,3.47347,4.44319
29093,28255,2016-02-02 23:31:40.000000 UTC,39970,3.4755,3.46325
28255,16111,2016-02-21 11:40:00.000000 UTC,43870,3.47626,4.06927
28255,39261,2016-02-20 19:46:40.000000 UTC,11230,3.47812,3.98191
28255,29093,2016-02-20 12:30:00.000000 UTC,42010,3.48352,7.84752
28255,39261,2016-02-18 15:46:40.000000 UTC,57190,3.48403,3.68167
28255,39261,2016-02-22 10:01:40.000000 UTC,9790,3.4841,5.08534
39261,28255,2016-02-14 10:31:40.000000 UTC,37150,3.48461,4.0229
29093,28255,2016-02-02 12:50:00.000000 UTC,10630,3.4861,4.44932
28255,29093,2016-02-18 05:05:00.000000 UTC,7690,3.48937,3.34141
28255,39261,2016-02-19 09:15:00.000000 UTC,57910,3.48994,3.50448
28255,29093,2016-02-18 16:35:00.000000 UTC,2710,3.49055,3.66735
16111,28255,2016-02-07 19:46:40.000000 UTC,12190,3.49533,3.55904
16111,28255,2016-02-09 18:30:00.000000 UTC,29170,3.49578,4.489
29093,28255,2016-02-01 07:40:00.000000 UTC,43510,3.4962,3.25336
28255,39261,2016-02-18 05:05:00.000000 UTC,56710,3.49682,3.4517
39261,28255,2016-02-15 10:00:00.000000 UTC,42190,3.50226,3.37008
16111,28255,2016-02-06 18:05:00.000000 UTC,42010,3.50244,3.25146
28255,39261,2016-02-18 11:31:40.000000 UTC,45070,3.50376,5.69412
28255,39261,2016-02-18 18:16:40.000000 UTC,57310,3.50381,3.87767
16111,28255,2016-02-10 20:40:00.000000 UTC,41470,3.5049,4.65962
28255,29093,2016-02-18 09:15:00.000000 UTC,6910,3.5062,3.21798
28255,16111,2016-02-18 18:16:40.000000 UTC,33250,3.50637,3.30649
28255,39261,2016-02-18 08:16:40.000000 UTC,56890,3.50641,3.80624
28255,16111,2016-02-18 15:00:00.000000 UTC,14350,3.50656,2.72788
28255,39261,2016-02-22 00:45:00.000000 UTC,36610,3.50876,4.09917
16111,28255,2016-02-11 21:31:40.000000 UTC,41590,3.51355,3.37735
28255,39261,2016-02-23 00:46:40.000000 UTC,13450,3.5139,3.46894
28255,29093,2016-02-20 14:16:40.000000 UTC,7570,3.51434,3.1802
28255,29093,2016-02-20 02:25:00.000000 UTC,43930,3.51533,4.93432
28255,39261,2016-02-18 11:31:40.000000 UTC,51070,3.51622,4.70458
28255,39261,2016-02-20 04:01:40.000000 UTC,34690,3.51685,3.63892
28255,39261,2016-02-22 10:01:40.000000 UTC,21850,3.51757,4.70221
28255,39261,2016-02-21 07:31:40.000000 UTC,2650,3.52031,4.64166
28255,16111,2016-02-18 15:46:40.000000 UTC,42430,3.52156,6.89258
28255,29093,2016-02-18 06:40:00.000000 UTC,52510,3.52518,3.94072
29093,39261,2016-02-05 05:31:40.000000 UTC,35050,3.52667,4.04992
28255,39261,2016-02-19 00:01:40.000000 UTC,57550,3.52751,3.75128
39261,28255,2016-02-12 11:25:00.000000 UTC,45190,3.52755,3.6258
16111,28255,2016-02-06 22:15:00.000000 UTC,3850,3.52811,5.55308
28255,39261,2016-02-22 00:45:00.000000 UTC,18490,3.53051,3.78708
39261,28255,2016-02-16 02:46:40.000000 UTC,41470,3.53395,3.34263
29093,28255,2016-02-01 03:46:40.000000 UTC,48550,3.53721,4.48111
29093,28255,2016-02-03 08:00:00.000000 UTC,32590,3.53909,4.41764
29093,16111,2016-02-05 10:20:00.000000 UTC,50470,3.54006,3.40315
39261,28255,2016-02-17 04:45:00.000000 UTC,40390,3.54066,3.25607
28255,29093,2016-02-21 15:55:00.000000 UTC,53170,3.54074,3.50111
28255,16111,2016-02-18 16:35:00.000000 UTC,47650,3.54101,3.74423
16111,28255,2016-02-06 22:46:40.000000 UTC,43090,3.54372,3.43445
28255,16111,2016-02-19 03:16:40.000000 UTC,45310,3.54381,4.09657
28255,39261,2016-02-22 10:01:40.000000 UTC,55030,3.54485,4.11337
29093,28255,2016-02-01 03:46:40.000000 UTC,42670,3.5469,3.52861
28255,39261,2016-02-20 00:50:00.000000 UTC,52630,3.54877,4.37094
39261,28255,2016-02-15 08:01:40.000000 UTC,30190,3.55161,5.8154
29093,28255,2016-02-01 05:16:40.000000 UTC,43030,3.5518,3.40958
28255,39261,2016-02-18 10:55:00.000000 UTC,51010,3.55285,4.12463
39261,29093,2016-02-12 23:05:00.000000 UTC,41290,3.55348,6.18873
39261,28255,2016-02-14 13:50:00.000000 UTC,43030,3.55419,3.78651
28255,29093,2016-02-20 12:30:00.000000 UTC,47470,3.55422,4.14741
28255,16111,2016-02-19 04:25:00.000000 UTC,6010,3.55466,4.11943
39261,28255,2016-02-12 13:55:00.000000 UTC,45130,3.55474,3.2604
28255,16111,2016-02-18 05:45:00.000000 UTC,36250,3.55523,6.49223
16111,28255,2016-02-06 19:40:00.000000 UTC,42370,3.55657,3.28767
29093,28255,2016-02-01 00:01:40.000000 UTC,41710,3.55686,3.68339
28255,16111,2016-02-18 06:40:00.000000 UTC,2410,3.55803,4.05404
28255,39261,2016-02-21 07:31:40.000000 UTC,59890,3.56481,3.69538
28255,39261,2016-02-23 08:31:40.000000 UTC,37930,3.56486,3.94683
16111,28255,2016-02-10 18:20:00.000000 UTC,29110,3.56593,3.03766
28255,29093,2016-02-18 14:15:00.000000 UTC,3250,3.56848,4.65228
29093,28255,2016-02-02 02:16:40.000000 UTC,32290,3.56936,4.44586
28255,29093,2016-02-18 18:16:40.000000 UTC,2410,3.57274,4.15247
28255,16111,2016-02-23 19:15:00.000000 UTC,48190,3.57338,3.90622
29093,28255,2016-02-02 04:45:00.000000 UTC,42010,3.57711,3.3755
28255,16111,2016-02-21 11:40:00.000000 UTC,54970,3.5779,3.71178
28255,39261,2016-02-19 06:46:40.000000 UTC,57850,3.57791,3.82515
16111,28255,2016-02-08 22:01:40.000000 UTC,42310,3.5784,4.34423
39261,28255,2016-02-12 18:01:40.000000 UTC,38830,3.57866,4.37431
29093,28255,2016-02-06 17:30:00.000000 UTC,46870,3.58044,4.64294
28255,16111,2016-02-19 09:15:00.000000 UTC,49510,3.58251,3.54499
28255,29093,2016-02-19 09:15:00.000000 UTC,38770,3.58449,5.32057
28255,16111,2016-02-21 15:55:00.000000 UTC,48490,3.58828,3.74414
28255,16111,2016-02-22 07:40:00.000000 UTC,56110,3.59107,3.59611
28255,29093,2016-02-19 03:16:40.000000 UTC,54070,3.59144,3.97905
39261,28255,2016-02-12 14:46:40.000000 UTC,45070,3.59401,3.471
39261,28255,2016-02-12 23:55:00.000000 UTC,38530,3.59474,5.80616
39261,28255,2016-02-14 12:10:00.000000 UTC,43090,3.59622,3.8685
29093,16111,2016-02-04 20:15:00.000000 UTC,50830,3.59657,3.44702
29093,28255,2016-02-06 12:01:40.000000 UTC,45730,3.59737,4.88618
16111,28255,2016-02-09 05:05:00.000000 UTC,20230,3.59815,3.05413
28255,39261,2016-02-19 06:46:40.000000 UTC,3490,3.60485,4.02718
28255,16111,2016-02-18 19:10:00.000000 UTC,52630,3.6058,3.39136
28255,29093,2016-02-19 17:20:00.000000 UTC,40030,3.60677,4.21157
28255,29093,2016-02-18 08:16:40.000000 UTC,52150,3.60893,3.67367
28255,16111,2016-02-19 00:01:40.000000 UTC,51550,3.60947,3.60004
28255,29093,2016-02-18 15:46:40.000000 UTC,50710,3.60995,3.76674
28255,16111,2016-02-18 15:00:00.000000 UTC,48010,3.61325,3.65654
16111,29093,2016-02-07 09:05:00.000000 UTC,6790,3.61645,4.91678
28255,29093,2016-02-18 15:00:00.000000 UTC,50830,3.61987,3.63602
28255,29093,2016-02-23 16:31:40.000000 UTC,35170,3.62178,5.47496
39261,28255,2016-02-12 22:16:40.000000 UTC,44770,3.62527,3.25389
16111,28255,2016-02-08 04:55:00.000000 UTC,38230,3.62575,4.12852
29093,28255,2016-02-01 00:10:00.000000 UTC,2770,3.62649,4.23158
28255,16111,2016-02-19 11:50:00.000000 UTC,15610,3.62942,6.36406
28255,16111,2016-02-18 04:55:00.000000 UTC,44710,3.6304,4.03139
28255,16111,2016-02-18 05:45:00.000000 UTC,2650,3.63373,4.22271
28255,16111,2016-02-18 06:40:00.000000 UTC,5050,3.63396,2.83514
16111,28255,2016-02-10 23:01:40.000000 UTC,42190,3.63942,3.43517
39261,28255,2016-02-14 10:31:40.000000 UTC,43150,3.64057,3.7873
16111,39261,2016-02-07 03:15:00.000000 UTC,20590,3.64306,4.25961
28255,29093,2016-02-19 06:46:40.000000 UTC,53350,3.64639,3.68694
16111,28255,2016-02-07 01:50:00.000000 UTC,43870,3.65083,3.32495
28255,39261,2016-02-18 10:55:00.000000 UTC,57010,3.6512,3.81164
29093,39261,2016-02-04 11:25:00.000000 UTC,30370,3.65123,6.45773
28255,39261,2016-02-18 15:00:00.000000 UTC,30010,3.65283,4.96361
28255,29093,2016-02-19 13:10:00.000000 UTC,40930,3.65374,4.63512
28255,29093,2016-02-23 19:15:00.000000 UTC,48790,3.65423,6.65854
28255,29093,2016-02-20 12:30:00.000000 UTC,7930,3.65457,3.53106
16111,28255,2016-02-08 03:31:40.000000 UTC,43990,3.65532,3.3066
16111,28255,2016-02-10 09:16:40.000000 UTC,32710,3.66337,4.17399
28255,16111,2016-02-21 22:30:00.000000 UTC,27430,3.66829,3.91028
28255,29093,2016-02-19 11:50:00.000000 UTC,35650,3.67163,5.74175
29093,28255,2016-02-05 10:20:00.000000 UTC,4510,3.6729,3.81372
29093,28255,2016-02-01 23:55:00.000000 UTC,31750,3.67372,4.86497
28255,16111,2016-02-20 00:50:00.000000 UTC,6850,3.67502,3.42733
16111,28255,2016-02-06 17:30:00.000000 UTC,41650,3.67565,3.99207
28255,29093,2016-02-20 00:50:00.000000 UTC,49750,3.67696,3.73718
28255,39261,2016-02-22 12:25:00.000000 UTC,55150,3.6781,4.00764
28255,16111,2016-02-23 03:20:00.000000 UTC,51730,3.67961,4.00437
29093,39261,2016-02-03 08:00:00.000000 UTC,26350,3.68018,4.41749
39261,28255,2016-02-12 23:05:00.000000 UTC,26590,3.68075,8.00178
28255,39261,2016-02-18 16:35:00.000000 UTC,57250,3.68128,3.97259
29093,28255,2016-02-02 15:45:00.000000 UTC,44350,3.68805,3.32912
16111,28255,2016-02-11 03:50:00.000000 UTC,4390,3.69077,4.3524
28255,29093,2016-02-18 18:16:40.000000 UTC,50170,3.69264,3.65655
28255,29093,2016-02-18 06:01:40.000000 UTC,47110,3.69426,3.75618
29093,16111,2016-02-03 02:50:00.000000 UTC,51910,3.69667,3.49963
29093,28255,2016-02-05 00:50:00.000000 UTC,44410,3.69672,3.38647
28255,16111,2016-02-23 00:46:40.000000 UTC,35590,3.69847,4.17679
29093,28255,2016-02-01 14:40:00.000000 UTC,44830,3.7,5.01665
39261,28255,2016-02-12 11:16:40.000000 UTC,33130,3.7005,4.02012
29093,28255,2016-02-06 06:40:00.000000 UTC,14830,3.70216,2.94871
16111,28255,2016-02-07 17:25:00.000000 UTC,47410,3.7022,4.65892
29093,28255,2016-02-01 21:40:00.000000 UTC,46390,3.70465,3.86955
16111,28255,2016-02-09 05:05:00.000000 UTC,29170,3.70708,3.4203
29093,39261,2016-02-01 02:10:00.000000 UTC,33730,3.70762,6.06004
28255,29093,2016-02-18 19:10:00.000000 UTC,50050,3.70767,3.73952
28255,29093,2016-02-18 08:16:40.000000 UTC,32650,3.70771,5.67713
16111,28255,2016-02-10 13:45:00.000000 UTC,39910,3.70852,3.67217
28255,16111,2016-02-18 18:16:40.000000 UTC,47290,3.70916,3.84777
28255,39261,2016-02-19 21:45:00.000000 UTC,58510,3.71184,3.79853
28255,39261,2016-02-20 02:25:00.000000 UTC,52750,3.71373,5.22479
28255,16111,2016-02-20 00:50:00.000000 UTC,51610,3.71677,3.76383
28255,29093,2016-02-23 08:31:40.000000 UTC,45190,3.72084,4.04421
28255,29093,2016-02-18 16:35:00.000000 UTC,50530,3.72439,3.88371
16111,28255,2016-02-07 19:46:40.000000 UTC,310,3.72478,3.54544
28255,16111,2016-02-19 09:15:00.000000 UTC,55090,3.72559,3.65626
28255,39261,2016-02-18 07:25:00.000000 UTC,29770,3.72629,5.77773
39261,28255,2016-02-12 12:15:00.000000 UTC,36070,3.72855,5.47432
16111,28255,2016-02-07 19:46:40.000000 UTC,3250,3.72861,3.00833
16111,28255,2016-02-06 18:45:00.000000 UTC,9130,3.72879,4.59716
39261,28255,2016-02-16 05:00:00.000000 UTC,29410,3.7305,3.5711
28255,29093,2016-02-22 12:25:00.000000 UTC,49150,3.73317,3.88129
39261,28255,2016-02-13 00:46:40.000000 UTC,44650,3.73457,3.33409
28255,16111,2016-02-18 18:16:40.000000 UTC,52810,3.73601,3.51013
28255,29093,2016-02-18 20:05:00.000000 UTC,4810,3.73659,3.08883
28255,29093,2016-02-19 00:01:40.000000 UTC,49090,3.74151,3.93993
39261,28255,2016-02-14 10:31:40.000000 UTC,49150,3.74352,3.69967
28255,16111,2016-02-20 00:50:00.000000 UTC,46090,3.74438,4.31712
28255,39261,2016-02-20 10:45:00.000000 UTC,59050,3.7448,3.90316
16111,28255,2016-02-09 20:31:40.000000 UTC,41710,3.74549,4.29601
28255,29093,2016-02-18 10:55:00.000000 UTC,57310,3.74721,3.74741
16111,28255,2016-02-06 18:45:00.000000 UTC,42070,3.7473,3.86093
28255,39261,2016-02-18 04:55:00.000000 UTC,56770,3.74748,3.8978
28255,16111,2016-02-20 07:20:00.000000 UTC,27910,3.74881,4.43399
28255,39261,2016-02-19 03:16:40.000000 UTC,57730,3.75211,4.10335
29093,28255,2016-02-04 22:31:40.000000 UTC,43930,3.75248,3.47094
28255,29093,2016-02-18 08:16:40.000000 UTC,7090,3.75556,3.55354
28255,16111,2016-02-20 21:40:00.000000 UTC,41410,3.75851,3.84784
28255,16111,2016-02-18 05:16:40.000000 UTC,8530,3.75894,5.0729
28255,39261,2016-02-21 22:30:00.000000 UTC,21430,3.75958,5.66561
28255,39261,2016-02-20 10:45:00.000000 UTC,47050,3.76299,4.85691
28255,29093,2016-02-18 20:05:00.000000 UTC,49870,3.76527,3.36081
28255,39261,2016-02-22 07:40:00.000000 UTC,6670,3.76711,3.90396
39261,28255,2016-02-13 01:40:00.000000 UTC,11710,3.76759,5.18739
28255,29093,2016-02-20 09:01:40.000000 UTC,42610,3.76842,4.80004
28255,29093,2016-02-20 09:01:40.000000 UTC,28510,3.76958,5.53296
28255,16111,2016-02-19 17:20:00.000000 UTC,33850,3.77153,5.39741
28255,29093,2016-02-18 04:55:00.000000 UTC,52870,3.77358,4.02707
28255,16111,2016-02-19 04:25:00.000000 UTC,17230,3.77631,4.79655
29093,39261,2016-02-01 07:40:00.000000 UTC,35170,3.7785,4.02804
28255,39261,2016-02-23 05:55:00.000000 UTC,55870,3.77875,4.08123
16111,28255,2016-02-06 17:55:00.000000 UTC,20830,3.78053,4.48116
28255,39261,2016-02-23 19:15:00.000000 UTC,56410,3.78217,3.72736
16111,28255,2016-02-07 01:50:00.000000 UTC,43690,3.78222,4.71103
28255,29093,2016-02-18 09:15:00.000000 UTC,46570,3.784,6.31672
28255,16111,2016-02-22 10:01:40.000000 UTC,55510,3.78477,3.56977
28255,16111,2016-02-21 03:30:00.000000 UTC,51250,3.78529,3.56991
28255,29093,2016-02-18 11:31:40.000000 UTC,6490,3.78539,3.70311
28255,16111,2016-02-20 21:40:00.000000 UTC,52510,3.78689,3.52651
28255,16111,2016-02-20 12:30:00.000000 UTC,54550,3.78815,3.57478
29093,39261,2016-02-05 10:20:00.000000 UTC,2950,3.79148,6.36545
28255,29093,2016-02-20 21:40:00.000000 UTC,56770,3.79168,3.54444
39261,28255,2016-02-12 21:30:00.000000 UTC,50770,3.79187,3.64743
29093,28255,2016-02-02 18:46:40.000000 UTC,32830,3.79202,4.91702
28255,29093,2016-02-19 13:10:00.000000 UTC,29710,3.79235,5.37595
28255,29093,2016-02-18 16:35:00.000000 UTC,56110,3.79271,3.71821
29093,16111,2016-02-05 15:15:00.000000 UTC,11110,3.79302,4.66822
28255,39261,2016-02-18 13:31:40.000000 UTC,21010,3.79459,4.17924
16111,28255,2016-02-07 01:50:00.000000 UTC,19930,3.79542,3.16034
29093,16111,2016-02-01 08:20:00.000000 UTC,36130,3.79546,4.65437
39261,28255,2016-02-13 03:31:40.000000 UTC,35410,3.79587,5.64889
29093,28255,2016-02-01 07:40:00.000000 UTC,7690,3.79866,2.94941
29093,16111,2016-02-05 22:50:00.000000 UTC,55750,3.80145,3.59385
29093,28255,2016-02-05 03:10:00.000000 UTC,44950,3.80165,3.44211
28255,29093,2016-02-19 17:20:00.000000 UTC,45670,3.80371,4.49182
28255,29093,2016-02-21 22:30:00.000000 UTC,57730,3.80388,7.69475
28255,16111,2016-02-19 23:16:40.000000 UTC,51970,3.80657,3.76363
28255,29093,2016-02-18 18:16:40.000000 UTC,55750,3.80663,3.56039
28255,29093,2016-02-18 15:00:00.000000 UTC,56410,3.80712,3.54771
28255,16111,2016-02-21 07:31:40.000000 UTC,55870,3.80944,3.6604
28255,29093,2016-02-22 10:01:40.000000 UTC,55150,3.80972,3.64286
28255,29093,2016-02-18 09:15:00.000000 UTC,52030,3.81113,3.74653
29093,28255,2016-02-01 22:46:40.000000 UTC,28510,3.81183,5.15285
28255,29093,2016-02-19 21:45:00.000000 UTC,50410,3.81238,3.66204
16111,28255,2016-02-10 13:45:00.000000 UTC,45970,3.81257,3.42109
28255,29093,2016-02-19 15:55:00.000000 UTC,28930,3.81341,2.63937
28255,29093,2016-02-19 04:25:00.000000 UTC,37090,3.81366,4.0705
39261,16111,2016-02-16 05:00:00.000000 UTC,4750,3.81538,10.047
28255,29093,2016-02-18 09:15:00.000000 UTC,46450,3.81595,4.05677
28255,39261,2016-02-18 07:25:00.000000 UTC,35710,3.82031,4.16953
28255,16111,2016-02-22 14:50:00.000000 UTC,4270,3.82775,4.30537
29093,28255,2016-02-02 14:16:40.000000 UTC,25990,3.83045,3.36687
39261,28255,2016-02-15 02:16:40.000000 UTC,3790,3.831,2.9943
28255,16111,2016-02-18 05:45:00.000000 UTC,50110,3.83118,4.04106
28255,29093,2016-02-19 17:20:00.000000 UTC,3370,3.83119,4.50677
39261,28255,2016-02-13 13:16:40.000000 UTC,37990,3.83247,4.57383
29093,28255,2016-02-01 07:40:00.000000 UTC,37330,3.833,5.08128
28255,39261,2016-02-18 15:00:00.000000 UTC,36010,3.83455,4.26804
39261,28255,2016-02-15 08:01:40.000000 UTC,36190,3.83555,4.90796
29093,28255,2016-02-04 22:31:40.000000 UTC,19930,3.83601,4.03901
16111,28255,2016-02-07 11:00:00.000000 UTC,15970,3.83786,4.95168
28255,29093,2016-02-23 05:55:00.000000 UTC,56830,3.83938,3.77831
28255,16111,2016-02-18 06:40:00.000000 UTC,30310,3.84384,5.16359
39261,28255,2016-02-16 05:00:00.000000 UTC,59230,3.84452,4.79428
39261,28255,2016-02-13 21:01:40.000000 UTC,49750,3.84583,3.77929
29093,16111,2016-02-04 09:16:40.000000 UTC,56710,3.84655,3.69769
39261,28255,2016-02-14 12:10:00.000000 UTC,49090,3.84685,3.785
28255,16111,2016-02-23 05:55:00.000000 UTC,56650,3.84865,3.61779
28255,39261,2016-02-19 21:45:00.000000 UTC,52510,3.85209,4.11281
28255,39261,2016-02-18 05:05:00.000000 UTC,50770,3.85347,4.55669
39261,28255,2016-02-13 01:40:00.000000 UTC,50590,3.85525,3.63907
39261,28255,2016-02-12 15:45:00.000000 UTC,51010,3.85558,3.54185
29093,28255,2016-02-06 06:40:00.000000 UTC,11770,3.85593,5.10878
28255,39261,2016-02-22 14:50:00.000000 UTC,49330,3.85984,6.39085
16111,28255,2016-02-12 05:31:40.000000 UTC,25390,3.86054,3.65737
28255,29093,2016-02-19 17:20:00.000000 UTC,11830,3.86219,3.74111
28255,29093,2016-02-23 03:20:00.000000 UTC,6730,3.86656,3.68043
39261,28255,2016-02-15 14:01:40.000000 UTC,3250,3.86827,3.10429
29093,28255,2016-02-06 12:01:40.000000 UTC,45910,3.86887,3.52109
29093,28255,2016-02-05 03:10:00.000000 UTC,44770,3.86984,4.78064
29093,28255,2016-02-01 02:55:00.000000 UTC,42370,3.87046,4.26937
28255,29093,2016-02-21 15:55:00.000000 UTC,27910,3.87316,4.32576
28255,29093,2016-02-20 10:45:00.000000 UTC,47830,3.87462,4.20728
28255,16111,2016-02-18 08:16:40.000000 UTC,49510,3.87622,3.82468
28255,39261,2016-02-18 20:05:00.000000 UTC,57430,3.87669,4.03808
16111,39261,2016-02-08 22:01:40.000000 UTC,35770,3.878,6.95968
28255,16111,2016-02-19 15:55:00.000000 UTC,48190,3.87871,5.66091
28255,29093,2016-02-20 07:20:00.000000 UTC,14830,3.8824,5.27672
39261,28255,2016-02-12 18:01:40.000000 UTC,50770,3.8836,4.67168
16111,28255,2016-02-10 23:01:40.000000 UTC,310,3.88651,3.84246
29093,28255,2016-02-02 20:20:00.000000 UTC,45190,3.88655,4.1923
39261,28255,2016-02-12 14:46:40.000000 UTC,51070,3.88876,3.5468
28255,16111,2016-02-18 07:25:00.000000 UTC,49690,3.88877,3.61828
28255,39261,2016-02-18 09:46:40.000000 UTC,26890,3.89193,4.11245
28255,39261,2016-02-21 07:31:40.000000 UTC,5650,3.89324,4.1946
28255,39261,2016-02-19 13:10:00.000000 UTC,52150,3.89411,4.26777
39261,28255,2016-02-13 21:01:40.000000 UTC,43750,3.89563,3.81639
29093,16111,2016-02-02 14:16:40.000000 UTC,57850,3.89775,3.47962
28255,39261,2016-02-19 17:20:00.000000 UTC,58330,3.89926,4.00623
39261,28255,2016-02-12 12:15:00.000000 UTC,51190,3.90599,3.45133
28255,39261,2016-02-18 11:31:40.000000 UTC,57070,3.90701,4.12284
28255,29093,2016-02-18 15:46:40.000000 UTC,56290,3.90733,3.62413
39261,28255,2016-02-15 14:01:40.000000 UTC,48010,3.90738,3.90251
29093,39261,2016-02-02 02:16:40.000000 UTC,15730,3.90877,5.76141
28255,16111,2016-02-23 19:15:00.000000 UTC,53710,3.90996,3.5555
28255,29093,2016-02-23 16:31:40.000000 UTC,35230,3.91164,6.65202
28255,29093,2016-02-18 07:25:00.000000 UTC,52390,3.91234,3.85818
28255,29093,2016-02-18 19:10:00.000000 UTC,55630,3.91824,3.58868
28255,29093,2016-02-19 00:01:40.000000 UTC,54670,3.91826,3.72124
28255,29093,2016-02-22 12:25:00.000000 UTC,29530,3.92308,6.24582
28255,16111,2016-02-20 02:25:00.000000 UTC,23470,3.92388,5.8715
29093,16111,2016-02-01 01:31:40.000000 UTC,58750,3.92417,3.81084
28255,39261,2016-02-18 09:15:00.000000 UTC,50950,3.9257,4.36401
28255,16111,2016-02-20 14:16:40.000000 UTC,48670,3.92785,3.76458
28255,29093,2016-02-20 10:45:00.000000 UTC,53410,3.92955,3.87901
28255,16111,2016-02-19 21:45:00.000000 UTC,7630,3.93037,3.67523
29093,16111,2016-02-01 15:35:00.000000 UTC,58390,3.93271,3.82671
39261,28255,2016-02-14 15:31:40.000000 UTC,48970,3.93378,3.5714
29093,39261,2016-02-02 21:55:00.000000 UTC,32830,3.93652,7.17987
39261,28255,2016-02-12 20:45:00.000000 UTC,50770,3.94422,3.81042
28255,39261,2016-02-19 04:25:00.000000 UTC,15610,3.94439,4.45075
28255,29093,2016-02-19 21:45:00.000000 UTC,5410,3.94513,4.01192
39261,28255,2016-02-14 02:45:00.000000 UTC,55330,3.9469,5.6322
29093,28255,2016-02-01 07:40:00.000000 UTC,7570,3.95013,4.00189
29093,28255,2016-02-01 18:30:00.000000 UTC,45730,3.95084,3.73761
28255,29093,2016-02-18 07:25:00.000000 UTC,46810,3.9516,4.20991
39261,28255,2016-02-13 17:01:40.000000 UTC,7990,3.95535,5.09191
39261,28255,2016-02-14 13:50:00.000000 UTC,55030,3.95621,3.74941
28255,39261,2016-02-18 10:55:00.000000 UTC,45010,3.95691,4.66576
28255,29093,2016-02-23 03:20:00.000000 UTC,51790,3.95989,3.88188
29093,28255,2016-02-01 00:35:00.000000 UTC,47890,3.96433,4.41873
28255,29093,2016-02-19 06:46:40.000000 UTC,58930,3.96568,3.5898
28255,29093,2016-02-18 11:31:40.000000 UTC,45970,3.96634,4.33336
39261,28255,2016-02-14 01:16:40.000000 UTC,49570,3.96655,3.65592
29093,16111,2016-02-02 20:20:00.000000 UTC,40810,3.96828,4.72426
29093,28255,2016-02-02 02:16:40.000000 UTC,26290,3.96988,5.23612
39261,16111,2016-02-12 11:16:40.000000 UTC,8770,3.97008,4.10454
16111,28255,2016-02-06 17:55:00.000000 UTC,17890,3.9703,4.58718
28255,16111,2016-02-23 03:20:00.000000 UTC,6970,3.97032,3.65471
29093,39261,2016-02-05 00:50:00.000000 UTC,24790,3.97228,4.60948
29093,28255,2016-02-02 23:31:40.000000 UTC,45790,3.9727,5.09599
29093,16111,2016-02-03 21:01:40.000000 UTC,12190,3.97324,4.42876
28255,29093,2016-02-18 11:31:40.000000 UTC,37570,3.97366,5.92711
16111,28255,2016-02-10 02:46:40.000000 UTC,43210,3.98285,4.34599
28255,16111,2016-02-23 08:31:40.000000 UTC,50590,3.984,3.6564
16111,28255,2016-02-06 20:25:00.000000 UTC,18550,3.98665,3.88053
28255,29093,2016-02-20 09:01:40.000000 UTC,28570,3.98702,6.7936
29093,28255,2016-02-01 05:16:40.000000 UTC,4150,3.98728,3.81141
39261,28255,2016-02-17 23:01:40.000000 UTC,51610,3.9889,3.84676
28255,39261,2016-02-20 14:16:40.000000 UTC,59230,3.99065,4.21997
28255,39261,2016-02-18 20:05:00.000000 UTC,51430,3.9959,4.52276
28255,16111,2016-02-21 11:40:00.000000 UTC,35530,3.9977,5.42592
16111,39261,2016-02-07 12:00:00.000000 UTC,10990,3.99853,5.55028
39261,28255,2016-02-14 01:16:40.000000 UTC,43570,3.99961,3.69238
16111,28255,2016-02-07 23:31:40.000000 UTC,42910,3.99975,4.49607
39261,28255,2016-02-15 02:16:40.000000 UTC,48550,4.00063,3.56734
28255,39261,2016-02-20 04:01:40.000000 UTC,10570,4.00303,4.12606
28255,29093,2016-02-20 19:46:40.000000 UTC,51670,4.00306,4.61628
16111,29093,2016-02-07 15:10:00.000000 UTC,4090,4.00453,4.74745
29093,28255,2016-02-02 23:31:40.000000 UTC,51850,4.00568,4.35896
28255,29093,2016-02-23 08:31:40.000000 UTC,5650,4.00791,2.98154
28255,29093,2016-02-18 09:15:00.000000 UTC,57610,4.00873,3.60797
29093,16111,2016-02-03 15:16:40.000000 UTC,57190,4.00892,3.67653
28255,16111,2016-02-20 10:45:00.000000 UTC,4630,4.00926,3.1457
28255,29093,2016-02-18 10:55:00.000000 UTC,51730,4.01035,3.96947
28255,16111,2016-02-18 06:40:00.000000 UTC,49870,4.01099,3.79606
16111,28255,2016-02-06 18:05:00.000000 UTC,3130,4.01151,2.78084
28255,16111,2016-02-22 10:01:40.000000 UTC,49990,4.01186,3.83216
39261,28255,2016-02-15 22:25:00.000000 UTC,53650,4.01316,3.94159
28255,39261,2016-02-18 09:46:40.000000 UTC,14830,4.01371,4.43736
28255,16111,2016-02-19 17:20:00.000000 UTC,47770,4.01438,4.4484
39261,28255,2016-02-13 00:46:40.000000 UTC,56470,4.01441,4.89763
28255,29093,2016-02-23 00:46:40.000000 UTC,12910,4.01491,4.02062
28255,29093,2016-02-21 22:30:00.000000 UTC,23590,4.01839,2.53204
39261,28255,2016-02-15 14:01:40.000000 UTC,54010,4.01901,3.902
29093,28255,2016-02-01 00:00:00.000000 UTC,47710,4.02018,3.759
16111,28255,2016-02-07 02:31:40.000000 UTC,20050,4.02405,3.44399
16111,28255,2016-02-06 18:45:00.000000 UTC,3250,4.02416,3.33133
29093,39261,2016-02-06 17:30:00.000000 UTC,50230,4.02448,6.27686
28255,29093,2016-02-20 12:30:00.000000 UTC,58630,4.02695,3.72119
39261,28255,2016-02-15 02:16:40.000000 UTC,54550,4.02699,3.65885
16111,28255,2016-02-09 10:40:00.000000 UTC,45310,4.02799,4.01745
28255,29093,2016-02-21 11:40:00.000000 UTC,48490,4.03417,4.32304
28255,29093,2016-02-23 00:46:40.000000 UTC,27130,4.035,6.1753
28255,29093,2016-02-19 03:16:40.000000 UTC,48490,4.03563,4.36028
29093,28255,2016-02-05 00:50:00.000000 UTC,44230,4.04467,4.86736
28255,16111,2016-02-18 20:05:00.000000 UTC,7810,4.0467,4.05863
28255,29093,2016-02-22 07:40:00.000000 UTC,55690,4.04677,3.67726
16111,28255,2016-02-07 23:31:40.000000 UTC,48970,4.0499,3.98386
28255,29093,2016-02-22 17:16:40.000000 UTC,25810,4.05249,5.34836
28255,29093,2016-02-18 17:25:00.000000 UTC,36250,4.06061,4.46877
39261,28255,2016-02-12 11:25:00.000000 UTC,57190,4.06388,3.74046
28255,16111,2016-02-18 09:46:40.000000 UTC,32530,4.06498,4.77946
29093,28255,2016-02-05 10:20:00.000000 UTC,4570,4.06537,3.44379
29093,28255,2016-02-03 19:05:00.000000 UTC,37930,4.06568,5.05509
28255,39261,2016-02-22 05:20:00.000000 UTC,6670,4.06631,4.42292
28255,29093,2016-02-22 00:45:00.000000 UTC,51550,4.07188,4.42181
28255,39261,2016-02-20 05:40:00.000000 UTC,4630,4.07521,4.65127
28255,29093,2016-02-22 05:20:00.000000 UTC,8590,4.07785,5.90124
28255,16111,2016-02-20 21:40:00.000000 UTC,58090,4.07965,3.65498
28255,29093,2016-02-19 09:15:00.000000 UTC,21850,4.08143,4.12663
16111,28255,2016-02-07 07:16:40.000000 UTC,51010,4.08213,4.33486
28255,16111,2016-02-22 00:45:00.000000 UTC,46570,4.08224,4.40051
29093,28255,2016-02-01 01:31:40.000000 UTC,250,4.0832,4.02091
16111,28255,2016-02-09 05:05:00.000000 UTC,49990,4.0862,4.44474
28255,16111,2016-02-18 07:25:00.000000 UTC,44290,4.08794,6.72233
39261,28255,2016-02-14 12:10:00.000000 UTC,55090,4.08853,3.78472
28255,29093,2016-02-18 14:15:00.000000 UTC,56650,4.09096,3.68514
29093,28255,2016-02-01 02:10:00.000000 UTC,3490,4.092,3.04598
29093,28255,2016-02-06 17:30:00.000000 UTC,40870,4.09262,4.83244
28255,39261,2016-02-20 19:46:40.000000 UTC,53470,4.0941,4.34978
28255,39261,2016-02-20 02:25:00.000000 UTC,58750,4.09412,4.47735
29093,28255,2016-02-04 11:25:00.000000 UTC,2650,4.09414,4.06108
28255,29093,2016-02-20 14:16:40.000000 UTC,52750,4.09792,3.96407
16111,29093,2016-02-07 23:31:40.000000 UTC,7150,4.09827,5.13919
28255,16111,2016-02-23 05:55:00.000000 UTC,51130,4.10142,3.87777
39261,28255,2016-02-13 13:16:40.000000 UTC,43990,4.10177,4.16279
39261,28255,2016-02-13 01:40:00.000000 UTC,56590,4.10651,3.72088
28255,16111,2016-02-20 05:40:00.000000 UTC,3130,4.11189,4.41491
28255,16111,2016-02-19 13:10:00.000000 UTC,29170,4.11328,5.54203
28255,16111,2016-02-22 00:45:00.000000 UTC,32650,4.11479,4.92576
28255,29093,2016-02-19 17:20:00.000000 UTC,51250,4.118,4.05085
28255,39261,2016-02-19 06:46:40.000000 UTC,39850,4.11961,5.43933
28255,29093,2016-02-18 11:31:40.000000 UTC,51550,4.12252,3.94482
28255,29093,2016-02-18 06:01:40.000000 UTC,7690,4.12294,4.04721
39261,28255,2016-02-12 21:30:00.000000 UTC,56770,4.12531,3.72888
28255,39261,2016-02-23 08:31:40.000000 UTC,56050,4.13016,4.69565
39261,28255,2016-02-13 14:30:00.000000 UTC,8110,4.13144,4.57055
28255,39261,2016-02-19 00:01:40.000000 UTC,3190,4.13415,4.48874
16111,28255,2016-02-07 13:01:40.000000 UTC,4390,4.13514,8.32474
39261,28255,2016-02-15 18:10:00.000000 UTC,59830,4.1379,3.93229
16111,28255,2016-02-07 01:50:00.000000 UTC,55690,4.14049,4.49562
39261,28255,2016-02-14 19:00:00.000000 UTC,27730,4.14085,6.50634
39261,28255,2016-02-12 21:30:00.000000 UTC,44770,4.14324,3.61106
29093,39261,2016-02-01 03:46:40.000000 UTC,46270,4.14406,4.76066
16111,28255,2016-02-08 22:01:40.000000 UTC,48370,4.14483,3.88689
28255,39261,2016-02-21 15:55:00.000000 UTC,39250,4.14539,6.96005
28255,16111,2016-02-19 09:15:00.000000 UTC,35710,4.14583,6.46296
29093,28255,2016-02-02 08:40:00.000000 UTC,48670,4.1469,4.26476
16111,28255,2016-02-07 07:16:40.000000 UTC,45010,4.15313,4.40799
29093,28255,2016-02-03 02:50:00.000000 UTC,52510,4.1557,3.97908
28255,16111,2016-02-18 04:55:00.000000 UTC,50290,4.15758,4.08021
29093,28255,2016-02-04 11:25:00.000000 UTC,41470,4.15859,4.21787
16111,28255,2016-02-07 01:10:00.000000 UTC,28690,4.15905,3.17759
39261,28255,2016-02-12 20:45:00.000000 UTC,56770,4.16666,3.82732
29093,39261,2016-02-02 23:31:40.000000 UTC,33250,4.16715,6.76216
28255,39261,2016-02-22 14:50:00.000000 UTC,55330,4.1672,5.1037
39261,28255,2016-02-17 20:20:00.000000 UTC,45610,4.16795,4.47857
28255,39261,2016-02-19 23:16:40.000000 UTC,58570,4.1686,4.1892
39261,28255,2016-02-12 23:55:00.000000 UTC,50530,4.17199,4.62906
28255,29093,2016-02-19 11:50:00.000000 UTC,41230,4.17664,4.58088
28255,29093,2016-02-18 17:25:00.000000 UTC,2650,4.17801,5.54613
28255,16111,2016-02-19 09:15:00.000000 UTC,49630,4.17898,4.91506
39261,28255,2016-02-13 08:40:00.000000 UTC,44170,4.18346,3.9584
28255,16111,2016-02-22 17:16:40.000000 UTC,31750,4.19155,5.05842
28255,39261,2016-02-18 05:05:00.000000 UTC,56770,4.19192,4.10207
28255,29093,2016-02-23 08:31:40.000000 UTC,50950,4.1929,6.71754
16111,28255,2016-02-07 06:25:00.000000 UTC,44830,4.19302,4.22536
28255,29093,2016-02-19 15:55:00.000000 UTC,51550,4.1943,3.72658
16111,39261,2016-02-10 02:46:40.000000 UTC,31870,4.19466,6.15622
29093,16111,2016-02-05 07:55:00.000000 UTC,47710,4.19483,7.67963
28255,39261,2016-02-18 13:31:40.000000 UTC,33070,4.19571,3.88203
16111,28255,2016-02-07 05:35:00.000000 UTC,14650,4.19742,5.7754
28255,29093,2016-02-22 07:40:00.000000 UTC,5050,4.19763,3.56163
28255,16111,2016-02-22 14:50:00.000000 UTC,35110,4.19826,6.53109
29093,28255,2016-02-04 22:31:40.000000 UTC,55750,4.2001,4.77715
39261,28255,2016-02-15 14:01:40.000000 UTC,44950,4.20246,6.5372
28255,29093,2016-02-21 03:30:00.000000 UTC,55690,4.20529,3.76626
28255,16111,2016-02-22 10:01:40.000000 UTC,2650,4.20612,6.42174
16111,28255,2016-02-06 18:45:00.000000 UTC,48070,4.2075,3.9061
39261,28255,2016-02-13 17:01:40.000000 UTC,43810,4.21104,4.3428
39261,28255,2016-02-12 23:05:00.000000 UTC,32590,4.21244,6.22569
28255,16111,2016-02-19 03:16:40.000000 UTC,14530,4.21254,3.79885
28255,39261,2016-02-20 04:01:40.000000 UTC,52810,4.2175,4.50987
29093,28255,2016-02-02 08:40:00.000000 UTC,42670,4.21868,4.34042
16111,28255,2016-02-06 19:40:00.000000 UTC,3490,4.21903,2.95587
29093,28255,2016-02-05 20:16:40.000000 UTC,42430,4.22113,4.34303
16111,28255,2016-02-06 18:45:00.000000 UTC,6250,4.22159,3.56902
29093,28255,2016-02-02 21:55:00.000000 UTC,45490,4.2225,4.55548
29093,28255,2016-02-01 00:46:40.000000 UTC,41890,4.22458,4.18561
29093,39261,2016-02-05 07:55:00.000000 UTC,44650,4.22983,6.92352
29093,16111,2016-02-05 20:16:40.000000 UTC,50170,4.23025,3.95447
16111,29093,2016-02-07 06:25:00.000000 UTC,57430,4.23114,4.1764
28255,39261,2016-02-19 01:05:00.000000 UTC,57670,4.23586,4.23336
39261,28255,2016-02-15 22:25:00.000000 UTC,59650,4.23885,3.97591
28255,16111,2016-02-21 18:05:00.000000 UTC,20170,4.24364,5.05974
29093,28255,2016-02-04 03:01:40.000000 UTC,12850,4.24578,5.46705
29093,28255,2016-02-02 18:46:40.000000 UTC,44830,4.25201,4.48797
39261,28255,2016-02-13 07:35:00.000000 UTC,56350,4.25516,3.69413
39261,28255,2016-02-15 10:00:00.000000 UTC,3250,4.26026,7.35898
16111,28255,2016-02-06 17:31:40.000000 UTC,8710,4.26083,6.12635
28255,29093,2016-02-20 02:25:00.000000 UTC,49510,4.26152,4.27914
29093,28255,2016-02-01 00:35:00.000000 UTC,3130,4.26197,3.17197
28255,29093,2016-02-18 11:31:40.000000 UTC,46090,4.26449,6.96129
28255,16111,2016-02-20 02:25:00.000000 UTC,51310,4.2645,4.14452
29093,16111,2016-02-01 08:20:00.000000 UTC,52930,4.26511,4.15429
39261,28255,2016-02-17 23:01:40.000000 UTC,57610,4.26704,3.89527
29093,28255,2016-02-01 02:55:00.000000 UTC,48370,4.26833,4.20679
16111,28255,2016-02-06 17:55:00.000000 UTC,35710,4.26836,6.46705
39261,28255,2016-02-12 22:16:40.000000 UTC,56530,4.2747,5.73682
29093,28255,2016-02-01 08:20:00.000000 UTC,43570,4.27815,4.03329
29093,28255,2016-02-03 02:50:00.000000 UTC,46510,4.27893,4.04472
29093,28255,2016-02-02 17:15:00.000000 UTC,56530,4.28387,4.30005
28255,29093,2016-02-18 15:00:00.000000 UTC,14170,4.28415,2.67997
28255,16111,2016-02-19 11:50:00.000000 UTC,54730,4.28786,5.91981
29093,28255,2016-02-01 01:31:40.000000 UTC,42010,4.28971,4.45795
28255,29093,2016-02-21 15:55:00.000000 UTC,58930,4.29329,4.70433
29093,28255,2016-02-01 00:46:40.000000 UTC,47890,4.2949,4.01909
28255,39261,2016-02-20 12:30:00.000000 UTC,38050,4.29575,6.10368
29093,28255,2016-02-01 07:01:40.000000 UTC,49210,4.29623,4.11051
28255,29093,2016-02-20 19:46:40.000000 UTC,6610,4.30122,4.38844
16111,28255,2016-02-07 04:46:40.000000 UTC,32350,4.30189,5.72111
28255,16111,2016-02-20 02:25:00.000000 UTC,6610,4.30385,4.44541
39261,28255,2016-02-13 18:20:00.000000 UTC,49750,4.30785,4.55285
29093,28255,2016-02-03 19:05:00.000000 UTC,49990,4.31378,4.11227
28255,29093,2016-02-18 09:15:00.000000 UTC,26770,4.31606,4.42942
16111,28255,2016-02-07 02:31:40.000000 UTC,49930,4.31945,3.96512
28255,29093,2016-02-23 08:31:40.000000 UTC,36850,4.32009,6.72778
29093,28255,2016-02-01 19:31:40.000000 UTC,51850,4.32067,4.28415
16111,28255,2016-02-07 01:10:00.000000 UTC,43390,4.32526,7.15078
29093,16111,2016-02-01 06:25:00.000000 UTC,41770,4.3296,4.38006
39261,28255,2016-02-12 12:31:40.000000 UTC,51010,4.33022,4.12305
39261,28255,2016-02-17 20:20:00.000000 UTC,51610,4.33617,4.24858
28255,29093,2016-02-22 17:16:40.000000 UTC,42670,4.33767,4.73722
16111,28255,2016-02-10 00:40:00.000000 UTC,48670,4.33797,3.82923
28255,16111,2016-02-19 13:10:00.000000 UTC,43270,4.34249,8.60559
28255,39261,2016-02-23 19:15:00.000000 UTC,56470,4.34271,4.47951
28255,39261,2016-02-21 18:05:00.000000 UTC,54490,4.34537,6.33322
39261,28255,2016-02-18 01:45:00.000000 UTC,39370,4.34747,4.79851
28255,29093,2016-02-18 14:15:00.000000 UTC,45610,4.34799,7.41749
28255,29093,2016-02-20 21:40:00.000000 UTC,51370,4.34992,5.93303
29093,28255,2016-02-01 07:40:00.000000 UTC,43330,4.35029,4.7577
28255,16111,2016-02-22 00:45:00.000000 UTC,38230,4.35313,6.45052
28255,16111,2016-02-19 23:16:40.000000 UTC,57670,4.35596,5.13586
16111,28255,2016-02-10 11:30:00.000000 UTC,51250,4.35749,4.20592
16111,29093,2016-02-07 06:25:00.000000 UTC,51790,4.35996,4.88855
16111,28255,2016-02-07 02:31:40.000000 UTC,8110,4.36123,3.90347
29093,28255,2016-02-02 18:46:40.000000 UTC,44890,4.36408,3.98242
28255,29093,2016-02-20 02:25:00.000000 UTC,44050,4.36487,9.12558
29093,28255,2016-02-01 00:46:40.000000 UTC,32950,4.3652,2.94377
28255,39261,2016-02-22 07:40:00.000000 UTC,27910,4.36916,7.39328
29093,28255,2016-02-02 08:40:00.000000 UTC,54670,4.37399,4.25408
16111,28255,2016-02-06 18:05:00.000000 UTC,53830,4.37545,4.50272
28255,39261,2016-02-18 09:15:00.000000 UTC,29890,4.38015,6.86462
29093,28255,2016-02-02 14:16:40.000000 UTC,49870,4.38218,4.06642
29093,28255,2016-02-01 01:15:00.000000 UTC,3190,4.38342,3.92112
28255,39261,2016-02-23 19:15:00.000000 UTC,29290,4.38369,4.87979
39261,28255,2016-02-16 14:10:00.000000 UTC,52870,4.38778,4.36766
39261,28255,2016-02-12 23:55:00.000000 UTC,56530,4.39103,4.40859
29093,28255,2016-02-05 22:50:00.000000 UTC,48910,4.39459,4.25551
39261,28255,2016-02-17 09:50:00.000000 UTC,51970,4.40242,5.48987
28255,29093,2016-02-18 07:25:00.000000 UTC,7390,4.40274,4.473
29093,39261,2016-02-01 01:31:40.000000 UTC,39550,4.40287,6.43912
16111,28255,2016-02-11 21:31:40.000000 UTC,41410,4.40543,4.96168
28255,29093,2016-02-22 10:01:40.000000 UTC,55330,4.41217,5.38884
16111,28255,2016-02-06 21:16:40.000000 UTC,54610,4.41284,4.09555
16111,39261,2016-02-07 03:15:00.000000 UTC,5530,4.41447,7.11368
16111,28255,2016-02-09 10:40:00.000000 UTC,51310,4.41478,3.97109
39261,28255,2016-02-14 19:00:00.000000 UTC,54670,4.4177,4.19669
28255,39261,2016-02-23 00:46:40.000000 UTC,55750,4.42196,5.10658
16111,28255,2016-02-10 20:40:00.000000 UTC,47470,4.42259,4.52499
28255,39261,2016-02-19 15:55:00.000000 UTC,58270,4.4243,4.23508
29093,39261,2016-02-03 02:50:00.000000 UTC,46150,4.42966,6.92258
28255,29093,2016-02-18 04:55:00.000000 UTC,52990,4.43624,5.73941
28255,29093,2016-02-23 19:15:00.000000 UTC,59950,4.43777,4.75987
39261,28255,2016-02-16 09:31:40.000000 UTC,47050,4.44052,4.64941
28255,16111,2016-02-22 10:01:40.000000 UTC,44590,4.44244,7.14276
28255,16111,2016-02-23 05:55:00.000000 UTC,14710,4.45443,3.41013
29093,28255,2016-02-01 02:55:00.000000 UTC,54430,4.45667,3.90104
39261,28255,2016-02-12 12:31:40.000000 UTC,45010,4.45677,4.55624
16111,28255,2016-02-06 17:55:00.000000 UTC,2950,4.45945,4.17675
28255,16111,2016-02-18 14:15:00.000000 UTC,9250,4.46207,6.84485
28255,16111,2016-02-18 04:55:00.000000 UTC,36490,4.46381,8.46943
39261,28255,2016-02-17 09:50:00.000000 UTC,57970,4.46796,4.83562
28255,16111,2016-02-19 21:45:00.000000 UTC,52510,4.46902,6.09829
16111,28255,2016-02-07 19:46:40.000000 UTC,47950,4.46974,4.71684
29093,28255,2016-02-01 02:55:00.000000 UTC,54370,4.47029,4.20755
16111,28255,2016-02-11 21:31:40.000000 UTC,41290,4.47253,7.79507
29093,39261,2016-02-03 19:05:00.000000 UTC,38290,4.47316,4.50036
29093,28255,2016-02-02 01:05:00.000000 UTC,40870,4.47744,7.31346
29093,28255,2016-02-03 09:46:40.000000 UTC,47950,4.47851,4.53248
28255,16111,2016-02-21 11:40:00.000000 UTC,35590,4.47989,6.41479
28255,39261,2016-02-22 10:01:40.000000 UTC,27910,4.48158,4.87135
16111,28255,2016-02-12 08:15:00.000000 UTC,31930,4.49399,6.00652
29093,28255,2016-02-05 20:16:40.000000 UTC,6550,4.49493,5.19904
39261,28255,2016-02-15 08:01:40.000000 UTC,48130,4.49853,5.12016
29093,28255,2016-02-02 04:45:00.000000 UTC,47830,4.50456,4.74999
28255,39261,2016-02-20 21:40:00.000000 UTC,2050,4.51171,4.33826
16111,28255,2016-02-08 03:31:40.000000 UTC,43810,4.51354,4.9457
39261,28255,2016-02-13 14:30:00.000000 UTC,55870,4.51753,4.37386
29093,39261,2016-02-05 10:20:00.000000 UTC,6010,4.52065,7.16413
16111,28255,2016-02-10 02:46:40.000000 UTC,49210,4.52229,4.30396
29093,28255,2016-02-05 10:20:00.000000 UTC,58270,4.52233,4.06411
28255,39261,2016-02-20 07:20:00.000000 UTC,58990,4.52331,4.72736
29093,28255,2016-02-03 19:05:00.000000 UTC,14110,4.52508,4.14219
28255,39261,2016-02-20 21:40:00.000000 UTC,2110,4.52572,4.48558
16111,28255,2016-02-08 23:45:00.000000 UTC,48670,4.52876,4.45663
16111,28255,2016-02-07 22:15:00.000000 UTC,36430,4.53626,8.33129
29093,28255,2016-02-02 14:16:40.000000 UTC,55870,4.54047,4.05775
29093,39261,2016-02-02 17:15:00.000000 UTC,4450,4.54333,5.97583
16111,28255,2016-02-06 19:40:00.000000 UTC,6370,4.54456,5.09576
29093,28255,2016-02-06 17:30:00.000000 UTC,58870,4.54489,4.50824
16111,28255,2016-02-11 13:46:40.000000 UTC,57550,4.54674,4.60585
29093,28255,2016-02-01 01:15:00.000000 UTC,9070,4.54734,5.88876
29093,28255,2016-02-05 00:50:00.000000 UTC,56230,4.54797,4.59033
16111,39261,2016-02-10 20:40:00.000000 UTC,49030,4.55123,6.2348
29093,28255,2016-02-01 01:31:40.000000 UTC,54010,4.5532,4.15105
28255,29093,2016-02-18 05:45:00.000000 UTC,58450,4.55379,5.099
29093,28255,2016-02-02 21:55:00.000000 UTC,57550,4.55485,4.16004
28255,39261,2016-02-21 01:31:40.000000 UTC,47770,4.55698,7.71436
29093,39261,2016-02-01 07:40:00.000000 UTC,41110,4.56491,7.5306
29093,28255,2016-02-05 22:50:00.000000 UTC,4030,4.56627,6.40261
39261,28255,2016-02-13 21:01:40.000000 UTC,5050,4.56707,4.45786
28255,16111,2016-02-18 16:35:00.000000 UTC,58930,4.56748,5.19004
29093,28255,2016-02-01 00:35:00.000000 UTC,53890,4.56984,4.3806
16111,28255,2016-02-11 13:46:40.000000 UTC,45550,4.57454,4.81679
28255,16111,2016-02-20 00:50:00.000000 UTC,51730,4.57695,5.22115
16111,39261,2016-02-08 04:55:00.000000 UTC,6790,4.57729,6.5283
28255,16111,2016-02-20 00:50:00.000000 UTC,6970,4.57808,4.79176
39261,28255,2016-02-13 17:01:40.000000 UTC,49750,4.58086,5.19637
16111,28255,2016-02-11 13:46:40.000000 UTC,57610,4.58096,4.2464
16111,39261,2016-02-10 02:46:40.000000 UTC,37930,4.58451,5.44314
28255,29093,2016-02-18 05:05:00.000000 UTC,58390,4.58494,3.57201
28255,39261,2016-02-19 04:25:00.000000 UTC,36790,4.58748,7.59947
16111,28255,2016-02-10 18:20:00.000000 UTC,58990,4.58852,4.13813
29093,28255,2016-02-01 21:40:00.000000 UTC,58390,4.58917,4.04034
28255,39261,2016-02-22 05:20:00.000000 UTC,3670,4.59235,5.16492
16111,28255,2016-02-10 13:45:00.000000 UTC,45790,4.59437,4.78492
39261,28255,2016-02-15 08:01:40.000000 UTC,54130,4.59841,4.71849
28255,39261,2016-02-18 14:15:00.000000 UTC,51190,4.60592,4.76027
28255,29093,2016-02-22 17:16:40.000000 UTC,34210,4.60827,5.26867
39261,28255,2016-02-12 12:31:40.000000 UTC,50950,4.6087,5.43329
28255,16111,2016-02-19 00:01:40.000000 UTC,46090,4.60883,4.88668
16111,28255,2016-02-11 03:50:00.000000 UTC,55150,4.61092,4.2598
29093,28255,2016-02-02 04:45:00.000000 UTC,53830,4.61461,4.63724
28255,39261,2016-02-18 09:46:40.000000 UTC,57070,4.61772,4.97818
39261,28255,2016-02-17 09:50:00.000000 UTC,52030,4.61878,4.21451
16111,28255,2016-02-06 22:46:40.000000 UTC,48970,4.6216,4.33876
29093,39261,2016-02-05 22:50:00.000000 UTC,45430,4.62543,6.79237
16111,28255,2016-02-10 20:40:00.000000 UTC,53470,4.62701,4.46713
29093,28255,2016-02-05 03:10:00.000000 UTC,50770,4.62804,4.64553
16111,28255,2016-02-12 02:50:00.000000 UTC,3850,4.6301,4.63816
28255,29093,2016-02-18 15:46:40.000000 UTC,56470,4.63078,5.45371
28255,39261,2016-02-19 13:10:00.000000 UTC,28150,4.63103,11.9135
16111,28255,2016-02-06 17:55:00.000000 UTC,35770,4.63273,5.02941
29093,28255,2016-02-01 14:40:00.000000 UTC,50890,4.63434,4.29166
39261,28255,2016-02-16 11:50:00.000000 UTC,50170,4.6355,6.02325
29093,16111,2016-02-03 11:35:00.000000 UTC,51610,4.64066,4.43562
16111,28255,2016-02-09 10:40:00.000000 UTC,45250,4.64067,4.77738
29093,28255,2016-02-03 08:00:00.000000 UTC,41530,4.6417,5.2514
28255,16111,2016-02-18 17:25:00.000000 UTC,58750,4.64247,5.11534
28255,39261,2016-02-20 05:40:00.000000 UTC,58930,4.64359,4.92052
29093,28255,2016-02-01 00:35:00.000000 UTC,59950,4.64382,4.12686
16111,28255,2016-02-10 13:45:00.000000 UTC,57790,4.64826,4.55908
29093,39261,2016-02-04 11:25:00.000000 UTC,36430,4.64921,5.71721
29093,28255,2016-02-01 01:15:00.000000 UTC,47950,4.65174,4.61319
39261,28255,2016-02-13 17:01:40.000000 UTC,55750,4.6541,4.57336
29093,28255,2016-02-02 02:16:40.000000 UTC,41230,4.65699,5.30176
16111,28255,2016-02-07 01:10:00.000000 UTC,55510,4.65713,4.21486
16111,28255,2016-02-06 19:40:00.000000 UTC,48190,4.65744,4.73036
16111,28255,2016-02-10 18:20:00.000000 UTC,46930,4.65892,4.4205
28255,39261,2016-02-18 21:01:40.000000 UTC,51550,4.66316,4.73628
16111,28255,2016-02-07 15:10:00.000000 UTC,58870,4.6664,4.08622
28255,29093,2016-02-20 00:50:00.000000 UTC,55510,4.66778,5.48507
28255,29093,2016-02-18 14:15:00.000000 UTC,51070,4.66856,3.90245
29093,28255,2016-02-03 23:00:00.000000 UTC,36010,4.66933,3.30314
39261,28255,2016-02-12 11:25:00.000000 UTC,56950,4.66947,7.09531
16111,28255,2016-02-10 23:01:40.000000 UTC,48010,4.67186,4.85756
16111,28255,2016-02-07 23:31:40.000000 UTC,48910,4.67206,4.40864
29093,28255,2016-02-06 12:01:40.000000 UTC,51730,4.67349,4.73593
29093,39261,2016-02-06 17:30:00.000000 UTC,56290,4.67487,5.68681
29093,28255,2016-02-01 04:45:00.000000 UTC,39550,4.67694,8.47203
29093,39261,2016-02-06 12:01:40.000000 UTC,42790,4.67825,7.85074
28255,29093,2016-02-22 14:50:00.000000 UTC,48730,4.68026,4.79558
16111,28255,2016-02-06 18:05:00.000000 UTC,59890,4.68123,4.15753
16111,28255,2016-02-08 02:10:00.000000 UTC,37390,4.68158,5.91573
39261,28255,2016-02-13 21:01:40.000000 UTC,37750,4.68454,3.96521
28255,16111,2016-02-23 16:31:40.000000 UTC,29350,4.68811,6.63478
16111,28255,2016-02-11 21:31:40.000000 UTC,53470,4.6906,4.2238
28255,29093,2016-02-21 01:31:40.000000 UTC,45010,4.69501,5.78359
28255,39261,2016-02-22 22:15:00.000000 UTC,7390,4.69522,5.09762
39261,28255,2016-02-15 22:25:00.000000 UTC,50650,4.69545,6.60292
28255,16111,2016-02-19 00:01:40.000000 UTC,57250,4.70046,4.80667
28255,16111,2016-02-18 04:46:40.000000 UTC,8530,4.70183,5.0302
16111,28255,2016-02-07 12:00:00.000000 UTC,46090,4.70293,4.79007
28255,39261,2016-02-21 11:40:00.000000 UTC,27070,4.70712,8.19591
28255,39261,2016-02-19 09:15:00.000000 UTC,51970,4.71357,4.58182
16111,39261,2016-02-08 04:55:00.000000 UTC,36970,4.71377,6.16831
29093,28255,2016-02-01 07:40:00.000000 UTC,55330,4.71793,4.47854
16111,28255,2016-02-06 22:46:40.000000 UTC,54970,4.71834,4.29616
29093,28255,2016-02-05 05:31:40.000000 UTC,57250,4.7227,4.41063
16111,28255,2016-02-07 02:31:40.000000 UTC,5170,4.72531,4.95392
29093,28255,2016-02-02 23:31:40.000000 UTC,57850,4.728,4.36434
16111,28255,2016-02-08 23:45:00.000000 UTC,54670,4.72822,4.35948
28255,39261,2016-02-22 17:16:40.000000 UTC,55450,4.73247,5.16582
28255,39261,2016-02-18 23:00:00.000000 UTC,45610,4.73759,6.47465
29093,28255,2016-02-03 01:10:00.000000 UTC,46150,4.73868,4.76939
28255,39261,2016-02-19 00:01:40.000000 UTC,30550,4.73932,8.314
39261,28255,2016-02-13 15:45:00.000000 UTC,8050,4.73962,4.59215
16111,39261,2016-02-08 03:31:40.000000 UTC,6370,4.74152,7.5709
29093,28255,2016-02-03 01:10:00.000000 UTC,52150,4.74304,4.60736
29093,28255,2016-02-06 17:30:00.000000 UTC,58930,4.74351,4.18792
16111,28255,2016-02-08 03:31:40.000000 UTC,49810,4.74544,4.70673
28255,29093,2016-02-18 18:16:40.000000 UTC,55930,4.7533,5.17357
16111,28255,2016-02-10 18:20:00.000000 UTC,52930,4.75639,4.38842
29093,28255,2016-02-01 07:40:00.000000 UTC,55390,4.75739,4.07986
29093,28255,2016-02-02 15:45:00.000000 UTC,50170,4.75866,4.56662
28255,16111,2016-02-20 04:01:40.000000 UTC,23050,4.76081,4.36275
16111,28255,2016-02-10 02:46:40.000000 UTC,55270,4.76085,4.02693
29093,39261,2016-02-04 20:15:00.000000 UTC,50710,4.761,6.26169
16111,28255,2016-02-10 02:46:40.000000 UTC,55210,4.76255,4.31448
16111,28255,2016-02-10 23:01:40.000000 UTC,54070,4.76645,4.27945
16111,28255,2016-02-06 20:25:00.000000 UTC,54430,4.77013,4.14668
28255,16111,2016-02-18 05:45:00.000000 UTC,36190,4.77075,5.53187
39261,28255,2016-02-16 23:46:40.000000 UTC,46450,4.77665,4.75703
29093,39261,2016-02-03 09:46:40.000000 UTC,53950,4.77944,6.78553
16111,28255,2016-02-09 14:31:40.000000 UTC,58210,4.78103,4.334
16111,28255,2016-02-06 23:20:00.000000 UTC,48970,4.78247,5.70732
29093,39261,2016-02-01 07:01:40.000000 UTC,34930,4.78388,7.42869
28255,39261,2016-02-18 13:31:40.000000 UTC,51190,4.78472,4.72426
16111,28255,2016-02-07 19:46:40.000000 UTC,53950,4.79017,4.55391
29093,28255,2016-02-03 08:00:00.000000 UTC,47530,4.79062,4.89872
16111,28255,2016-02-07 17:25:00.000000 UTC,53410,4.7921,4.53198
16111,28255,2016-02-07 01:50:00.000000 UTC,49690,4.79351,4.5646
29093,28255,2016-02-02 02:16:40.000000 UTC,53230,4.79479,4.71691
16111,39261,2016-02-07 19:46:40.000000 UTC,58510,4.79647,6.66113
28255,29093,2016-02-18 08:16:40.000000 UTC,57910,4.79754,5.12075
29093,28255,2016-02-05 07:55:00.000000 UTC,57790,4.7988,4.37887
29093,28255,2016-02-01 02:10:00.000000 UTC,48190,4.7999,4.76743
16111,28255,2016-02-07 07:16:40.000000 UTC,57010,4.80135,4.32212
39261,28255,2016-02-13 14:30:00.000000 UTC,49870,4.80563,4.81519
16111,28255,2016-02-10 18:20:00.000000 UTC,58930,4.80726,4.4019
28255,16111,2016-02-18 15:46:40.000000 UTC,59110,4.8087,4.97771
29093,28255,2016-02-02 04:45:00.000000 UTC,53890,4.81312,4.21351
29093,28255,2016-02-04 20:15:00.000000 UTC,55270,4.81356,4.13881
29093,28255,2016-02-02 04:45:00.000000 UTC,47890,4.81424,4.19788
29093,28255,2016-02-03 09:46:40.000000 UTC,59950,4.81427,4.38662
28255,16111,2016-02-21 11:40:00.000000 UTC,43990,4.81685,6.33378
28255,29093,2016-02-18 04:46:40.000000 UTC,24910,4.81707,5.70452
39261,28255,2016-02-12 23:05:00.000000 UTC,56530,4.82085,4.95886
28255,29093,2016-02-20 09:01:40.000000 UTC,3130,4.8209,4.99248
28255,39261,2016-02-19 15:55:00.000000 UTC,46270,4.82815,5.59971
29093,28255,2016-02-01 14:40:00.000000 UTC,56890,4.83588,4.30417
16111,28255,2016-02-11 21:31:40.000000 UTC,53410,4.83984,4.64893
29093,39261,2016-02-04 22:31:40.000000 UTC,51310,4.84016,7.13996
16111,28255,2016-02-07 08:10:00.000000 UTC,51190,4.84093,4.27561
28255,16111,2016-02-20 19:46:40.000000 UTC,27970,4.84224,6.26851
16111,28255,2016-02-07 03:15:00.000000 UTC,14170,4.84747,4.32367
28255,29093,2016-02-18 09:46:40.000000 UTC,6970,4.85173,5.20984
39261,28255,2016-02-14 08:55:00.000000 UTC,55090,4.86336,4.58258
29093,28255,2016-02-03 08:00:00.000000 UTC,53530,4.86408,4.69983
29093,39261,2016-02-06 06:40:00.000000 UTC,53470,4.86512,6.96928
29093,28255,2016-02-02 03:30:00.000000 UTC,2590,4.86606,6.21457
29093,28255,2016-02-06 12:01:40.000000 UTC,57790,4.86629,4.29189
16111,28255,2016-02-07 12:00:00.000000 UTC,58090,4.86798,4.50258
39261,28255,2016-02-12 12:31:40.000000 UTC,56950,4.86897,4.76018
28255,39261,2016-02-20 14:16:40.000000 UTC,53230,4.87371,4.68669
28255,39261,2016-02-22 19:45:00.000000 UTC,49570,4.8738,7.31516
39261,28255,2016-02-13 17:01:40.000000 UTC,37810,4.87836,5.12056
16111,28255,2016-02-09 05:05:00.000000 UTC,55990,4.88173,4.41588
29093,28255,2016-02-02 18:46:40.000000 UTC,9130,4.88182,3.41055
29093,28255,2016-02-01 00:35:00.000000 UTC,59890,4.88415,4.38953
39261,28255,2016-02-14 07:20:00.000000 UTC,4390,4.88569,5.12711
16111,28255,2016-02-06 18:05:00.000000 UTC,59830,4.8867,4.46758
28255,29093,2016-02-18 10:55:00.000000 UTC,15010,4.8875,3.63997
16111,28255,2016-02-06 19:40:00.000000 UTC,54190,4.88903,4.59024
28255,29093,2016-02-19 13:10:00.000000 UTC,7150,4.88929,5.18297
16111,28255,2016-02-08 03:31:40.000000 UTC,55810,4.8899,4.57258
29093,28255,2016-02-02 02:16:40.000000 UTC,47230,4.89163,4.92899
29093,28255,2016-02-04 11:25:00.000000 UTC,26350,4.89843,7.1468
29093,28255,2016-02-03 23:00:00.000000 UTC,56830,4.90519,4.3548
29093,28255,2016-02-02 18:46:40.000000 UTC,9070,4.90573,3.78042
29093,28255,2016-02-02 15:45:00.000000 UTC,56170,4.90705,4.49605
28255,16111,2016-02-18 18:16:40.000000 UTC,38890,4.90707,5.46436
28255,16111,2016-02-18 18:16:40.000000 UTC,47410,4.91,5.65742
28255,29093,2016-02-23 00:46:40.000000 UTC,7330,4.91072,5.06923
29093,28255,2016-02-01 13:46:40.000000 UTC,50590,4.91097,4.76888
16111,28255,2016-02-07 17:25:00.000000 UTC,59410,4.91556,4.47573
28255,16111,2016-02-20 19:46:40.000000 UTC,47590,4.91898,8.24029
28255,29093,2016-02-20 12:30:00.000000 UTC,58810,4.9223,5.47599
29093,28255,2016-02-05 03:10:00.000000 UTC,56770,4.92619,4.58146
28255,16111,2016-02-18 05:16:40.000000 UTC,2950,4.93035,6.31022
39261,28255,2016-02-13 03:31:40.000000 UTC,5710,4.93307,5.60727
16111,28255,2016-02-07 05:35:00.000000 UTC,56530,4.93789,4.75294
16111,28255,2016-02-08 13:50:00.000000 UTC,34210,4.93816,5.70219
28255,29093,2016-02-23 03:20:00.000000 UTC,57550,4.94127,5.68891
39261,28255,2016-02-17 20:20:00.000000 UTC,57550,4.94779,4.76248
16111,28255,2016-02-07 19:46:40.000000 UTC,59950,4.94815,4.47377
28255,16111,2016-02-23 19:15:00.000000 UTC,28510,4.9543,3.83962
28255,29093,2016-02-22 14:50:00.000000 UTC,48850,4.95711,8.36165
16111,28255,2016-02-09 05:05:00.000000 UTC,5170,4.95922,5.89957
16111,28255,2016-02-11 01:25:00.000000 UTC,54610,4.95944,4.29748
16111,28255,2016-02-06 22:46:40.000000 UTC,48910,4.96039,5.01567
28255,29093,2016-02-19 03:16:40.000000 UTC,54190,4.96216,5.63055
28255,29093,2016-02-18 07:25:00.000000 UTC,21370,4.96847,3.95854
28255,29093,2016-02-19 03:16:40.000000 UTC,59770,4.97012,4.87135
29093,28255,2016-02-01 13:46:40.000000 UTC,56590,4.97073,4.63423
28255,29093,2016-02-23 05:55:00.000000 UTC,8890,4.97153,4.28716
29093,28255,2016-02-05 07:55:00.000000 UTC,45730,4.97379,5.28263
29093,28255,2016-02-01 08:20:00.000000 UTC,10570,4.9786,6.50301
28255,29093,2016-02-23 08:31:40.000000 UTC,56410,4.97921,3.97067
29093,28255,2016-02-01 16:31:40.000000 UTC,39130,4.98803,5.06118
29093,16111,2016-02-03 04:31:40.000000 UTC,46210,4.99081,5.54572
16111,39261,2016-02-07 17:25:00.000000 UTC,57850,4.99173,6.18484
28255,16111,2016-02-22 17:16:40.000000 UTC,3790,4.99594,5.29128
39261,28255,2016-02-18 01:45:00.000000 UTC,33370,4.99925,5.82015
29093,28255,2016-02-06 12:01:40.000000 UTC,57730,4.9995,4.65887
29093,28255,2016-02-03 09:46:40.000000 UTC,250,5.00166,5.12439
16111,39261,2016-02-07 17:25:00.000000 UTC,51790,5.00367,7.02209
16111,28255,2016-02-07 22:15:00.000000 UTC,54430,5.00382,5.0433
29093,28255,2016-02-03 01:10:00.000000 UTC,58150,5.00409,4.52563
16111,28255,2016-02-10 20:40:00.000000 UTC,59470,5.01189,4.46097
29093,16111,2016-02-05 20:16:40.000000 UTC,55750,5.02231,5.23139
39261,28255,2016-02-14 19:00:00.000000 UTC,42670,5.02533,5.35115
28255,39261,2016-02-22 19:45:00.000000 UTC,55570,5.03051,5.39958
39261,28255,2016-02-13 14:30:00.000000 UTC,37930,5.03294,4.62114
28255,29093,2016-02-18 06:01:40.000000 UTC,52930,5.03714,9.92615
39261,29093,2016-02-17 23:01:40.000000 UTC,43630,5.04606,7.24243
29093,28255,2016-02-04 22:31:40.000000 UTC,5110,5.04722,4.69439
16111,28255,2016-02-06 22:46:40.000000 UTC,54910,5.05132,4.80944
28255,29093,2016-02-20 10:45:00.000000 UTC,53590,5.05257,6.84522
28255,29093,2016-02-18 09:46:40.000000 UTC,12610,5.0526,5.12174
29093,28255,2016-02-04 22:31:40.000000 UTC,55810,5.05575,4.30768
28255,16111,2016-02-19 01:05:00.000000 UTC,37510,5.05858,5.49265
28255,16111,2016-02-23 03:20:00.000000 UTC,57430,5.05894,5.63572
28255,29093,2016-02-20 19:46:40.000000 UTC,51790,5.05959,7.66033
28255,29093,2016-02-23 03:20:00.000000 UTC,40630,5.06863,4.81057
28255,16111,2016-02-18 15:00:00.000000 UTC,59290,5.07081,5.04895
28255,16111,2016-02-18 14:15:00.000000 UTC,59470,5.08532,4.61102
39261,28255,2016-02-16 05:00:00.000000 UTC,2590,5.08708,4.07379
39261,28255,2016-02-12 20:01:40.000000 UTC,50650,5.08756,5.25196
29093,28255,2016-02-05 03:10:00.000000 UTC,56830,5.09098,4.22318
39261,28255,2016-02-12 12:31:40.000000 UTC,39010,5.09672,5.38714
16111,28255,2016-02-11 16:20:00.000000 UTC,31150,5.09688,5.00944
28255,16111,2016-02-20 21:40:00.000000 UTC,41590,5.11368,8.52673
28255,29093,2016-02-18 10:55:00.000000 UTC,46270,5.12121,7.41548
29093,39261,2016-02-01 14:40:00.000000 UTC,55030,5.13595,6.80673
28255,29093,2016-02-20 19:46:40.000000 UTC,3850,5.13664,5.88193
29093,16111,2016-02-04 11:25:00.000000 UTC,56590,5.13716,5.16364
29093,39261,2016-02-04 03:01:40.000000 UTC,46270,5.13779,7.74597
16111,39261,2016-02-09 10:40:00.000000 UTC,39310,5.14112,9.66632
16111,28255,2016-02-11 21:31:40.000000 UTC,59410,5.14167,4.60189
28255,29093,2016-02-18 16:35:00.000000 UTC,8530,5.14656,7.81419
28255,29093,2016-02-20 14:16:40.000000 UTC,27310,5.15374,3.26468
29093,28255,2016-02-05 07:55:00.000000 UTC,51730,5.1575,5.00819
39261,28255,2016-02-17 09:50:00.000000 UTC,40030,5.15761,5.44173
28255,29093,2016-02-18 15:46:40.000000 UTC,8410,5.16088,3.12568
28255,39261,2016-02-19 04:25:00.000000 UTC,57850,5.17479,4.85952
28255,16111,2016-02-23 00:46:40.000000 UTC,41350,5.1769,10.2185
28255,16111,2016-02-19 15:55:00.000000 UTC,42670,5.18358,8.60102
39261,28255,2016-02-12 22:16:40.000000 UTC,47590,5.18507,7.36103
39261,28255,2016-02-13 22:25:00.000000 UTC,22630,5.19521,5.88306
39261,28255,2016-02-16 23:46:40.000000 UTC,58390,5.20437,4.93057
28255,29093,2016-02-18 09:15:00.000000 UTC,4210,5.20726,6.2913
28255,29093,2016-02-18 07:25:00.000000 UTC,58150,5.20796,5.70677
28255,39261,2016-02-18 05:16:40.000000 UTC,56890,5.21218,4.89537
28255,29093,2016-02-20 19:46:40.000000 UTC,46030,5.21254,4.3285
39261,28255,2016-02-16 23:46:40.000000 UTC,40450,5.21715,5.61377
28255,29093,2016-02-18 11:31:40.000000 UTC,3850,5.21924,6.83919
39261,29093,2016-02-12 20:45:00.000000 UTC,39070,5.21991,5.73324
16111,28255,2016-02-07 06:25:00.000000 UTC,41890,5.22192,5.17624
16111,28255,2016-02-06 21:16:40.000000 UTC,45670,5.22354,5.73
29093,39261,2016-02-01 00:00:00.000000 UTC,39130,5.234,8.08106
29093,28255,2016-02-01 02:10:00.000000 UTC,39010,5.23646,11.1656
29093,28255,2016-02-01 13:46:40.000000 UTC,44590,5.23815,5.01963
29093,28255,2016-02-02 01:05:00.000000 UTC,58870,5.26015,4.8118
28255,29093,2016-02-23 11:10:00.000000 UTC,2650,5.26336,5.53686
29093,28255,2016-02-02 02:16:40.000000 UTC,2530,5.27499,4.42659
39261,28255,2016-02-18 01:45:00.000000 UTC,51310,5.27891,4.97206
29093,28255,2016-02-01 18:30:00.000000 UTC,51550,5.27902,5.40655
29093,39261,2016-02-05 22:50:00.000000 UTC,39370,5.28527,8.10622
28255,16111,2016-02-18 05:16:40.000000 UTC,28090,5.28747,8.5926
29093,28255,2016-02-01 22:46:40.000000 UTC,40450,5.28814,5.1532
29093,16111,2016-02-05 15:15:00.000000 UTC,55870,5.30143,5.00021
39261,28255,2016-02-14 08:55:00.000000 UTC,49090,5.30162,5.09101
28255,39261,2016-02-18 09:15:00.000000 UTC,11770,5.30237,7.40993
29093,28255,2016-02-01 18:30:00.000000 UTC,57490,5.30892,6.01296
28255,16111,2016-02-19 13:10:00.000000 UTC,59950,5.31518,5.62165
39261,28255,2016-02-16 02:46:40.000000 UTC,59290,5.32847,5.05685
29093,39261,2016-02-03 09:46:40.000000 UTC,47890,5.33471,7.95331
16111,29093,2016-02-08 15:25:00.000000 UTC,4750,5.33849,6.35297
29093,16111,2016-02-04 15:46:40.000000 UTC,56470,5.34454,5.14161
28255,16111,2016-02-18 11:31:40.000000 UTC,4150,5.34819,4.8582
39261,28255,2016-02-12 13:55:00.000000 UTC,56890,5.3524,5.67847
28255,16111,2016-02-18 17:25:00.000000 UTC,58810,5.35641,6.37498
39261,28255,2016-02-12 13:55:00.000000 UTC,54070,5.35731,6.79778
28255,29093,2016-02-18 04:46:40.000000 UTC,8050,5.36013,7.09883
28255,29093,2016-02-21 11:40:00.000000 UTC,42970,5.36192,6.18459
29093,28255,2016-02-05 00:50:00.000000 UTC,5530,5.37072,5.64496
39261,28255,2016-02-17 07:16:40.000000 UTC,58090,5.37108,4.90348
28255,16111,2016-02-23 19:15:00.000000 UTC,59470,5.3728,5.53652
28255,16111,2016-02-18 19:10:00.000000 UTC,21850,5.37478,3.84409
39261,28255,2016-02-13 00:46:40.000000 UTC,5770,5.37713,6.40726
28255,39261,2016-02-19 05:35:00.000000 UTC,45910,5.38292,6.88726
16111,28255,2016-02-06 17:55:00.000000 UTC,5950,5.3876,4.78591
29093,39261,2016-02-02 04:45:00.000000 UTC,46630,5.3879,4.81109
28255,16111,2016-02-18 10:55:00.000000 UTC,29410,5.38953,4.8982
29093,28255,2016-02-01 18:30:00.000000 UTC,57550,5.39946,5.12449
28255,16111,2016-02-18 04:46:40.000000 UTC,39310,5.39975,6.81805
28255,39261,2016-02-23 05:55:00.000000 UTC,4570,5.40069,6.39558
28255,29093,2016-02-18 06:40:00.000000 UTC,58090,5.41247,3.77742
28255,16111,2016-02-22 22:15:00.000000 UTC,53050,5.42225,7.12155
29093,39261,2016-02-05 20:16:40.000000 UTC,5590,5.42351,6.36246
28255,39261,2016-02-18 04:46:40.000000 UTC,56890,5.42649,5.89276
16111,28255,2016-02-10 16:01:40.000000 UTC,58330,5.43086,4.62649
28255,16111,2016-02-18 08:16:40.000000 UTC,35770,5.43473,9.9035
16111,28255,2016-02-11 06:16:40.000000 UTC,37630,5.44723,6.01065
39261,28255,2016-02-15 04:10:00.000000 UTC,54250,5.44946,5.56927
28255,29093,2016-02-18 11:31:40.000000 UTC,6610,5.45836,5.52228
29093,28255,2016-02-06 12:01:40.000000 UTC,54850,5.46757,6.63936
29093,39261,2016-02-01 07:40:00.000000 UTC,59230,5.47938,7.16769
28255,16111,2016-02-18 15:00:00.000000 UTC,59350,5.48291,6.29725
39261,29093,2016-02-14 01:16:40.000000 UTC,40690,5.48715,10.0947
28255,39261,2016-02-18 14:15:00.000000 UTC,45190,5.48854,5.65396
28255,16111,2016-02-23 08:31:40.000000 UTC,56290,5.4894,5.15556
29093,28255,2016-02-01 14:40:00.000000 UTC,6190,5.49027,5.76915
29093,39261,2016-02-05 05:31:40.000000 UTC,53110,5.49108,5.75979
39261,28255,2016-02-17 07:16:40.000000 UTC,52090,5.49783,5.43759
29093,28255,2016-02-01 01:15:00.000000 UTC,190,5.49838,5.25416
16111,28255,2016-02-07 11:00:00.000000 UTC,51790,5.50322,5.24617
39261,28255,2016-02-17 02:15:00.000000 UTC,46330,5.50525,5.43699
29093,28255,2016-02-01 00:05:00.000000 UTC,59530,5.50672,5.06358
28255,16111,2016-02-18 13:31:40.000000 UTC,26230,5.52817,7.82619
29093,28255,2016-02-01 19:31:40.000000 UTC,45790,5.53077,5.47961
28255,29093,2016-02-18 05:45:00.000000 UTC,58510,5.53562,6.34
39261,28255,2016-02-16 09:31:40.000000 UTC,52990,5.54083,5.4649
28255,39261,2016-02-21 22:30:00.000000 UTC,9370,5.55389,6.01359
29093,28255,2016-02-01 13:46:40.000000 UTC,38590,5.55692,5.44952
28255,29093,2016-02-18 10:55:00.000000 UTC,4030,5.56121,8.41771
29093,16111,2016-02-01 07:40:00.000000 UTC,5410,5.56404,6.16878
16111,39261,2016-02-06 21:16:40.000000 UTC,40030,5.57478,7.17954
29093,28255,2016-02-03 15:16:40.000000 UTC,55150,5.57488,4.37587
28255,39261,2016-02-23 03:20:00.000000 UTC,4570,5.58901,7.18114
29093,28255,2016-02-01 15:35:00.000000 UTC,6310,5.58932,6.06423
39261,29093,2016-02-13 14:30:00.000000 UTC,46150,5.59392,7.14778
39261,29093,2016-02-13 02:35:00.000000 UTC,34870,5.59452,10.0077
28255,16111,2016-02-20 10:45:00.000000 UTC,1870,5.6061,5.45822
39261,28255,2016-02-16 02:46:40.000000 UTC,53290,5.60639,5.62685
39261,28255,2016-02-17 04:45:00.000000 UTC,52210,5.61151,5.48571
28255,39261,2016-02-20 16:05:00.000000 UTC,53410,5.61795,6.14254
16111,39261,2016-02-06 20:25:00.000000 UTC,45850,5.62945,6.50041
28255,29093,2016-02-20 05:40:00.000000 UTC,54610,5.64391,6.34208
29093,39261,2016-02-01 15:35:00.000000 UTC,37090,5.66405,7.70152
16111,28255,2016-02-11 21:31:40.000000 UTC,2710,5.67271,3.79464
28255,16111,2016-02-22 19:45:00.000000 UTC,28390,5.68792,5.52995
28255,16111,2016-02-18 16:35:00.000000 UTC,28030,5.69668,3.8274
29093,39261,2016-02-03 01:10:00.000000 UTC,51790,5.70192,6.37648
16111,39261,2016-02-07 06:25:00.000000 UTC,42670,5.7084,5.82697
28255,16111,2016-02-18 04:46:40.000000 UTC,2950,5.71677,5.53009
29093,39261,2016-02-01 13:46:40.000000 UTC,42730,5.72468,5.36161
16111,28255,2016-02-11 21:31:40.000000 UTC,2650,5.74076,4.43582
39261,28255,2016-02-12 14:20:00.000000 UTC,44830,5.74142,5.98351
16111,39261,2016-02-11 13:46:40.000000 UTC,26650,5.75416,6.61035
16111,28255,2016-02-10 02:46:40.000000 UTC,37030,5.75836,9.31366
16111,28255,2016-02-06 18:45:00.000000 UTC,59830,5.76326,6.08138
16111,28255,2016-02-07 03:15:00.000000 UTC,55930,5.77235,5.20063
16111,39261,2016-02-06 18:05:00.000000 UTC,5950,5.77696,6.43046
16111,28255,2016-02-08 12:16:40.000000 UTC,45790,5.78589,5.36819
28255,39261,2016-02-23 08:31:40.000000 UTC,50050,5.79296,5.39784
16111,39261,2016-02-06 19:40:00.000000 UTC,45610,5.796,7.46995
16111,28255,2016-02-06 18:45:00.000000 UTC,3130,5.8006,5.37324
29093,16111,2016-02-02 20:20:00.000000 UTC,46390,5.81207,7.52191
39261,28255,2016-02-16 23:46:40.000000 UTC,52390,5.81396,5.63183
39261,28255,2016-02-13 23:50:00.000000 UTC,49390,5.82397,5.99671
28255,16111,2016-02-18 15:46:40.000000 UTC,34030,5.85111,6.32569
28255,29093,2016-02-22 17:16:40.000000 UTC,59590,5.85976,5.72918
39261,28255,2016-02-14 02:45:00.000000 UTC,58330,5.86986,8.42869
39261,28255,2016-02-16 09:31:40.000000 UTC,56050,5.87027,7.58778
29093,16111,2016-02-01 00:10:00.000000 UTC,53110,5.87672,5.55141
28255,39261,2016-02-18 06:01:40.000000 UTC,56890,5.88848,4.73987
28255,16111,2016-02-18 18:16:40.000000 UTC,36310,5.90236,8.46083
16111,28255,2016-02-06 18:45:00.000000 UTC,190,5.90343,6.03791
28255,16111,2016-02-20 05:40:00.000000 UTC,56350,5.90956,8.41394
16111,39261,2016-02-07 23:31:40.000000 UTC,47530,5.92112,5.7246
39261,28255,2016-02-17 02:15:00.000000 UTC,58270,5.92717,5.54866
28255,39261,2016-02-18 13:31:40.000000 UTC,45190,5.92788,6.06484
29093,39261,2016-02-01 08:20:00.000000 UTC,47410,5.93137,5.55529
29093,28255,2016-02-04 11:25:00.000000 UTC,59290,5.93428,5.70971
29093,39261,2016-02-02 17:15:00.000000 UTC,49810,5.93915,5.31467
29093,28255,2016-02-01 21:40:00.000000 UTC,58150,5.94145,6.31104
29093,39261,2016-02-01 13:46:40.000000 UTC,54790,5.94465,6.01501
29093,28255,2016-02-01 00:01:40.000000 UTC,56590,5.95047,7.93655
16111,39261,2016-02-10 16:01:40.000000 UTC,23530,5.95307,7.5349
16111,39261,2016-02-11 21:31:40.000000 UTC,37930,5.95519,8.42989
29093,28255,2016-02-01 01:31:40.000000 UTC,36010,5.95621,4.8393
39261,16111,2016-02-12 12:31:40.000000 UTC,53290,5.9582,8.82156
28255,29093,2016-02-19 21:45:00.000000 UTC,19630,5.96044,9.17704
28255,39261,2016-02-22 05:20:00.000000 UTC,54970,5.97212,5.62802
16111,29093,2016-02-09 18:30:00.000000 UTC,5410,5.97508,6.6771
28255,39261,2016-02-23 11:10:00.000000 UTC,50230,5.98756,6.08873
16111,39261,2016-02-10 18:20:00.000000 UTC,42310,5.98991,6.80819
28255,16111,2016-02-18 07:25:00.000000 UTC,55450,5.99315,6.24083
16111,39261,2016-02-07 04:00:00.000000 UTC,14770,6.00071,5.43896
29093,39261,2016-02-04 09:16:40.000000 UTC,47890,6.00698,6.72713
16111,28255,2016-02-07 11:00:00.000000 UTC,48730,6.01279,8.12564
16111,28255,2016-02-07 17:25:00.000000 UTC,2650,6.02711,3.95454
39261,28255,2016-02-14 02:45:00.000000 UTC,4570,6.02987,7.47418
28255,16111,2016-02-19 01:05:00.000000 UTC,51550,6.03494,6.11905
16111,29093,2016-02-08 04:55:00.000000 UTC,52390,6.03723,9.74159
39261,28255,2016-02-16 02:46:40.000000 UTC,59230,6.05125,6.52669
29093,39261,2016-02-01 09:01:40.000000 UTC,35410,6.05169,8.73821
16111,39261,2016-02-10 18:20:00.000000 UTC,54430,6.07096,5.48123
16111,28255,2016-02-07 05:35:00.000000 UTC,50530,6.09787,4.90675
28255,29093,2016-02-18 04:55:00.000000 UTC,16510,6.10381,9.62433
29093,39261,2016-02-02 08:40:00.000000 UTC,41470,6.11276,7.72688
29093,39261,2016-02-01 19:31:40.000000 UTC,50230,6.11698,6.25449
39261,28255,2016-02-16 11:50:00.000000 UTC,2350,6.13107,5.10556
28255,29093,2016-02-18 04:55:00.000000 UTC,53050,6.13519,7.50945
16111,39261,2016-02-09 05:05:00.000000 UTC,49870,6.14474,5.97506
28255,29093,2016-02-19 21:45:00.000000 UTC,45010,6.146,10.25
29093,39261,2016-02-06 17:30:00.000000 UTC,38110,6.18718,8.64821
29093,39261,2016-02-02 18:46:40.000000 UTC,50170,6.18739,6.14937
39261,28255,2016-02-12 16:50:00.000000 UTC,56650,6.18959,6.17998
28255,16111,2016-02-18 20:05:00.000000 UTC,16150,6.19631,4.94499
29093,39261,2016-02-05 20:16:40.000000 UTC,50890,6.20334,5.76212
28255,39261,2016-02-22 07:40:00.000000 UTC,15610,6.22031,3.93071
29093,28255,2016-02-06 17:30:00.000000 UTC,49690,6.22953,9.90432
28255,29093,2016-02-19 04:25:00.000000 UTC,34270,6.23326,4.53118
39261,28255,2016-02-14 20:46:40.000000 UTC,48490,6.25436,6.48863
29093,39261,2016-02-03 02:50:00.000000 UTC,52210,6.25811,5.9736
16111,39261,2016-02-06 18:05:00.000000 UTC,45190,6.26389,6.23983
28255,16111,2016-02-21 01:31:40.000000 UTC,57490,6.26485,8.01054
39261,28255,2016-02-13 06:31:40.000000 UTC,44170,6.26523,6.22005
29093,16111,2016-02-01 08:20:00.000000 UTC,58510,6.2709,5.40667
28255,39261,2016-02-21 11:40:00.000000 UTC,2950,6.2737,9.42897
16111,39261,2016-02-11 21:31:40.000000 UTC,50050,6.27645,6.28502
28255,39261,2016-02-19 05:35:00.000000 UTC,39910,6.27752,12.516
16111,28255,2016-02-07 06:25:00.000000 UTC,11830,6.28338,7.72914
29093,39261,2016-02-04 03:01:40.000000 UTC,58330,6.28418,8.59408
16111,39261,2016-02-09 05:05:00.000000 UTC,37750,6.297,7.99139
28255,16111,2016-02-19 17:20:00.000000 UTC,22570,6.29869,4.99252
28255,16111,2016-02-18 20:05:00.000000 UTC,41530,6.30601,8.89169
39261,28255,2016-02-12 20:45:00.000000 UTC,53770,6.32312,6.83745
39261,29093,2016-02-13 18:20:00.000000 UTC,50770,6.33195,8.38716
16111,28255,2016-02-08 04:55:00.000000 UTC,29110,6.36019,7.63705
16111,39261,2016-02-07 02:31:40.000000 UTC,53650,6.36201,5.83378
16111,28255,2016-02-07 14:05:00.000000 UTC,55390,6.3629,9.37851
39261,28255,2016-02-13 19:40:00.000000 UTC,43570,6.37478,6.70062
39261,28255,2016-02-12 20:45:00.000000 UTC,50590,6.37718,7.26272
39261,28255,2016-02-13 22:25:00.000000 UTC,49450,6.37752,6.91609
39261,28255,2016-02-12 23:55:00.000000 UTC,5710,6.38521,7.90305
28255,16111,2016-02-18 04:55:00.000000 UTC,33730,6.39086,10.0346
39261,28255,2016-02-14 13:50:00.000000 UTC,57910,6.40526,8.03153
29093,39261,2016-02-02 17:15:00.000000 UTC,52810,6.42061,7.52628
39261,28255,2016-02-12 20:01:40.000000 UTC,56590,6.43006,6.13692
28255,16111,2016-02-20 21:40:00.000000 UTC,41470,6.45417,4.684
29093,39261,2016-02-06 17:30:00.000000 UTC,44170,6.46274,7.19516
28255,16111,2016-02-20 12:30:00.000000 UTC,49030,6.46275,3.90452
29093,39261,2016-02-01 09:01:40.000000 UTC,53530,6.46377,7.86389
29093,39261,2016-02-01 00:46:40.000000 UTC,27310,6.48844,6.35041
39261,28255,2016-02-17 02:15:00.000000 UTC,52270,6.49775,6.41393
16111,28255,2016-02-09 06:55:00.000000 UTC,41170,6.49931,10.3675
29093,28255,2016-02-02 18:46:40.000000 UTC,26710,6.51443,10.0839
39261,29093,2016-02-17 23:01:40.000000 UTC,57670,6.5162,8.32131
16111,28255,2016-02-09 06:55:00.000000 UTC,56170,6.5193,6.45659
39261,28255,2016-02-13 23:50:00.000000 UTC,37450,6.52469,6.70732
39261,28255,2016-02-12 14:46:40.000000 UTC,6130,6.5325,8.1119
29093,39261,2016-02-01 18:30:00.000000 UTC,19750,6.53465,6.92951
16111,39261,2016-02-11 01:25:00.000000 UTC,44290,6.53705,8.48119
16111,28255,2016-02-12 00:10:00.000000 UTC,53830,6.58105,6.05596
39261,28255,2016-02-17 07:16:40.000000 UTC,58030,6.5836,6.31404
29093,28255,2016-02-02 21:55:00.000000 UTC,39310,6.58633,10.0162
16111,39261,2016-02-08 10:45:00.000000 UTC,5290,6.58676,8.02772
29093,39261,2016-02-03 01:10:00.000000 UTC,57850,6.59902,5.76838
39261,28255,2016-02-12 23:05:00.000000 UTC,5770,6.60033,7.76098
39261,29093,2016-02-13 14:30:00.000000 UTC,51790,6.60155,7.84383
29093,39261,2016-02-02 10:01:40.000000 UTC,14650,6.60414,6.99213
28255,29093,2016-02-22 05:20:00.000000 UTC,42370,6.61577,7.74944
16111,39261,2016-02-11 13:46:40.000000 UTC,53890,6.6159,6.19894
28255,16111,2016-02-20 02:25:00.000000 UTC,45910,6.64962,9.51545
29093,16111,2016-02-02 21:55:00.000000 UTC,57550,6.65066,6.22518
29093,39261,2016-02-03 02:50:00.000000 UTC,6910,6.65105,7.33349
28255,29093,2016-02-20 19:46:40.000000 UTC,46210,6.65379,10.5563
16111,28255,2016-02-07 19:46:40.000000 UTC,130,6.69297,8.94892
16111,39261,2016-02-10 11:30:00.000000 UTC,40330,6.69678,8.99968
29093,39261,2016-02-03 09:46:40.000000 UTC,50950,6.70137,7.71066
28255,29093,2016-02-19 10:31:40.000000 UTC,35950,6.72454,8.65569
28255,39261,2016-02-18 10:55:00.000000 UTC,5710,6.72836,7.65051
29093,28255,2016-02-01 09:01:40.000000 UTC,43510,6.73434,6.23926
28255,16111,2016-02-21 15:55:00.000000 UTC,23350,6.73627,5.3794
28255,39261,2016-02-21 18:05:00.000000 UTC,3250,6.74366,8.88943
28255,39261,2016-02-22 22:15:00.000000 UTC,31630,6.74943,14.7355
16111,39261,2016-02-07 08:10:00.000000 UTC,55210,6.76767,6.41369
39261,28255,2016-02-12 11:46:40.000000 UTC,6190,6.78937,8.01255
39261,28255,2016-02-14 15:31:40.000000 UTC,57910,6.78968,7.38763
39261,28255,2016-02-15 14:01:40.000000 UTC,59770,6.79004,7.46467
29093,39261,2016-02-01 05:16:40.000000 UTC,7390,6.8168,7.51278
16111,39261,2016-02-08 22:01:40.000000 UTC,59950,6.8366,6.11169
28255,16111,2016-02-20 00:50:00.000000 UTC,15310,6.84081,4.78985
28255,29093,2016-02-18 17:25:00.000000 UTC,24970,6.84425,5.49348
16111,28255,2016-02-07 08:10:00.000000 UTC,6310,6.85611,7.78049
16111,28255,2016-02-09 20:31:40.000000 UTC,59530,6.86109,5.83419
16111,28255,2016-02-06 20:25:00.000000 UTC,57370,6.86493,7.5767
39261,28255,2016-02-17 02:15:00.000000 UTC,55390,6.87128,7.27774
28255,29093,2016-02-18 05:16:40.000000 UTC,58690,6.88386,6.50983
39261,28255,2016-02-12 16:16:40.000000 UTC,44770,6.91179,6.64492
28255,29093,2016-02-18 17:25:00.000000 UTC,30730,6.9433,5.89361
39261,16111,2016-02-17 02:15:00.000000 UTC,57970,6.94344,8.80141
29093,39261,2016-02-02 17:15:00.000000 UTC,49750,6.99003,7.18155
39261,28255,2016-02-13 22:25:00.000000 UTC,55390,6.99173,9.04499
28255,39261,2016-02-19 09:15:00.000000 UTC,12850,7.00275,10.1541
29093,39261,2016-02-01 20:35:00.000000 UTC,23170,7.01072,8.04729
39261,28255,2016-02-12 19:20:00.000000 UTC,50590,7.02372,6.60619
28255,29093,2016-02-18 18:16:40.000000 UTC,36070,7.04523,4.30095
39261,28255,2016-02-13 17:01:40.000000 UTC,52750,7.04575,7.74017
16111,28255,2016-02-11 06:16:40.000000 UTC,55510,7.047,7.03021
28255,16111,2016-02-18 09:46:40.000000 UTC,32650,7.05106,9.89311
28255,16111,2016-02-18 05:45:00.000000 UTC,39130,7.08319,9.44433
28255,16111,2016-02-18 23:00:00.000000 UTC,32530,7.10048,13.8947
16111,28255,2016-02-06 17:30:00.000000 UTC,47530,7.11281,6.00273
39261,28255,2016-02-16 05:00:00.000000 UTC,47230,7.11516,5.66627
28255,39261,2016-02-18 20:05:00.000000 UTC,6130,7.11853,8.01326
28255,39261,2016-02-18 09:46:40.000000 UTC,5770,7.12919,7.88138
28255,29093,2016-02-20 12:30:00.000000 UTC,10690,7.13262,6.3603
29093,39261,2016-02-01 07:01:40.000000 UTC,53050,7.15076,6.94255
29093,39261,2016-02-05 10:20:00.000000 UTC,42190,7.1527,9.34808
28255,39261,2016-02-18 05:16:40.000000 UTC,38830,7.19991,7.00118
28255,39261,2016-02-18 17:25:00.000000 UTC,18010,7.20603,6.01099
29093,39261,2016-02-04 20:15:00.000000 UTC,44650,7.21166,7.25802
28255,16111,2016-02-21 07:31:40.000000 UTC,39370,7.22699,8.33765
29093,28255,2016-02-02 01:05:00.000000 UTC,2170,7.229,5.75605
39261,16111,2016-02-12 20:45:00.000000 UTC,3490,7.25093,8.51494
28255,29093,2016-02-18 17:25:00.000000 UTC,2770,7.25515,11.1955
29093,39261,2016-02-03 23:00:00.000000 UTC,57370,7.26585,7.01387
28255,39261,2016-02-21 07:31:40.000000 UTC,2770,7.27485,9.92271
29093,39261,2016-02-02 17:15:00.000000 UTC,43690,7.28426,8.36069
28255,29093,2016-02-19 09:15:00.000000 UTC,18970,7.29968,2.83424
28255,16111,2016-02-18 19:10:00.000000 UTC,47230,7.30686,5.51434
28255,16111,2016-02-18 23:00:00.000000 UTC,32410,7.33116,5.23101
29093,28255,2016-02-05 05:31:40.000000 UTC,6370,7.33146,8.32306
28255,16111,2016-02-22 14:50:00.000000 UTC,23950,7.34565,7.9248
39261,16111,2016-02-12 23:55:00.000000 UTC,8230,7.35656,7.62535
39261,28255,2016-02-14 02:45:00.000000 UTC,55390,7.3591,4.63739
29093,28255,2016-02-01 00:01:40.000000 UTC,8770,7.36048,5.76122
28255,39261,2016-02-22 22:15:00.000000 UTC,34630,7.36789,10.8704
29093,28255,2016-02-02 01:05:00.000000 UTC,8170,7.37433,8.05298
16111,39261,2016-02-07 01:50:00.000000 UTC,56410,7.38115,8.47346
39261,28255,2016-02-16 11:50:00.000000 UTC,58870,7.38368,6.87447
39261,16111,2016-02-12 23:55:00.000000 UTC,13810,7.38646,6.86539
39261,28255,2016-02-16 23:46:40.000000 UTC,19510,7.40611,10.2627
16111,39261,2016-02-11 21:31:40.000000 UTC,52990,7.40618,9.94091
16111,39261,2016-02-09 14:31:40.000000 UTC,52510,7.41541,7.1116
39261,28255,2016-02-12 23:05:00.000000 UTC,59470,7.41823,9.01918
29093,28255,2016-02-02 21:55:00.000000 UTC,45310,7.42191,8.38016
29093,16111,2016-02-04 05:05:00.000000 UTC,51130,7.424,7.40518
39261,28255,2016-02-13 01:40:00.000000 UTC,53350,7.43538,9.53538
29093,28255,2016-02-01 00:10:00.000000 UTC,41530,7.4542,9.1314
28255,16111,2016-02-21 18:05:00.000000 UTC,53830,7.4567,11.0008
16111,28255,2016-02-08 20:20:00.000000 UTC,35710,7.47922,9.45099
16111,28255,2016-02-06 18:45:00.000000 UTC,12130,7.48539,4.74296
28255,29093,2016-02-23 19:15:00.000000 UTC,23290,7.52012,5.33533
29093,39261,2016-02-01 00:00:00.000000 UTC,15010,7.52018,6.59356
39261,28255,2016-02-13 13:16:40.000000 UTC,28930,7.52797,10.4401
28255,16111,2016-02-19 17:20:00.000000 UTC,5890,7.54575,8.76663
28255,39261,2016-02-19 06:46:40.000000 UTC,6550,7.54699,8.47917
39261,28255,2016-02-17 07:16:40.000000 UTC,55090,7.55371,8.18285
16111,39261,2016-02-07 12:00:00.000000 UTC,56290,7.58236,7.21799
28255,29093,2016-02-22 19:45:00.000000 UTC,25450,7.59534,16.7778
16111,39261,2016-02-07 15:10:00.000000 UTC,57190,7.61118,6.95238
39261,28255,2016-02-13 13:16:40.000000 UTC,5110,7.62033,8.49952
28255,29093,2016-02-20 00:50:00.000000 UTC,18730,7.63161,6.39714
39261,28255,2016-02-14 08:55:00.000000 UTC,10390,7.65221,3.7241
16111,39261,2016-02-12 02:50:00.000000 UTC,30310,7.658,12.1172
39261,28255,2016-02-12 23:55:00.000000 UTC,59470,7.67317,8.3391
29093,39261,2016-02-03 23:00:00.000000 UTC,51310,7.68079,8.06645
28255,39261,2016-02-18 04:30:00.000000 UTC,50890,7.68219,6.65858
28255,39261,2016-02-18 05:45:00.000000 UTC,41890,7.68425,12.6906
29093,28255,2016-02-05 15:15:00.000000 UTC,47050,7.69337,8.8857
16111,28255,2016-02-07 03:15:00.000000 UTC,10990,7.70926,11.7971
39261,29093,2016-02-15 14:01:40.000000 UTC,46030,7.72145,11.057
29093,28255,2016-02-03 23:00:00.000000 UTC,59710,7.7307,8.12882
28255,29093,2016-02-18 16:35:00.000000 UTC,25210,7.73137,6.01079
28255,29093,2016-02-18 04:46:40.000000 UTC,58750,7.75841,8.4683
29093,28255,2016-02-01 12:55:00.000000 UTC,50230,7.77756,9.03233
16111,39261,2016-02-11 01:25:00.000000 UTC,56350,7.7827,9.34887
16111,39261,2016-02-08 03:31:40.000000 UTC,48610,7.79163,7.8557
29093,39261,2016-02-04 09:16:40.000000 UTC,59950,7.84274,7.4567
28255,39261,2016-02-21 18:05:00.000000 UTC,30430,7.84416,15.0422
28255,29093,2016-02-23 08:31:40.000000 UTC,25510,7.86382,6.68698
16111,39261,2016-02-08 23:45:00.000000 UTC,30190,7.87938,8.54075
28255,16111,2016-02-20 07:20:00.000000 UTC,55990,7.98456,9.26407
29093,39261,2016-02-03 09:46:40.000000 UTC,29770,7.98638,8.62507
16111,39261,2016-02-08 03:31:40.000000 UTC,30490,7.99223,8.47559
39261,28255,2016-02-12 20:01:40.000000 UTC,59650,7.99428,8.13717
29093,39261,2016-02-01 00:46:40.000000 UTC,9190,7.99491,7.49881
39261,28255,2016-02-15 16:05:00.000000 UTC,8890,8.01336,8.51625
16111,28255,2016-02-07 00:31:40.000000 UTC,55150,8.01651,6.55993
16111,39261,2016-02-06 21:16:40.000000 UTC,46030,8.02398,9.93036
39261,16111,2016-02-12 23:55:00.000000 UTC,50170,8.02767,8.2936
29093,28255,2016-02-06 04:01:40.000000 UTC,25990,8.03243,6.50246
16111,28255,2016-02-09 08:46:40.000000 UTC,56590,8.04273,8.6436
28255,16111,2016-02-22 19:45:00.000000 UTC,48070,8.0515,10.0649
28255,39261,2016-02-21 20:16:40.000000 UTC,48610,8.06275,7.38849
28255,29093,2016-02-19 23:16:40.000000 UTC,19090,8.06801,6.85437
29093,39261,2016-02-05 10:20:00.000000 UTC,30130,8.08067,8.21755
16111,39261,2016-02-07 07:16:40.000000 UTC,30790,8.11239,7.97134
28255,29093,2016-02-19 01:05:00.000000 UTC,17950,8.13516,6.31196
29093,28255,2016-02-01 02:55:00.000000 UTC,9370,8.13923,9.17696
28255,29093,2016-02-22 07:40:00.000000 UTC,19150,8.16496,7.01131
39261,29093,2016-02-13 10:55:00.000000 UTC,38470,8.17901,6.63966
39261,16111,2016-02-15 14:01:40.000000 UTC,8650,8.20398,6.42182
28255,29093,2016-02-21 03:30:00.000000 UTC,33370,8.23263,6.52122
29093,39261,2016-02-04 22:31:40.000000 UTC,39190,8.23483,10.4443
39261,29093,2016-02-12 12:15:00.000000 UTC,55150,8.23752,9.05019
39261,16111,2016-02-12 22:16:40.000000 UTC,8650,8.27181,6.82924
16111,39261,2016-02-10 23:01:40.000000 UTC,55690,8.27791,8.10468
39261,29093,2016-02-12 11:25:00.000000 UTC,38470,8.30725,7.52192
39261,28255,2016-02-16 21:20:00.000000 UTC,49450,8.33886,8.5729
29093,39261,2016-02-02 23:31:40.000000 UTC,9070,8.35251,9.30534
28255,39261,2016-02-19 10:31:40.000000 UTC,58210,8.37128,9.41132
29093,39261,2016-02-01 02:10:00.000000 UTC,51790,8.39148,8.77584
16111,39261,2016-02-08 20:20:00.000000 UTC,26170,8.39396,9.44841
39261,29093,2016-02-13 01:40:00.000000 UTC,32290,8.39848,8.16432
16111,39261,2016-02-09 05:05:00.000000 UTC,43750,8.42198,11.162
39261,28255,2016-02-12 13:55:00.000000 UTC,47830,8.42472,11.2212
16111,39261,2016-02-11 13:46:40.000000 UTC,47770,8.42592,11.1533
16111,39261,2016-02-10 13:45:00.000000 UTC,53050,8.44448,8.3203
29093,28255,2016-02-04 05:05:00.000000 UTC,57790,8.45507,9.50023
39261,28255,2016-02-13 12:05:00.000000 UTC,49870,8.46846,8.11178
28255,16111,2016-02-20 05:40:00.000000 UTC,25630,8.47503,10.2408
16111,39261,2016-02-07 06:25:00.000000 UTC,30550,8.49597,7.81696
28255,29093,2016-02-19 10:31:40.000000 UTC,4990,8.50279,9.00376
29093,39261,2016-02-03 01:10:00.000000 UTC,9490,8.50908,9.06626
28255,29093,2016-02-21 03:30:00.000000 UTC,19150,8.51806,7.16274
28255,29093,2016-02-19 04:25:00.000000 UTC,42850,8.53082,11.4419
39261,29093,2016-02-13 22:25:00.000000 UTC,27310,8.54562,7.20905
28255,29093,2016-02-20 02:25:00.000000 UTC,1570,8.57093,8.44438
28255,29093,2016-02-18 19:10:00.000000 UTC,19150,8.57707,7.52649
16111,28255,2016-02-06 17:55:00.000000 UTC,2830,8.63069,8.62473
39261,28255,2016-02-12 19:20:00.000000 UTC,38650,8.67093,7.46085
29093,28255,2016-02-01 07:01:40.000000 UTC,49030,8.67681,8.47867
39261,16111,2016-02-13 02:35:00.000000 UTC,18730,8.75951,8.73247
29093,28255,2016-02-03 23:00:00.000000 UTC,59470,8.79254,13.4265
29093,28255,2016-02-04 09:16:40.000000 UTC,20170,8.80024,2.84935
39261,28255,2016-02-14 19:00:00.000000 UTC,3850,8.81073,8.75928
28255,39261,2016-02-19 06:46:40.000000 UTC,27610,8.82076,2.64319
16111,28255,2016-02-11 21:31:40.000000 UTC,23710,8.82388,2.68209
28255,39261,2016-02-20 14:16:40.000000 UTC,10870,8.85178,2.84198
29093,16111,2016-02-01 00:10:00.000000 UTC,58690,8.87149,8.08791
28255,29093,2016-02-22 05:20:00.000000 UTC,56470,8.87334,9.487
16111,28255,2016-02-06 22:46:40.000000 UTC,28150,8.87373,2.95214
16111,28255,2016-02-06 21:16:40.000000 UTC,12850,8.87709,3.02464
29093,16111,2016-02-02 18:46:40.000000 UTC,43630,8.90493,8.40542
16111,28255,2016-02-11 21:31:40.000000 UTC,29650,8.91079,2.84762
29093,28255,2016-02-01 03:46:40.000000 UTC,30730,8.91365,3.01901
28255,29093,2016-02-18 15:46:40.000000 UTC,28090,8.92133,2.67815
16111,28255,2016-02-10 23:01:40.000000 UTC,18310,8.92811,2.93763
16111,28255,2016-02-07 11:00:00.000000 UTC,30790,8.93608,7.48372
16111,28255,2016-02-07 04:46:40.000000 UTC,32230,8.9388,12.1282
29093,28255,2016-02-01 03:46:40.000000 UTC,18790,8.94138,3.07878
16111,28255,2016-02-06 22:46:40.000000 UTC,34090,8.95385,3.10291
28255,39261,2016-02-21 15:55:00.000000 UTC,8890,8.97538,2.94232
28255,29093,2016-02-18 15:00:00.000000 UTC,28210,8.98463,2.58922
39261,29093,2016-02-17 23:01:40.000000 UTC,40750,8.99419,6.22124
29093,28255,2016-02-04 20:15:00.000000 UTC,34390,9.0016,3.25358
16111,28255,2016-02-06 21:45:00.000000 UTC,54430,9.00913,10.5967
16111,28255,2016-02-12 00:10:00.000000 UTC,32950,9.01306,3.5527
16111,39261,2016-02-06 17:55:00.000000 UTC,20950,9.02833,9.23394
16111,39261,2016-02-06 21:16:40.000000 UTC,9850,9.02834,7.42558
28255,39261,2016-02-18 05:45:00.000000 UTC,38890,9.05318,15.4239
16111,28255,2016-02-06 21:16:40.000000 UTC,6850,9.06429,3.40682
16111,39261,2016-02-10 13:45:00.000000 UTC,43930,9.067,10.8719
28255,16111,2016-02-20 10:45:00.000000 UTC,13030,9.06849,8.20919
28255,16111,2016-02-20 21:40:00.000000 UTC,30370,9.09005,6.5781
39261,28255,2016-02-14 01:16:40.000000 UTC,16750,9.09743,3.39058
16111,28255,2016-02-10 02:46:40.000000 UTC,34330,9.12012,3.19862
39261,28255,2016-02-14 20:46:40.000000 UTC,36550,9.12936,7.35774
28255,29093,2016-02-18 16:35:00.000000 UTC,5410,9.15331,3.06157
39261,28255,2016-02-12 12:15:00.000000 UTC,36250,9.1744,3.29733
39261,16111,2016-02-12 23:05:00.000000 UTC,42010,9.17805,8.78548
39261,16111,2016-02-12 23:05:00.000000 UTC,50410,9.17832,8.227
39261,28255,2016-02-17 07:16:40.000000 UTC,28270,9.194,3.72964
28255,39261,2016-02-21 20:16:40.000000 UTC,15430,9.19881,9.56369
28255,29093,2016-02-19 13:10:00.000000 UTC,35230,9.22184,3.52332
29093,28255,2016-02-03 02:50:00.000000 UTC,1750,9.23858,8.87884
28255,29093,2016-02-23 05:55:00.000000 UTC,28690,9.2476,3.21009
16111,28255,2016-02-07 01:50:00.000000 UTC,31810,9.26646,3.62746
28255,29093,2016-02-19 15:55:00.000000 UTC,28990,9.26821,3.02795
28255,29093,2016-02-18 10:55:00.000000 UTC,20650,9.27413,3.05255
29093,39261,2016-02-04 18:00:00.000000 UTC,50110,9.28072,8.18379
28255,39261,2016-02-18 16:35:00.000000 UTC,33130,9.30185,3.7026
28255,39261,2016-02-21 15:55:00.000000 UTC,15010,9.31516,3.60594
28255,29093,2016-02-18 19:10:00.000000 UTC,33310,9.32368,5.65837
16111,39261,2016-02-09 14:31:40.000000 UTC,34390,9.32713,7.63427
16111,39261,2016-02-11 13:46:40.000000 UTC,53830,9.32824,9.02543
28255,39261,2016-02-22 07:40:00.000000 UTC,27730,9.33181,3.54739
28255,16111,2016-02-19 21:45:00.000000 UTC,41410,9.34117,11.2194
28255,29093,2016-02-23 00:46:40.000000 UTC,32650,9.34334,3.82301
28255,29093,2016-02-18 15:00:00.000000 UTC,11410,9.3686,3.33042
28255,29093,2016-02-18 07:25:00.000000 UTC,35530,9.3858,3.71239
28255,29093,2016-02-19 13:10:00.000000 UTC,32410,9.39999,3.72613
29093,28255,2016-02-02 17:15:00.000000 UTC,32590,9.42266,3.87672
28255,16111,2016-02-18 05:45:00.000000 UTC,2830,9.43204,12.2549
29093,39261,2016-02-01 13:46:40.000000 UTC,21610,9.44247,3.89565
29093,28255,2016-02-01 01:15:00.000000 UTC,30070,9.48519,3.69629
28255,39261,2016-02-19 18:46:40.000000 UTC,58570,9.495,9.37653
39261,28255,2016-02-12 11:46:40.000000 UTC,50890,9.51633,7.83014
39261,29093,2016-02-12 20:45:00.000000 UTC,55990,9.52248,8.7124
16111,28255,2016-02-11 01:25:00.000000 UTC,27670,9.52737,4.19516
16111,39261,2016-02-06 22:46:40.000000 UTC,10270,9.53587,8.0813
39261,28255,2016-02-12 14:20:00.000000 UTC,50770,9.54187,8.84186
28255,39261,2016-02-19 11:50:00.000000 UTC,27970,9.54833,3.94203
16111,39261,2016-02-07 19:46:40.000000 UTC,58450,9.55913,10.168
39261,28255,2016-02-17 04:45:00.000000 UTC,55150,9.58066,9.18279
39261,28255,2016-02-12 21:30:00.000000 UTC,35770,9.59254,4.15757
29093,28255,2016-02-02 21:55:00.000000 UTC,33550,9.59342,4.14909
16111,29093,2016-02-06 22:46:40.000000 UTC,17770,9.59982,3.90287
16111,28255,2016-02-07 12:00:00.000000 UTC,34150,9.60606,4.43765
28255,29093,2016-02-18 10:55:00.000000 UTC,35050,9.61573,9.64713
28255,29093,2016-02-18 09:46:40.000000 UTC,32350,9.62161,4.71678
28255,29093,2016-02-22 17:16:40.000000 UTC,42850,9.65277,15.594
29093,39261,2016-02-05 05:31:40.000000 UTC,44050,9.67468,6.67321
16111,39261,2016-02-07 17:25:00.000000 UTC,57790,9.6915,9.19252
28255,16111,2016-02-20 00:50:00.000000 UTC,46210,9.69381,6.95267
39261,29093,2016-02-13 13:16:40.000000 UTC,6970,9.6961,11.0617
28255,16111,2016-02-21 11:40:00.000000 UTC,38290,9.7016,4.05818
29093,39261,2016-02-01 07:40:00.000000 UTC,47230,9.72343,4.71907
29093,28255,2016-02-05 20:16:40.000000 UTC,9550,9.76692,4.23221
28255,29093,2016-02-19 23:16:40.000000 UTC,38710,9.77471,2.79582
28255,39261,2016-02-19 06:46:40.000000 UTC,33790,9.81425,4.59872
29093,28255,2016-02-01 15:35:00.000000 UTC,33010,9.82411,4.88346
29093,28255,2016-02-01 00:35:00.000000 UTC,35890,9.83669,4.74128
28255,29093,2016-02-19 17:20:00.000000 UTC,6250,9.83733,4.5498
28255,39261,2016-02-20 09:01:40.000000 UTC,22870,9.83966,5.02361
29093,28255,2016-02-05 20:16:40.000000 UTC,27430,9.85855,4.46452
29093,39261,2016-02-05 00:50:00.000000 UTC,15610,9.86291,10.1409
16111,39261,2016-02-07 15:10:00.000000 UTC,14890,9.87757,10.3717
39261,29093,2016-02-16 05:00:00.000000 UTC,45190,9.88363,8.72757
28255,29093,2016-02-18 12:10:00.000000 UTC,3850,9.9154,11.6088
28255,16111,2016-02-20 00:50:00.000000 UTC,32170,9.94506,4.64029
29093,28255,2016-02-02 03:30:00.000000 UTC,53290,9.99516,9.30089
39261,28255,2016-02-13 14:30:00.000000 UTC,34930,10.0383,5.38883
28255,29093,2016-02-23 19:15:00.000000 UTC,37450,10.05,4.61266
29093,16111,2016-02-04 22:31:40.000000 UTC,53530,10.1075,8.85524
28255,29093,2016-02-23 08:31:40.000000 UTC,25570,10.1101,7.50755
29093,28255,2016-02-05 20:16:40.000000 UTC,3550,10.1178,4.76291
16111,39261,2016-02-11 21:31:40.000000 UTC,4690,10.1243,11.7948
16111,39261,2016-02-09 14:31:40.000000 UTC,58510,10.1258,9.43807
28255,39261,2016-02-18 08:16:40.000000 UTC,5770,10.1441,12.1388
29093,39261,2016-02-02 14:16:40.000000 UTC,54970,10.1472,10.0777
16111,28255,2016-02-11 21:31:40.000000 UTC,35410,10.1546,5.29992
16111,28255,2016-02-10 09:16:40.000000 UTC,56530,10.1657,5.84424
16111,39261,2016-02-08 22:01:40.000000 UTC,59890,10.166,8.49331
28255,29093,2016-02-20 16:05:00.000000 UTC,58270,10.1706,11.5572
39261,28255,2016-02-13 15:45:00.000000 UTC,34870,10.1714,5.29692
16111,39261,2016-02-12 05:31:40.000000 UTC,40150,10.1866,13.279
16111,39261,2016-02-06 23:20:00.000000 UTC,4390,10.1869,8.74249
16111,39261,2016-02-12 08:15:00.000000 UTC,34930,10.199,8.97031
39261,29093,2016-02-15 14:01:40.000000 UTC,48790,10.2054,10.2004
16111,39261,2016-02-10 18:20:00.000000 UTC,21130,10.2158,5.53139
28255,16111,2016-02-20 07:20:00.000000 UTC,22510,10.2547,14.3268
16111,28255,2016-02-10 23:01:40.000000 UTC,12010,10.2564,10.356
28255,29093,2016-02-22 19:45:00.000000 UTC,59170,10.2678,10.3852
39261,28255,2016-02-12 19:20:00.000000 UTC,56530,10.2794,9.12626
29093,16111,2016-02-04 22:31:40.000000 UTC,14350,10.3397,5.36047
39261,28255,2016-02-17 09:50:00.000000 UTC,28150,10.3538,3.6895
29093,28255,2016-02-01 07:01:40.000000 UTC,49090,10.3651,6.16542
28255,16111,2016-02-21 22:30:00.000000 UTC,47110,10.3957,5.19082
39261,16111,2016-02-13 23:50:00.000000 UTC,32830,10.3966,5.49547
39261,16111,2016-02-17 15:01:40.000000 UTC,4270,10.4088,11.1143
28255,29093,2016-02-18 12:10:00.000000 UTC,51730,10.43,12.1267
39261,16111,2016-02-15 22:25:00.000000 UTC,14890,10.4824,5.54716
28255,29093,2016-02-20 07:20:00.000000 UTC,23410,10.4938,15.3409
28255,39261,2016-02-22 07:40:00.000000 UTC,27970,10.5089,12.7717
29093,39261,2016-02-04 22:31:40.000000 UTC,33190,10.5301,7.4789
28255,29093,2016-02-18 05:45:00.000000 UTC,7930,10.5493,10.7492
39261,16111,2016-02-15 08:01:40.000000 UTC,49390,10.5677,8.66399
29093,28255,2016-02-06 12:01:40.000000 UTC,24610,10.5872,13.044
29093,28255,2016-02-04 07:10:00.000000 UTC,4510,10.5948,11.7276
16111,28255,2016-02-11 13:46:40.000000 UTC,39490,10.6244,6.27265
28255,16111,2016-02-23 19:15:00.000000 UTC,53890,10.6753,5.67031
28255,29093,2016-02-21 11:40:00.000000 UTC,56830,10.7088,7.8426
39261,16111,2016-02-17 23:01:40.000000 UTC,27250,10.7117,10.7947
28255,29093,2016-02-20 00:50:00.000000 UTC,44290,10.7182,6.25337
29093,39261,2016-02-02 10:01:40.000000 UTC,29710,10.7252,11.6746
28255,16111,2016-02-19 11:50:00.000000 UTC,43630,10.7415,11.0345
29093,39261,2016-02-04 22:31:40.000000 UTC,9010,10.7525,10.7193
16111,28255,2016-02-09 10:40:00.000000 UTC,51130,10.7585,6.89122
16111,28255,2016-02-12 02:50:00.000000 UTC,48550,10.7641,6.34265
16111,39261,2016-02-11 01:25:00.000000 UTC,38230,10.7758,10.5526
28255,16111,2016-02-18 05:05:00.000000 UTC,2950,10.7912,9.55983
29093,28255,2016-02-01 21:40:00.000000 UTC,1630,10.7916,10.5033
16111,29093,2016-02-08 23:45:00.000000 UTC,58510,10.7944,8.14231
16111,28255,2016-02-07 02:31:40.000000 UTC,43750,10.804,6.4999
28255,16111,2016-02-22 12:25:00.000000 UTC,4990,10.8183,10.7218
29093,28255,2016-02-01 00:25:00.000000 UTC,2830,10.8324,10.4197
29093,16111,2016-02-05 22:50:00.000000 UTC,38890,10.8524,6.43063
29093,39261,2016-02-04 09:16:40.000000 UTC,35770,10.8587,10.0166
29093,28255,2016-02-01 05:16:40.000000 UTC,48730,10.8601,6.79165
29093,39261,2016-02-01 00:25:00.000000 UTC,51310,10.8738,10.5037
28255,29093,2016-02-23 19:15:00.000000 UTC,43150,10.8818,6.28306
39261,29093,2016-02-15 08:01:40.000000 UTC,55870,10.9065,9.15303
29093,28255,2016-02-02 15:45:00.000000 UTC,59110,10.9166,7.87343
39261,29093,2016-02-13 18:20:00.000000 UTC,53590,10.9976,9.36896
39261,28255,2016-02-16 21:20:00.000000 UTC,52390,11.0028,9.67207
28255,16111,2016-02-22 07:40:00.000000 UTC,45250,11.0131,16.1574
28255,29093,2016-02-18 16:35:00.000000 UTC,50710,11.1525,6.94172
28255,29093,2016-02-20 04:01:40.000000 UTC,24070,11.155,15.637
28255,16111,2016-02-20 07:20:00.000000 UTC,47650,11.155,13.1128
39261,16111,2016-02-12 14:46:40.000000 UTC,52630,11.1797,8.74866
28255,39261,2016-02-21 01:31:40.000000 UTC,2530,11.2214,7.82112
29093,28255,2016-02-01 04:45:00.000000 UTC,12670,11.2308,11.274
39261,29093,2016-02-12 11:35:00.000000 UTC,10270,11.2536,7.5919
29093,39261,2016-02-02 02:16:40.000000 UTC,33790,11.3032,8.52592
28255,39261,2016-02-21 22:30:00.000000 UTC,33550,11.3073,7.61052
39261,16111,2016-02-13 04:30:00.000000 UTC,7150,11.3252,11.2184
28255,29093,2016-02-22 17:16:40.000000 UTC,59650,11.3304,7.73819
16111,28255,2016-02-11 21:31:40.000000 UTC,23350,11.3723,9.34963
39261,28255,2016-02-12 16:50:00.000000 UTC,50650,11.3748,10.1166
29093,28255,2016-02-03 23:00:00.000000 UTC,56590,11.3899,7.85314
16111,28255,2016-02-08 03:31:40.000000 UTC,55630,11.3921,7.98765
39261,29093,2016-02-12 19:20:00.000000 UTC,56410,11.4068,9.13168
39261,28255,2016-02-15 00:25:00.000000 UTC,3610,11.4096,7.49581
28255,39261,2016-02-21 01:31:40.000000 UTC,26710,11.4125,15.2464
28255,29093,2016-02-22 12:25:00.000000 UTC,54970,11.4327,7.72423
16111,28255,2016-02-12 02:50:00.000000 UTC,45430,11.4404,12.6952
28255,29093,2016-02-20 21:40:00.000000 UTC,26110,11.4604,7.44293
28255,29093,2016-02-18 13:31:40.000000 UTC,20470,11.5264,7.26945
29093,28255,2016-02-01 23:55:00.000000 UTC,28630,11.5529,15.72
29093,39261,2016-02-04 05:05:00.000000 UTC,40750,11.5775,11.0145
16111,28255,2016-02-07 07:16:40.000000 UTC,56770,11.6064,8.28072
16111,28255,2016-02-06 19:01:40.000000 UTC,26950,11.6941,8.64287
16111,39261,2016-02-10 20:40:00.000000 UTC,42910,11.7241,11.5755
39261,29093,2016-02-13 18:20:00.000000 UTC,59230,11.7491,10.3099
16111,39261,2016-02-11 13:46:40.000000 UTC,35710,11.7891,10.0075
29093,39261,2016-02-02 12:50:00.000000 UTC,48550,11.8233,10.475
28255,16111,2016-02-20 05:40:00.000000 UTC,39670,11.848,17.6546
16111,28255,2016-02-08 09:15:00.000000 UTC,44950,11.8638,12.5931
39261,16111,2016-02-13 14:30:00.000000 UTC,26890,11.8672,11.4841
16111,28255,2016-02-07 04:46:40.000000 UTC,59110,11.8931,10.5722
16111,28255,2016-02-07 06:25:00.000000 UTC,8770,11.8962,11.6846
29093,28255,2016-02-03 13:25:00.000000 UTC,54430,11.9382,13.9742
16111,39261,2016-02-07 01:10:00.000000 UTC,47110,11.9887,13.155
39261,16111,2016-02-15 16:05:00.000000 UTC,25030,12.0641,11.8392
39261,29093,2016-02-12 13:10:00.000000 UTC,1450,12.1046,12.3817
28255,39261,2016-02-21 15:55:00.000000 UTC,15190,12.1477,8.76878
16111,28255,2016-02-07 23:31:40.000000 UTC,1210,12.2588,12.4081
16111,28255,2016-02-09 20:31:40.000000 UTC,2710,12.2653,9.20125
28255,16111,2016-02-18 06:40:00.000000 UTC,2650,12.2744,17.0935
29093,39261,2016-02-01 04:45:00.000000 UTC,52390,12.3389,10.3781
29093,39261,2016-02-01 22:46:40.000000 UTC,57010,12.3423,11.9703
29093,39261,2016-02-02 01:05:00.000000 UTC,51550,12.3719,11.3325
28255,16111,2016-02-18 11:31:40.000000 UTC,1390,12.3775,12.2815
29093,39261,2016-02-05 10:20:00.000000 UTC,27070,12.4106,9.87779
28255,39261,2016-02-20 05:40:00.000000 UTC,55990,12.4837,11.4197
39261,16111,2016-02-13 13:16:40.000000 UTC,21490,12.5343,7.6151
29093,39261,2016-02-01 07:01:40.000000 UTC,52990,12.5467,11.9472
28255,39261,2016-02-20 05:40:00.000000 UTC,7750,12.8379,14.3857
39261,16111,2016-02-13 12:05:00.000000 UTC,16330,12.9136,13.0567
39261,16111,2016-02-12 21:30:00.000000 UTC,25690,12.9622,12.7282
28255,29093,2016-02-18 11:31:40.000000 UTC,57370,12.983,7.80557
16111,39261,2016-02-06 21:16:40.000000 UTC,42970,13.0052,9.56298
16111,28255,2016-02-09 20:31:40.000000 UTC,5650,13.0162,13.319
28255,39261,2016-02-20 16:05:00.000000 UTC,44350,13.1185,8.32882
39261,16111,2016-02-15 00:25:00.000000 UTC,17890,13.1481,13.0549
28255,29093,2016-02-21 01:31:40.000000 UTC,53590,13.1943,18.9675
29093,28255,2016-02-01 02:55:00.000000 UTC,3370,13.3084,12.4707
28255,39261,2016-02-18 21:01:40.000000 UTC,48550,13.44,8.95906
16111,39261,2016-02-08 09:15:00.000000 UTC,31990,13.5485,13.5499
39261,28255,2016-02-14 20:46:40.000000 UTC,42490,13.63,11.2194
16111,28255,2016-02-06 18:45:00.000000 UTC,32830,13.7706,12.1997
29093,39261,2016-02-01 12:55:00.000000 UTC,9190,13.9403,13.1894
28255,29093,2016-02-21 03:30:00.000000 UTC,8110,14.0072,14.9133
16111,39261,2016-02-08 20:20:00.000000 UTC,29170,14.1791,14.7943
16111,28255,2016-02-11 21:31:40.000000 UTC,11350,14.2076,14.2627
28255,39261,2016-02-20 02:25:00.000000 UTC,1570,14.4592,15.711
39261,16111,2016-02-14 01:16:40.000000 UTC,13090,14.4686,20.8242
16111,39261,2016-02-07 06:25:00.000000 UTC,3310,14.5975,14.0875
16111,28255,2016-02-08 22:01:40.000000 UTC,9250,14.6272,13.9307
16111,39261,2016-02-09 08:46:40.000000 UTC,14590,14.7238,14.569
16111,28255,2016-02-06 22:15:00.000000 UTC,36610,14.8097,13.3028
29093,28255,2016-02-01 12:55:00.000000 UTC,8410,14.8435,14.7881
29093,28255,2016-02-03 15:16:40.000000 UTC,1330,14.8509,14.9223
39261,16111,2016-02-12 12:50:00.000000 UTC,53170,14.8792,18.4899
29093,28255,2016-02-01 02:31:40.000000 UTC,17830,14.9481,21.2734
16111,39261,2016-02-11 08:45:00.000000 UTC,40210,14.9749,15.2444
29093,28255,2016-02-06 01:25:00.000000 UTC,13390,14.9952,14.3833
39261,28255,2016-02-14 02:45:00.000000 UTC,1750,15.0274,15.2608
16111,28255,2016-02-07 00:31:40.000000 UTC,58090,15.0452,9.54547
16111,39261,2016-02-10 09:16:40.000000 UTC,33610,15.059,15.4873
39261,16111,2016-02-12 16:16:40.000000 UTC,55030,15.1686,15.7043
29093,39261,2016-02-01 12:05:00.000000 UTC,33130,15.2009,15.1388
16111,28255,2016-02-11 21:31:40.000000 UTC,8410,15.2263,12.339
39261,29093,2016-02-17 09:50:00.000000 UTC,10510,15.4399,21.0049
28255,39261,2016-02-20 00:50:00.000000 UTC,47290,15.4573,24.5865
29093,28255,2016-02-04 22:31:40.000000 UTC,13690,15.5872,15.6789
28255,16111,2016-02-23 13:50:00.000000 UTC,49690,15.5955,18.489
28255,39261,2016-02-20 02:25:00.000000 UTC,7630,15.6367,18.4776
28255,16111,2016-02-20 07:20:00.000000 UTC,2950,15.7138,15.5974
28255,29093,2016-02-19 15:55:00.000000 UTC,12430,15.795,15.7544
39261,16111,2016-02-13 03:31:40.000000 UTC,1930,15.8484,21.0929
29093,39261,2016-02-01 08:20:00.000000 UTC,5050,15.9965,11.8384
29093,28255,2016-02-01 01:50:00.000000 UTC,20950,16.0341,15.2914
28255,39261,2016-02-18 04:30:00.000000 UTC,8470,16.0722,20.248
28255,29093,2016-02-18 12:10:00.000000 UTC,6730,16.1021,16.1364
16111,28255,2016-02-08 07:46:40.000000 UTC,2710,16.1459,19.1912
28255,39261,2016-02-23 08:31:40.000000 UTC,2110,16.1865,21.398
39261,16111,2016-02-12 15:15:00.000000 UTC,44170,16.1878,16.431
29093,28255,2016-02-01 05:16:40.000000 UTC,670,16.2162,19.5519
16111,39261,2016-02-06 23:55:00.000000 UTC,10330,16.2498,19.6685
28255,16111,2016-02-21 15:55:00.000000 UTC,59530,16.3373,25.1669
16111,39261,2016-02-11 11:15:00.000000 UTC,28930,16.4104,13.5924
39261,29093,2016-02-12 16:50:00.000000 UTC,54190,16.4144,12.87
28255,39261,2016-02-23 16:31:40.000000 UTC,59530,16.4551,13.1206
29093,28255,2016-02-01 01:00:00.000000 UTC,5710,16.4869,19.689
28255,29093,2016-02-18 04:30:00.000000 UTC,50470,16.5041,9.20939
39261,16111,2016-02-12 11:10:00.000000 UTC,11650,16.5447,14.0347
28255,16111,2016-02-23 00:46:40.000000 UTC,2230,16.5634,11.4499
39261,16111,2016-02-12 20:45:00.000000 UTC,3430,16.6072,18.7859
39261,28255,2016-02-13 00:46:40.000000 UTC,8350,16.6281,19.6815
28255,39261,2016-02-23 05:55:00.000000 UTC,1570,16.6432,12.9693
39261,28255,2016-02-14 20:46:40.000000 UTC,6430,16.656,20.1787
39261,28255,2016-02-12 19:20:00.000000 UTC,8590,16.6613,19.4639
29093,28255,2016-02-01 02:31:40.000000 UTC,6010,16.6832,19.9099
29093,39261,2016-02-02 03:30:00.000000 UTC,3610,16.6885,20.6277
39261,28255,2016-02-15 06:05:00.000000 UTC,15250,16.7205,16.1619
39261,28255,2016-02-17 02:15:00.000000 UTC,3970,16.7312,23.1354
28255,39261,2016-02-18 07:50:00.000000 UTC,14650,16.7388,19.7718
16111,39261,2016-02-07 21:00:00.000000 UTC,28570,16.8912,17.5882
39261,29093,2016-02-13 13:16:40.000000 UTC,9790,16.9172,13.5094
39261,16111,2016-02-14 15:31:40.000000 UTC,9310,16.9228,20.3076
16111,39261,2016-02-11 13:46:40.000000 UTC,11230,16.9263,20.7913
29093,39261,2016-02-01 00:00:00.000000 UTC,14710,16.9331,19.6813
39261,29093,2016-02-14 13:50:00.000000 UTC,37390,16.9567,23.5871
28255,16111,2016-02-18 05:30:00.000000 UTC,8530,16.9582,18.3739
29093,28255,2016-02-03 23:00:00.000000 UTC,3190,16.974,17.1224
16111,39261,2016-02-09 05:05:00.000000 UTC,13330,16.9789,19.6317
28255,29093,2016-02-18 08:16:40.000000 UTC,1570,16.9885,12.3211
29093,39261,2016-02-04 01:00:00.000000 UTC,9130,17.0036,21.6248
16111,28255,2016-02-09 14:31:40.000000 UTC,49030,17.0257,9.46039
39261,29093,2016-02-12 15:45:00.000000 UTC,9190,17.0513,19.1317
29093,28255,2016-02-05 07:55:00.000000 UTC,3490,17.0524,20.2969
29093,16111,2016-02-01 02:10:00.000000 UTC,8110,17.0714,20.0423
16111,39261,2016-02-08 10:45:00.000000 UTC,14110,17.0716,20.3016
29093,39261,2016-02-01 09:01:40.000000 UTC,5050,17.0844,19.2353
16111,29093,2016-02-11 06:16:40.000000 UTC,9010,17.0936,20.1142
16111,28255,2016-02-07 01:10:00.000000 UTC,36790,17.098,24.1333
39261,16111,2016-02-13 06:31:40.000000 UTC,12490,17.1234,21.5014
29093,16111,2016-02-05 10:20:00.000000 UTC,54970,17.1451,27.4177
16111,39261,2016-02-08 09:15:00.000000 UTC,7870,17.1705,13.6269
16111,39261,2016-02-08 03:31:40.000000 UTC,12670,17.1752,21.5456
16111,39261,2016-02-07 02:31:40.000000 UTC,11290,17.2362,12.2403
28255,16111,2016-02-21 18:05:00.000000 UTC,6370,17.2579,18.9631
39261,16111,2016-02-13 04:30:00.000000 UTC,12490,17.2752,20.0004
16111,29093,2016-02-09 10:40:00.000000 UTC,47110,17.2799,24.6327
39261,16111,2016-02-15 02:16:40.000000 UTC,11650,17.2913,19.7838
29093,39261,2016-02-01 17:30:00.000000 UTC,19390,17.2929,17.2963
29093,16111,2016-02-03 19:05:00.000000 UTC,6370,17.2932,20.8241
39261,28255,2016-02-14 08:55:00.000000 UTC,7630,17.2999,22.1545
29093,39261,2016-02-01 00:46:40.000000 UTC,14890,17.324,20.3445
28255,16111,2016-02-22 03:01:40.000000 UTC,1810,17.3274,21.3106
39261,29093,2016-02-12 13:55:00.000000 UTC,9490,17.3358,20.9286
28255,39261,2016-02-23 03:20:00.000000 UTC,7390,17.3524,21.1602
39261,16111,2016-02-13 06:31:40.000000 UTC,14950,17.3711,19.7846
29093,39261,2016-02-05 03:10:00.000000 UTC,40330,17.3732,17.6492
39261,28255,2016-02-13 02:35:00.000000 UTC,15070,17.3775,23.7709
39261,28255,2016-02-18 04:30:00.000000 UTC,9070,17.3992,19.801
16111,39261,2016-02-10 13:45:00.000000 UTC,16810,17.4088,10.3282
29093,39261,2016-02-05 22:50:00.000000 UTC,51370,17.4264,17.4278
28255,39261,2016-02-18 10:55:00.000000 UTC,9130,17.432,18.7149
29093,39261,2016-02-01 22:46:40.000000 UTC,15010,17.4419,20.6553
29093,39261,2016-02-02 01:05:00.000000 UTC,57550,17.4669,17.3674
39261,28255,2016-02-13 21:01:40.000000 UTC,13330,17.4817,20.8943
39261,29093,2016-02-12 16:50:00.000000 UTC,9310,17.4827,20.2105
16111,28255,2016-02-09 14:31:40.000000 UTC,3910,17.4846,20.6453
16111,29093,2016-02-08 07:46:40.000000 UTC,6910,17.4922,23.3019
39261,16111,2016-02-12 11:05:00.000000 UTC,53650,17.4943,17.2987
28255,29093,2016-02-19 08:00:00.000000 UTC,25270,17.5083,13.3748
39261,28255,2016-02-12 23:55:00.000000 UTC,15190,17.5105,23.7855
16111,39261,2016-02-07 10:01:40.000000 UTC,6970,17.517,21.728
16111,29093,2016-02-07 06:25:00.000000 UTC,1390,17.5262,21.4195
29093,16111,2016-02-04 11:25:00.000000 UTC,12070,17.5274,20.888
39261,16111,2016-02-13 18:20:00.000000 UTC,9010,17.5306,10.5303
16111,29093,2016-02-08 23:45:00.000000 UTC,7270,17.5456,23.844
29093,39261,2016-02-01 14:40:00.000000 UTC,12910,17.5493,20.5251
16111,39261,2016-02-10 20:40:00.000000 UTC,12970,17.5502,20.7184
28255,39261,2016-02-21 20:16:40.000000 UTC,11830,17.5516,23.4486
28255,29093,2016-02-18 10:55:00.000000 UTC,13030,17.5518,22.6189
29093,28255,2016-02-02 20:20:00.000000 UTC,9130,17.5638,10.7695
29093,28255,2016-02-01 22:46:40.000000 UTC,4270,17.5684,20.452
28255,29093,2016-02-18 04:31:40.000000 UTC,13450,17.5827,22.4911
28255,39261,2016-02-22 19:45:00.000000 UTC,1090,17.5939,20.7323
29093,39261,2016-02-03 04:31:40.000000 UTC,15970,17.5973,21.3032
16111,39261,2016-02-10 09:16:40.000000 UTC,15190,17.5993,20.8829
28255,39261,2016-02-18 06:01:40.000000 UTC,8290,17.6036,22.2664
29093,16111,2016-02-03 01:10:00.000000 UTC,12310,17.6163,22.4256
16111,39261,2016-02-07 04:46:40.000000 UTC,5650,17.6237,20.0897
29093,28255,2016-02-03 01:10:00.000000 UTC,10570,17.6276,22.9205
29093,28255,2016-02-03 15:16:40.000000 UTC,7030,17.6284,17.7847
29093,28255,2016-02-04 09:16:40.000000 UTC,4330,17.641,23.8006
39261,28255,2016-02-13 02:35:00.000000 UTC,2710,17.6479,17.7389
39261,29093,2016-02-13 21:01:40.000000 UTC,19210,17.6518,11.1829
39261,29093,2016-02-12 15:45:00.000000 UTC,14830,17.665,19.1061
16111,39261,2016-02-10 11:30:00.000000 UTC,10570,17.6718,22.6514
28255,16111,2016-02-19 06:46:40.000000 UTC,39190,17.6765,15.0876
28255,16111,2016-02-18 06:40:00.000000 UTC,5470,17.6824,17.2826
29093,28255,2016-02-01 07:40:00.000000 UTC,1750,17.7066,13.7812
28255,16111,2016-02-18 05:45:00.000000 UTC,16810,17.7151,12.1463
39261,28255,2016-02-13 18:20:00.000000 UTC,14050,17.7259,20.6747
28255,39261,2016-02-20 09:01:40.000000 UTC,4510,17.7356,21.6357
16111,39261,2016-02-08 13:50:00.000000 UTC,3190,17.738,22.8019
29093,28255,2016-02-05 00:50:00.000000 UTC,5230,17.7382,17.5171
29093,28255,2016-02-05 10:20:00.000000 UTC,9910,17.7382,20.493
29093,28255,2016-02-02 14:16:40.000000 UTC,1390,17.7384,22.3485
28255,16111,2016-02-20 02:25:00.000000 UTC,12730,17.7431,20.7366
29093,39261,2016-02-01 07:40:00.000000 UTC,4270,17.7498,23.5325
29093,39261,2016-02-05 20:16:40.000000 UTC,14290,17.762,20.029
16111,29093,2016-02-07 22:15:00.000000 UTC,12430,17.7864,21.6987
29093,16111,2016-02-03 23:00:00.000000 UTC,12430,17.7934,21.3753
16111,39261,2016-02-07 01:10:00.000000 UTC,4450,17.7967,21.662
29093,28255,2016-02-03 11:35:00.000000 UTC,12490,17.7971,20.2672
39261,16111,2016-02-12 18:40:00.000000 UTC,15550,17.7978,20.6902
29093,16111,2016-02-02 23:31:40.000000 UTC,6790,17.8092,22.0111
28255,16111,2016-02-21 13:46:40.000000 UTC,16150,17.8111,22.3915
39261,29093,2016-02-12 22:16:40.000000 UTC,13090,17.833,21.3067
39261,28255,2016-02-13 13:16:40.000000 UTC,14350,17.8427,21.4506
28255,16111,2016-02-21 18:05:00.000000 UTC,14770,17.854,16.607
28255,39261,2016-02-18 12:50:00.000000 UTC,14650,17.8583,21.9528
16111,29093,2016-02-06 19:01:40.000000 UTC,6670,17.8605,20.397
16111,28255,2016-02-08 00:50:00.000000 UTC,12730,17.8605,21.5008
39261,16111,2016-02-15 10:00:00.000000 UTC,10090,17.8613,20.8758
16111,29093,2016-02-08 23:45:00.000000 UTC,13150,17.8664,21.1862
16111,28255,2016-02-07 12:00:00.000000 UTC,15730,17.8665,20.6346
28255,39261,2016-02-20 09:01:40.000000 UTC,17410,17.8715,21.9005
29093,39261,2016-02-03 23:00:00.000000 UTC,45190,17.8771,17.6898
16111,39261,2016-02-11 01:25:00.000000 UTC,1510,17.8772,22.3736
28255,39261,2016-02-18 08:16:40.000000 UTC,8350,17.8773,22.605
39261,16111,2016-02-14 08:55:00.000000 UTC,4870,17.8988,21.6753
16111,39261,2016-02-07 19:46:40.000000 UTC,16510,17.906,21.5143
16111,28255,2016-02-09 14:31:40.000000 UTC,9910,17.9115,20.2749
29093,16111,2016-02-05 10:20:00.000000 UTC,5350,17.9235,21.4372
39261,28255,2016-02-13 18:20:00.000000 UTC,8350,17.9321,22.9037
28255,16111,2016-02-21 07:31:40.000000 UTC,8710,17.9369,16.3388
16111,39261,2016-02-09 06:55:00.000000 UTC,1630,17.9492,21.4429
28255,29093,2016-02-18 06:20:00.000000 UTC,8590,17.9697,24.8254
29093,28255,2016-02-04 11:25:00.000000 UTC,17890,17.9701,23.7321
29093,39261,2016-02-03 02:50:00.000000 UTC,15910,17.9849,12.7504
39261,28255,2016-02-16 09:31:40.000000 UTC,17470,17.9896,21.7203
16111,28255,2016-02-06 17:55:00.000000 UTC,18310,17.9899,24.029
16111,29093,2016-02-08 15:25:00.000000 UTC,7210,17.9904,22.0096
39261,28255,2016-02-13 03:31:40.000000 UTC,8050,18.0013,21.581
28255,39261,2016-02-21 22:30:00.000000 UTC,12010,18.0071,22.7714
39261,16111,2016-02-15 06:05:00.000000 UTC,4750,18.0073,23.1512
39261,29093,2016-02-12 22:16:40.000000 UTC,13150,18.0097,20.6776
28255,39261,2016-02-18 22:00:00.000000 UTC,15790,18.0098,20.7961
39261,28255,2016-02-17 12:25:00.000000 UTC,16330,18.0226,21.7863
29093,39261,2016-02-01 07:01:40.000000 UTC,10750,18.0279,11.2696
39261,28255,2016-02-15 06:05:00.000000 UTC,17770,18.0281,22.2138
28255,16111,2016-02-19 02:10:00.000000 UTC,6430,18.0412,20.9599
28255,16111,2016-02-22 00:45:00.000000 UTC,13690,18.0433,22.2674
29093,28255,2016-02-02 23:31:40.000000 UTC,15370,18.0462,21.1532
39261,29093,2016-02-13 19:40:00.000000 UTC,25210,18.0549,17.9744
28255,39261,2016-02-18 09:46:40.000000 UTC,15610,18.0569,23.6792
28255,39261,2016-02-19 00:01:40.000000 UTC,8890,18.0607,23.5665
29093,39261,2016-02-02 17:15:00.000000 UTC,13690,18.0681,20.8337
39261,16111,2016-02-13 03:31:40.000000 UTC,13270,18.0689,21.3476
28255,16111,2016-02-22 10:01:40.000000 UTC,11890,18.0703,24.708
29093,39261,2016-02-02 15:45:00.000000 UTC,25450,18.0815,22.7926
39261,28255,2016-02-15 18:10:00.000000 UTC,17410,18.0866,20.7803
16111,28255,2016-02-09 06:55:00.000000 UTC,8350,18.0905,15.0503
39261,28255,2016-02-15 22:25:00.000000 UTC,4990,18.0986,23.6157
28255,39261,2016-02-22 07:40:00.000000 UTC,12490,18.101,22.0716
39261,16111,2016-02-12 21:30:00.000000 UTC,8350,18.1026,23.9132
39261,29093,2016-02-17 07:16:40.000000 UTC,16870,18.1067,22.1394
16111,39261,2016-02-07 07:16:40.000000 UTC,54850,18.1071,18.1259
16111,28255,2016-02-09 20:31:40.000000 UTC,18130,18.1087,23.5982
28255,29093,2016-02-22 05:20:00.000000 UTC,16390,18.1149,24.5486
16111,39261,2016-02-08 18:40:00.000000 UTC,10270,18.1164,20.9129
39261,29093,2016-02-12 11:00:00.000000 UTC,38650,18.1164,18.074
39261,16111,2016-02-12 20:01:40.000000 UTC,8770,18.1197,23.5277
29093,16111,2016-02-01 15:35:00.000000 UTC,7630,18.1284,21.5129
16111,39261,2016-02-10 16:01:40.000000 UTC,47590,18.1314,17.423
16111,28255,2016-02-08 09:15:00.000000 UTC,8470,18.1487,24.1837
29093,39261,2016-02-06 14:45:00.000000 UTC,12430,18.1496,24.6617
39261,28255,2016-02-14 20:46:40.000000 UTC,12070,18.1575,23.1015
28255,16111,2016-02-20 16:05:00.000000 UTC,8830,18.1763,23.6753
39261,28255,2016-02-14 22:35:00.000000 UTC,6850,18.1783,20.0204
29093,16111,2016-02-02 15:45:00.000000 UTC,7990,18.1896,24.7467
39261,28255,2016-02-12 19:20:00.000000 UTC,8470,18.1953,21.0347
39261,28255,2016-02-13 00:46:40.000000 UTC,21370,18.1978,25.1884
29093,28255,2016-02-06 01:25:00.000000 UTC,12610,18.2141,24.7195
39261,16111,2016-02-12 11:35:00.000000 UTC,17590,18.2149,22.4646
39261,28255,2016-02-13 12:05:00.000000 UTC,1810,18.2153,20.8899
16111,28255,2016-02-09 10:40:00.000000 UTC,8470,18.2212,24.884
39261,29093,2016-02-13 04:30:00.000000 UTC,11590,18.2364,21.625
16111,39261,2016-02-10 11:30:00.000000 UTC,16330,18.2385,20.1043
39261,28255,2016-02-15 18:10:00.000000 UTC,11290,18.2431,22.2
16111,29093,2016-02-06 18:30:00.000000 UTC,11410,18.2442,24.4627
29093,39261,2016-02-04 15:46:40.000000 UTC,12550,18.2501,24.0773
39261,29093,2016-02-12 21:30:00.000000 UTC,1930,18.2534,22.1971
16111,39261,2016-02-08 02:10:00.000000 UTC,11530,18.2558,21.7946
39261,29093,2016-02-16 18:55:00.000000 UTC,13030,18.2613,24.8813
39261,29093,2016-02-15 10:00:00.000000 UTC,32590,18.2644,23.1473
28255,16111,2016-02-18 06:40:00.000000 UTC,11590,18.2648,23.3188
16111,39261,2016-02-07 01:50:00.000000 UTC,4450,18.2719,23.6648
39261,28255,2016-02-13 18:20:00.000000 UTC,13390,18.2722,21.4554
29093,39261,2016-02-02 06:01:40.000000 UTC,17110,18.2794,23.1108
28255,16111,2016-02-18 05:05:00.000000 UTC,17290,18.2929,21.2118
39261,16111,2016-02-15 16:05:00.000000 UTC,13030,18.2999,25.1204
16111,39261,2016-02-06 23:20:00.000000 UTC,16690,18.3009,21.1242
28255,39261,2016-02-23 13:50:00.000000 UTC,14530,18.3035,20.9356
28255,29093,2016-02-19 23:16:40.000000 UTC,17050,18.3047,22.4202
29093,39261,2016-02-02 03:30:00.000000 UTC,10270,18.3055,21.5503
39261,16111,2016-02-17 23:01:40.000000 UTC,10870,18.3058,21.7721
16111,28255,2016-02-07 08:10:00.000000 UTC,14530,18.3076,23.3202
29093,39261,2016-02-02 14:16:40.000000 UTC,18130,18.3157,23.3208
16111,39261,2016-02-07 23:31:40.000000 UTC,4630,18.3236,22.9034
29093,39261,2016-02-01 15:35:00.000000 UTC,19690,18.3245,24.653
28255,39261,2016-02-21 20:16:40.000000 UTC,5770,18.3268,23.5226
29093,28255,2016-02-03 19:05:00.000000 UTC,13450,18.3278,21.747
29093,39261,2016-02-06 01:25:00.000000 UTC,9070,18.3292,24.4238
28255,39261,2016-02-20 19:46:40.000000 UTC,4870,18.3295,22.5152
39261,29093,2016-02-12 12:50:00.000000 UTC,15670,18.3367,15.7489
28255,29093,2016-02-18 09:15:00.000000 UTC,13210,18.3439,20.8645
16111,29093,2016-02-08 22:01:40.000000 UTC,13810,18.3451,22.5195
29093,39261,2016-02-01 16:31:40.000000 UTC,13510,18.3475,21.6977
29093,16111,2016-02-04 09:16:40.000000 UTC,12010,18.3496,19.5812
39261,29093,2016-02-17 02:15:00.000000 UTC,51130,18.3503,24.1701
39261,28255,2016-02-14 12:10:00.000000 UTC,12790,18.354,19.7889
29093,39261,2016-02-01 09:45:00.000000 UTC,10930,18.3587,22.3381
39261,29093,2016-02-12 16:16:40.000000 UTC,21370,18.3627,25.5483
16111,28255,2016-02-12 00:10:00.000000 UTC,11470,18.3645,22.6859
16111,39261,2016-02-07 13:01:40.000000 UTC,7870,18.373,21.2932
28255,16111,2016-02-18 23:00:00.000000 UTC,19270,18.3803,24.4199
29093,28255,2016-02-01 12:05:00.000000 UTC,19450,18.3804,24.273
29093,28255,2016-02-03 23:00:00.000000 UTC,8110,18.381,23.6743
16111,28255,2016-02-06 19:01:40.000000 UTC,56770,18.3812,11.4681
39261,28255,2016-02-14 07:20:00.000000 UTC,12730,18.3885,22.4085
39261,28255,2016-02-14 13:50:00.000000 UTC,12490,18.3966,22.1707
28255,39261,2016-02-19 00:01:40.000000 UTC,15790,18.4039,19.7602
28255,16111,2016-02-19 17:20:00.000000 UTC,8410,18.405,23.0551
28255,16111,2016-02-19 15:55:00.000000 UTC,59530,18.4056,20.5275
39261,16111,2016-02-12 23:55:00.000000 UTC,30670,18.4228,18.4187
29093,28255,2016-02-02 04:45:00.000000 UTC,8770,18.43,17.496
28255,39261,2016-02-18 06:40:00.000000 UTC,15370,18.4356,22.9215
16111,39261,2016-02-06 20:01:40.000000 UTC,8770,18.443,23.8481
28255,39261,2016-02-22 12:25:00.000000 UTC,18850,18.449,21.0708
39261,28255,2016-02-12 11:10:00.000000 UTC,21970,18.4557,25.296
29093,39261,2016-02-02 10:01:40.000000 UTC,35710,18.4665,18.7986
39261,16111,2016-02-15 16:05:00.000000 UTC,13090,18.4727,24.6757
16111,29093,2016-02-06 17:46:40.000000 UTC,12310,18.4743,21.0759
16111,28255,2016-02-06 19:01:40.000000 UTC,5230,18.4751,24.8896
29093,39261,2016-02-04 09:16:40.000000 UTC,11230,18.4791,21.3493
28255,39261,2016-02-19 03:16:40.000000 UTC,46390,18.4841,24.6357
16111,39261,2016-02-08 23:45:00.000000 UTC,17770,18.4844,20.8127
16111,29093,2016-02-07 13:01:40.000000 UTC,17710,18.4858,22.846
29093,28255,2016-02-02 14:16:40.000000 UTC,16750,18.4916,16.5135
16111,28255,2016-02-07 19:46:40.000000 UTC,18370,18.4918,22.9857
39261,28255,2016-02-12 11:25:00.000000 UTC,8710,18.4952,21.7511
28255,16111,2016-02-22 12:25:00.000000 UTC,15610,18.4962,24.2993
29093,16111,2016-02-01 01:31:40.000000 UTC,14410,18.4967,23.362
29093,16111,2016-02-02 12:50:00.000000 UTC,13390,18.4984,22.2676
29093,39261,2016-02-05 07:55:00.000000 UTC,17110,18.5026,20.8772
39261,28255,2016-02-16 02:46:40.000000 UTC,11770,18.5064,21.6535
29093,16111,2016-02-01 00:00:00.000000 UTC,58270,18.5091,25.1104
39261,29093,2016-02-12 12:31:40.000000 UTC,15310,18.514,22.4357
29093,39261,2016-02-04 20:15:00.000000 UTC,14890,18.5171,22.677
29093,39261,2016-02-03 01:10:00.000000 UTC,14950,18.5181,22.7635
28255,29093,2016-02-18 12:10:00.000000 UTC,13210,18.52,25.4587
16111,28255,2016-02-07 17:25:00.000000 UTC,4870,18.5202,22.7761
29093,39261,2016-02-02 08:40:00.000000 UTC,11710,18.5218,22.64
39261,28255,2016-02-17 04:45:00.000000 UTC,15850,18.5219,21.8881
28255,29093,2016-02-19 18:46:40.000000 UTC,11290,18.5219,23.919
28255,39261,2016-02-20 23:35:00.000000 UTC,16990,18.5219,23.3198
28255,29093,2016-02-21 07:31:40.000000 UTC,16630,18.5224,25.2811
28255,29093,2016-02-23 13:50:00.000000 UTC,22870,18.5242,26.1693
28255,16111,2016-02-20 09:01:40.000000 UTC,16090,18.5253,23.0336
29093,28255,2016-02-03 06:15:00.000000 UTC,4870,18.5254,21.1871
39261,28255,2016-02-12 14:46:40.000000 UTC,21730,18.5291,24.7577
28255,29093,2016-02-18 08:16:40.000000 UTC,12490,18.5303,24.0625
39261,29093,2016-02-14 12:10:00.000000 UTC,20650,18.5339,23.775
39261,29093,2016-02-12 13:10:00.000000 UTC,15550,18.5436,9.66401
29093,16111,2016-02-03 15:16:40.000000 UTC,17470,18.5489,22.9933
16111,28255,2016-02-08 09:15:00.000000 UTC,3190,18.558,15.2481
28255,16111,2016-02-18 15:00:00.000000 UTC,19810,18.5587,23.736
29093,28255,2016-02-01 12:55:00.000000 UTC,14830,18.5609,22.6744
28255,16111,2016-02-19 11:50:00.000000 UTC,9310,18.5693,25.5108
28255,29093,2016-02-20 23:35:00.000000 UTC,5590,18.5843,23.3546
16111,29093,2016-02-09 08:46:40.000000 UTC,20170,18.585,25.854
39261,29093,2016-02-13 04:30:00.000000 UTC,16990,18.5863,23.5714
39261,28255,2016-02-12 13:55:00.000000 UTC,21790,18.5875,24.9714
39261,16111,2016-02-12 14:20:00.000000 UTC,21250,18.5875,25.0534
29093,28255,2016-02-01 13:46:40.000000 UTC,14950,18.5903,22.1352
39261,28255,2016-02-13 07:35:00.000000 UTC,19630,18.5924,22.9363
16111,28255,2016-02-06 18:16:40.000000 UTC,30190,18.593,24.2154
16111,39261,2016-02-07 21:00:00.000000 UTC,40630,18.5975,19.636
16111,29093,2016-02-06 23:20:00.000000 UTC,6310,18.5976,20.5009
39261,29093,2016-02-12 20:01:40.000000 UTC,18730,18.5984,25.3642
16111,28255,2016-02-07 15:10:00.000000 UTC,11170,18.5985,21.8736
39261,29093,2016-02-12 15:45:00.000000 UTC,25990,18.6,21.9996
39261,28255,2016-02-15 14:01:40.000000 UTC,5290,18.6014,23.9199
39261,28255,2016-02-12 14:20:00.000000 UTC,20350,18.6041,23.1058
28255,39261,2016-02-21 22:30:00.000000 UTC,5710,18.6068,24.6629
16111,39261,2016-02-08 04:55:00.000000 UTC,25210,18.6077,23.1858
29093,28255,2016-02-01 20:35:00.000000 UTC,9250,18.6088,24.5762
39261,29093,2016-02-15 20:16:40.000000 UTC,18910,18.619,21.3855
39261,16111,2016-02-17 15:01:40.000000 UTC,22870,18.6195,26.0227
39261,29093,2016-02-14 08:55:00.000000 UTC,21430,18.6321,23.7952
39261,28255,2016-02-16 18:55:00.000000 UTC,16210,18.6375,22.3261
28255,16111,2016-02-19 03:16:40.000000 UTC,12850,18.6377,25.204
29093,28255,2016-02-05 00:50:00.000000 UTC,1810,18.6408,21.9602
28255,29093,2016-02-18 06:40:00.000000 UTC,8470,18.6442,24.3071
16111,39261,2016-02-09 14:31:40.000000 UTC,15550,18.6444,23.9338
28255,39261,2016-02-22 14:50:00.000000 UTC,18910,18.6462,21.439
28255,29093,2016-02-22 05:20:00.000000 UTC,21910,18.6481,25.2126
16111,28255,2016-02-07 08:10:00.000000 UTC,15850,18.6486,24.7726
16111,39261,2016-02-07 22:15:00.000000 UTC,17230,18.6487,21.8882
39261,16111,2016-02-15 00:25:00.000000 UTC,13090,18.6563,24.9464
16111,39261,2016-02-09 16:30:00.000000 UTC,10330,18.6594,21.8658
16111,28255,2016-02-06 22:15:00.000000 UTC,12250,18.661,22.6187
39261,28255,2016-02-13 02:35:00.000000 UTC,20050,18.662,21.428
29093,39261,2016-02-04 18:00:00.000000 UTC,14170,18.6637,21.4959
16111,39261,2016-02-12 08:15:00.000000 UTC,11050,18.6679,21.4315
29093,16111,2016-02-01 00:46:40.000000 UTC,24790,18.6688,22.8017
39261,29093,2016-02-14 13:50:00.000000 UTC,20530,18.678,21.7929
29093,39261,2016-02-05 10:20:00.000000 UTC,23710,18.6821,21.9055
16111,28255,2016-02-07 08:10:00.000000 UTC,14710,18.6825,21.8403
39261,16111,2016-02-17 12:25:00.000000 UTC,23530,18.6827,26.0309
28255,16111,2016-02-18 20:05:00.000000 UTC,14050,18.686,22.1911
39261,29093,2016-02-12 13:55:00.000000 UTC,21970,18.6902,25.8874
16111,39261,2016-02-07 16:16:40.000000 UTC,15490,18.6907,21.3612
28255,16111,2016-02-23 08:31:40.000000 UTC,17830,18.6907,22.8643
29093,28255,2016-02-01 07:40:00.000000 UTC,19870,18.6946,23.9432
16111,28255,2016-02-07 07:16:40.000000 UTC,15430,18.6954,23.2792
16111,28255,2016-02-07 12:00:00.000000 UTC,45250,18.6984,24.932
39261,29093,2016-02-13 15:45:00.000000 UTC,21310,18.7095,25.0464
29093,28255,2016-02-05 03:10:00.000000 UTC,14110,18.7098,23.1509
28255,16111,2016-02-18 12:10:00.000000 UTC,16090,18.7173,24.2904
28255,39261,2016-02-18 06:40:00.000000 UTC,20410,18.7264,22.2285
28255,29093,2016-02-18 20:05:00.000000 UTC,11290,18.731,23.1529
29093,28255,2016-02-03 15:16:40.000000 UTC,7150,18.7354,12.1382
28255,39261,2016-02-18 10:55:00.000000 UTC,14290,18.7396,23.9899
28255,39261,2016-02-18 13:31:40.000000 UTC,14410,18.7401,24.0194
16111,29093,2016-02-10 16:01:40.000000 UTC,8230,18.7417,24.1398
29093,39261,2016-02-06 12:01:40.000000 UTC,18070,18.7425,22.6032
39261,28255,2016-02-12 20:45:00.000000 UTC,21490,18.7438,24.9227
28255,39261,2016-02-18 04:55:00.000000 UTC,20170,18.7438,23.3433
28255,16111,2016-02-18 15:00:00.000000 UTC,15190,18.7457,22.3706
16111,29093,2016-02-10 20:40:00.000000 UTC,14230,18.7462,22.0137
28255,39261,2016-02-19 14:31:40.000000 UTC,9610,18.7514,22.88
39261,29093,2016-02-16 11:50:00.000000 UTC,27010,18.7527,22.5573
29093,16111,2016-02-03 04:31:40.000000 UTC,17350,18.7535,25.8125
16111,29093,2016-02-08 02:10:00.000000 UTC,17650,18.7542,25.6954
39261,29093,2016-02-12 14:20:00.000000 UTC,9310,18.7543,22.03
39261,28255,2016-02-17 09:50:00.000000 UTC,15010,18.7544,25.8938
28255,39261,2016-02-18 07:50:00.000000 UTC,19930,18.7546,25.4151
16111,28255,2016-02-08 20:20:00.000000 UTC,18130,18.7548,22.1005
39261,16111,2016-02-13 19:40:00.000000 UTC,19030,18.7556,25.4509
28255,16111,2016-02-18 08:16:40.000000 UTC,17110,18.7557,25.3082
29093,28255,2016-02-04 11:25:00.000000 UTC,11770,18.7596,22.5559
16111,29093,2016-02-09 18:30:00.000000 UTC,19090,18.7742,22.9778
29093,16111,2016-02-03 21:01:40.000000 UTC,16930,18.7746,25.6597
16111,39261,2016-02-09 18:30:00.000000 UTC,22390,18.775,25.6928
39261,28255,2016-02-13 18:20:00.000000 UTC,20110,18.7759,21.8797
39261,29093,2016-02-17 20:20:00.000000 UTC,8110,18.7775,22.0686
39261,29093,2016-02-14 12:10:00.000000 UTC,15430,18.7794,19.8822
16111,28255,2016-02-07 17:25:00.000000 UTC,11890,18.7817,23.3702
29093,28255,2016-02-01 04:45:00.000000 UTC,5950,18.7868,24.3149
28255,29093,2016-02-19 23:16:40.000000 UTC,21550,18.7871,24.5335
16111,29093,2016-02-06 17:40:00.000000 UTC,16930,18.7875,24.9958
39261,29093,2016-02-12 19:20:00.000000 UTC,18850,18.7902,25.6649
28255,39261,2016-02-22 22:15:00.000000 UTC,20110,18.7906,22.7144
16111,39261,2016-02-06 19:40:00.000000 UTC,8590,18.7909,24.4519
39261,16111,2016-02-12 20:45:00.000000 UTC,20110,18.7934,21.0617
28255,39261,2016-02-19 00:01:40.000000 UTC,16090,18.7949,22.6806
39261,28255,2016-02-12 20:01:40.000000 UTC,19630,18.7959,25.8358
29093,28255,2016-02-02 14:16:40.000000 UTC,2110,18.7968,16.3175
39261,28255,2016-02-15 08:01:40.000000 UTC,12670,18.7996,22.5972
29093,39261,2016-02-06 12:01:40.000000 UTC,11950,18.8,23.2842
39261,29093,2016-02-15 18:10:00.000000 UTC,9190,18.801,24.6845
28255,39261,2016-02-23 13:50:00.000000 UTC,19270,18.8049,25.4931
29093,28255,2016-02-03 13:25:00.000000 UTC,18610,18.8067,18.3551
16111,29093,2016-02-08 13:50:00.000000 UTC,13570,18.8102,22.4342
16111,28255,2016-02-12 08:15:00.000000 UTC,8530,18.8103,23.7572
39261,16111,2016-02-12 17:25:00.000000 UTC,20590,18.8107,24.0192
29093,16111,2016-02-05 12:46:40.000000 UTC,5230,18.8112,22.1315
29093,28255,2016-02-01 14:40:00.000000 UTC,14290,18.8159,22.3113
39261,29093,2016-02-13 08:40:00.000000 UTC,16930,18.8179,21.8027
29093,39261,2016-02-01 17:30:00.000000 UTC,1630,18.8189,21.4812
16111,28255,2016-02-06 19:20:00.000000 UTC,11650,18.82,21.7966
16111,28255,2016-02-09 05:05:00.000000 UTC,4930,18.8212,17.7326
39261,16111,2016-02-14 19:00:00.000000 UTC,23950,18.8232,26.1275
39261,28255,2016-02-18 01:45:00.000000 UTC,15790,18.8276,22.0268
28255,39261,2016-02-20 17:55:00.000000 UTC,10510,18.8278,24.5509
16111,29093,2016-02-10 09:16:40.000000 UTC,13570,18.8362,24.9347
39261,16111,2016-02-12 11:35:00.000000 UTC,28030,18.8367,22.5474
28255,39261,2016-02-21 22:30:00.000000 UTC,13330,18.8369,24.5161
29093,16111,2016-02-05 10:20:00.000000 UTC,17110,18.8433,21.5694
29093,39261,2016-02-05 05:31:40.000000 UTC,17710,18.8463,25.4976
29093,39261,2016-02-03 11:35:00.000000 UTC,23110,18.849,25.8902
39261,29093,2016-02-12 11:25:00.000000 UTC,22630,18.8539,26.0811
29093,28255,2016-02-05 12:46:40.000000 UTC,9790,18.8562,25.6373
39261,29093,2016-02-15 00:25:00.000000 UTC,13450,18.8578,24.9319
39261,28255,2016-02-12 11:46:40.000000 UTC,14410,18.8602,23.5864
29093,28255,2016-02-05 15:15:00.000000 UTC,16570,18.8615,23.576
16111,39261,2016-02-08 12:16:40.000000 UTC,13930,18.8634,25.2075
28255,39261,2016-02-19 06:46:40.000000 UTC,15070,18.8645,24.404
39261,16111,2016-02-16 11:50:00.000000 UTC,13450,18.8668,24.8653
28255,39261,2016-02-20 12:30:00.000000 UTC,10450,18.8693,23.5463
29093,16111,2016-02-01 00:46:40.000000 UTC,13150,18.8704,25.3959
39261,16111,2016-02-15 16:05:00.000000 UTC,24010,18.873,26.161
28255,16111,2016-02-19 20:15:00.000000 UTC,24070,18.8775,26.0162
39261,28255,2016-02-17 02:15:00.000000 UTC,15310,18.8784,25.8704
39261,16111,2016-02-12 20:45:00.000000 UTC,21130,18.8797,25.212
39261,29093,2016-02-13 12:05:00.000000 UTC,9670,18.8814,22.6439
39261,28255,2016-02-17 23:01:40.000000 UTC,22330,18.8814,25.1095
28255,16111,2016-02-18 07:50:00.000000 UTC,21370,18.885,24.0077
16111,39261,2016-02-12 11:00:00.000000 UTC,22570,18.8916,25.915
16111,28255,2016-02-08 07:46:40.000000 UTC,13870,18.8921,25.3909
29093,39261,2016-02-01 14:40:00.000000 UTC,18130,18.8988,23.2122
29093,16111,2016-02-02 06:01:40.000000 UTC,13570,18.9012,22.4217
39261,28255,2016-02-13 07:35:00.000000 UTC,20710,18.9044,22.8475
16111,39261,2016-02-11 01:25:00.000000 UTC,8290,18.9045,21.2823
29093,39261,2016-02-06 04:01:40.000000 UTC,17410,18.9053,25.5028
16111,39261,2016-02-11 06:16:40.000000 UTC,20830,18.9071,23.5612
16111,28255,2016-02-10 23:01:40.000000 UTC,11530,18.9106,21.9192
28255,16111,2016-02-18 05:05:00.000000 UTC,12010,18.9116,23.8296
29093,28255,2016-02-03 23:00:00.000000 UTC,8230,18.9187,22.6489
29093,39261,2016-02-01 10:30:00.000000 UTC,20650,18.9199,19.3271
16111,39261,2016-02-09 01:30:00.000000 UTC,23530,18.9202,26.0062
29093,28255,2016-02-03 09:46:40.000000 UTC,5530,18.9214,21.9116
29093,16111,2016-02-01 00:10:00.000000 UTC,2110,18.9335,24.2964
29093,16111,2016-02-04 18:00:00.000000 UTC,21910,18.9337,26.2235
39261,28255,2016-02-12 23:55:00.000000 UTC,20950,18.9338,22.4066
28255,29093,2016-02-20 21:40:00.000000 UTC,18130,18.9347,21.8301
39261,28255,2016-02-12 11:35:00.000000 UTC,21790,18.9381,24.3076
28255,39261,2016-02-18 17:25:00.000000 UTC,22330,18.9403,25.6697
16111,39261,2016-02-06 19:01:40.000000 UTC,14290,18.9423,25.1247
29093,16111,2016-02-04 11:25:00.000000 UTC,12610,18.943,25.5137
16111,39261,2016-02-10 04:55:00.000000 UTC,8950,18.9472,24.3914
29093,16111,2016-02-02 07:20:00.000000 UTC,17830,18.9495,25.971
39261,29093,2016-02-16 11:50:00.000000 UTC,21970,18.951,25.4122
39261,28255,2016-02-14 15:31:40.000000 UTC,6430,18.9529,22.552
39261,28255,2016-02-13 07:35:00.000000 UTC,13630,18.9586,23.2438
16111,39261,2016-02-09 14:31:40.000000 UTC,9310,18.9598,25.306
16111,29093,2016-02-06 17:30:00.000000 UTC,22330,18.9613,26.2834
16111,29093,2016-02-07 09:05:00.000000 UTC,22750,18.9624,26.1697
28255,29093,2016-02-18 04:40:00.000000 UTC,19930,18.9639,22.8855
28255,39261,2016-02-18 06:01:40.000000 UTC,15250,18.9651,22.0734
16111,29093,2016-02-06 19:40:00.000000 UTC,17410,18.967,21.6125
28255,39261,2016-02-21 22:30:00.000000 UTC,23710,18.9685,25.0936
29093,16111,2016-02-02 01:05:00.000000 UTC,18010,18.9686,25.8386
29093,39261,2016-02-01 12:55:00.000000 UTC,12910,18.9688,24.2834
39261,29093,2016-02-14 01:16:40.000000 UTC,22930,18.9729,25.8523
28255,39261,2016-02-23 13:50:00.000000 UTC,25210,18.9807,25.8976
28255,29093,2016-02-19 15:55:00.000000 UTC,22870,18.9823,25.3629
16111,28255,2016-02-08 02:10:00.000000 UTC,12910,18.9836,22.8615
16111,39261,2016-02-07 22:15:00.000000 UTC,10030,18.9856,24.7416
16111,28255,2016-02-08 09:15:00.000000 UTC,14230,18.9862,25.3116
29093,28255,2016-02-01 00:16:40.000000 UTC,12370,18.9871,24.1207
29093,39261,2016-02-03 04:31:40.000000 UTC,9670,18.9873,23.5899
29093,39261,2016-02-02 12:50:00.000000 UTC,23350,18.9894,25.9386
39261,16111,2016-02-17 20:20:00.000000 UTC,23410,18.9906,26.1528
39261,16111,2016-02-15 18:10:00.000000 UTC,13090,18.9953,19.3303
16111,28255,2016-02-10 00:40:00.000000 UTC,19270,18.9959,24.6405
16111,29093,2016-02-06 19:01:40.000000 UTC,18310,18.997,24.0755
39261,28255,2016-02-13 13:16:40.000000 UTC,1630,19.0002,21.8859
16111,39261,2016-02-08 23:45:00.000000 UTC,5650,19.0045,21.4914
29093,39261,2016-02-01 07:40:00.000000 UTC,16390,19.0052,22.6664
39261,28255,2016-02-12 23:05:00.000000 UTC,21070,19.0065,22.9041
16111,39261,2016-02-08 20:20:00.000000 UTC,23110,19.0069,19.1762
28255,39261,2016-02-18 06:01:40.000000 UTC,25810,19.0108,25.7746
28255,39261,2016-02-19 23:16:40.000000 UTC,17470,19.0225,25.1442
28255,39261,2016-02-23 19:15:00.000000 UTC,19630,19.0226,24.8752
39261,28255,2016-02-16 09:31:40.000000 UTC,15970,19.0274,26.048
28255,39261,2016-02-19 23:16:40.000000 UTC,17290,19.0318,24.0494
28255,39261,2016-02-18 05:16:40.000000 UTC,19930,19.0351,24.9539
16111,28255,2016-02-07 01:50:00.000000 UTC,20110,19.0372,23.4789
39261,28255,2016-02-12 11:01:40.000000 UTC,25930,19.047,26.0686
28255,29093,2016-02-18 18:16:40.000000 UTC,21730,19.0473,24.2753
29093,28255,2016-02-03 04:31:40.000000 UTC,21910,19.0478,24.86
29093,39261,2016-02-01 00:10:00.000000 UTC,20590,19.0485,22.1431
16111,39261,2016-02-11 21:31:40.000000 UTC,19330,19.0487,22.0817
28255,16111,2016-02-22 12:25:00.000000 UTC,22810,19.0497,26.0359
39261,29093,2016-02-12 13:31:40.000000 UTC,20770,19.0528,22.1756
29093,39261,2016-02-03 13:25:00.000000 UTC,13390,19.0534,25.1157
39261,16111,2016-02-14 01:16:40.000000 UTC,23170,19.0539,25.4333
16111,28255,2016-02-06 18:45:00.000000 UTC,12490,19.0545,23.6318
39261,16111,2016-02-12 16:50:00.000000 UTC,20410,19.0545,25.9126
29093,39261,2016-02-06 12:01:40.000000 UTC,18910,19.057,21.9225
16111,39261,2016-02-10 13:45:00.000000 UTC,16090,19.0576,23.9889
39261,29093,2016-02-16 02:46:40.000000 UTC,610,19.0583,19.7698
29093,39261,2016-02-01 00:35:00.000000 UTC,22150,19.0586,26.1551
29093,16111,2016-02-01 00:46:40.000000 UTC,2110,19.0588,24.4151
29093,39261,2016-02-02 23:31:40.000000 UTC,22090,19.0612,26.1461
39261,16111,2016-02-14 04:15:00.000000 UTC,18490,19.0637,25.484
39261,16111,2016-02-13 00:46:40.000000 UTC,19270,19.064,18.0574
29093,28255,2016-02-01 00:01:40.000000 UTC,12190,19.0658,23.2365
39261,28255,2016-02-12 11:16:40.000000 UTC,21670,19.0667,23.5737
39261,28255,2016-02-12 11:25:00.000000 UTC,9910,19.0671,24.5483
16111,39261,2016-02-07 00:31:40.000000 UTC,11230,19.0679,23.1868
16111,28255,2016-02-09 20:31:40.000000 UTC,17230,19.0696,21.0814
39261,16111,2016-02-14 15:31:40.000000 UTC,19450,19.0721,25.164
28255,29093,2016-02-19 11:50:00.000000 UTC,23770,19.0752,24.9553
28255,39261,2016-02-18 12:50:00.000000 UTC,26050,19.0775,25.9921
28255,39261,2016-02-22 10:01:40.000000 UTC,37570,19.0788,23.7737
39261,28255,2016-02-15 10:00:00.000000 UTC,11110,19.0801,25.5359
28255,16111,2016-02-20 00:50:00.000000 UTC,40270,19.0836,24.6123
28255,16111,2016-02-18 10:20:00.000000 UTC,22330,19.0842,25.7619
29093,39261,2016-02-05 10:20:00.000000 UTC,17350,19.0891,23.697
28255,29093,2016-02-23 08:31:40.000000 UTC,22390,19.0907,23.6563
39261,29093,2016-02-12 11:35:00.000000 UTC,10210,19.0915,19.0397
29093,39261,2016-02-01 01:31:40.000000 UTC,2950,19.0933,21.7824
39261,29093,2016-02-12 14:46:40.000000 UTC,20470,19.0938,22.0893
16111,28255,2016-02-06 21:16:40.000000 UTC,5770,19.0948,24.6893
39261,28255,2016-02-15 22:25:00.000000 UTC,18490,19.0987,25.4883
28255,16111,2016-02-20 16:05:00.000000 UTC,25150,19.099,26.3806
29093,39261,2016-02-02 15:45:00.000000 UTC,12550,19.1017,22.743
28255,39261,2016-02-18 05:16:40.000000 UTC,25750,19.1026,26.002
39261,16111,2016-02-17 02:15:00.000000 UTC,9970,19.1043,22.6232
29093,28255,2016-02-05 15:15:00.000000 UTC,10390,19.1079,24.9729
16111,29093,2016-02-10 02:46:40.000000 UTC,8170,19.1087,21.7876
28255,39261,2016-02-18 20:05:00.000000 UTC,20410,19.1121,25.7203
28255,39261,2016-02-18 19:10:00.000000 UTC,20530,19.1155,24.8489
39261,16111,2016-02-12 11:16:40.000000 UTC,23830,19.1172,26.2115
28255,39261,2016-02-19 23:16:40.000000 UTC,15670,19.1181,24.9822
29093,16111,2016-02-01 16:31:40.000000 UTC,13990,19.1207,23.0196
28255,29093,2016-02-18 06:40:00.000000 UTC,18310,19.1231,24.9379
16111,28255,2016-02-10 09:16:40.000000 UTC,15010,19.126,22.2089
16111,39261,2016-02-08 06:20:00.000000 UTC,18610,19.1261,22.9691
39261,16111,2016-02-12 11:25:00.000000 UTC,11950,19.1264,21.9128
28255,39261,2016-02-19 00:01:40.000000 UTC,14710,19.1313,24.8164
29093,39261,2016-02-01 12:55:00.000000 UTC,17410,19.1317,24.8862
39261,29093,2016-02-13 07:35:00.000000 UTC,21970,19.1324,23.032
39261,16111,2016-02-13 12:05:00.000000 UTC,15430,19.1324,25.6041
29093,28255,2016-02-01 07:40:00.000000 UTC,22210,19.1359,19.159
16111,39261,2016-02-09 06:55:00.000000 UTC,19090,19.1365,25.857
39261,29093,2016-02-14 02:45:00.000000 UTC,18790,19.138,25.8007
29093,28255,2016-02-02 10:01:40.000000 UTC,13690,19.1401,25.0902
28255,29093,2016-02-18 04:35:00.000000 UTC,20110,19.1402,23.9845
16111,28255,2016-02-09 06:55:00.000000 UTC,14830,19.1464,23.171
28255,39261,2016-02-19 06:46:40.000000 UTC,20950,19.1481,25.2328
29093,39261,2016-02-02 18:46:40.000000 UTC,20470,19.1488,23.8274
28255,39261,2016-02-18 15:46:40.000000 UTC,22030,19.1517,24.3715
28255,29093,2016-02-18 11:31:40.000000 UTC,13150,19.1525,24.3578
39261,28255,2016-02-13 14:30:00.000000 UTC,7090,19.1553,24.9612
28255,16111,2016-02-18 19:10:00.000000 UTC,24070,19.1562,26.1528
39261,28255,2016-02-12 17:25:00.000000 UTC,9490,19.1574,23.6549
16111,39261,2016-02-08 00:50:00.000000 UTC,12070,19.1626,22.9673
28255,29093,2016-02-23 05:55:00.000000 UTC,22690,19.1657,24.9215
29093,39261,2016-02-03 13:25:00.000000 UTC,13270,19.1688,24.4272
16111,39261,2016-02-10 07:05:00.000000 UTC,19870,19.1689,25.9119
28255,29093,2016-02-18 17:25:00.000000 UTC,10570,19.1702,24.755
39261,29093,2016-02-13 17:01:40.000000 UTC,24790,19.1734,26.3872
16111,39261,2016-02-06 18:16:40.000000 UTC,2350,19.1783,23.1431
39261,29093,2016-02-14 01:16:40.000000 UTC,29170,19.1796,22.759
39261,28255,2016-02-15 06:05:00.000000 UTC,19150,19.1817,25.2859
29093,16111,2016-02-01 03:20:00.000000 UTC,20290,19.1831,25.7376
28255,39261,2016-02-21 03:30:00.000000 UTC,23290,19.1838,22.8019
29093,28255,2016-02-01 19:31:40.000000 UTC,16570,19.1898,25.0111
39261,28255,2016-02-15 20:16:40.000000 UTC,16690,19.1905,25.2462
29093,39261,2016-02-01 00:01:40.000000 UTC,8710,19.1909,19.2968
16111,39261,2016-02-07 23:31:40.000000 UTC,4570,19.1919,23.5189
28255,39261,2016-02-18 15:00:00.000000 UTC,20290,19.1943,25.2256
39261,28255,2016-02-16 14:10:00.000000 UTC,10450,19.1947,22.35
39261,16111,2016-02-13 00:46:40.000000 UTC,52810,19.1977,19.2269
29093,39261,2016-02-01 10:30:00.000000 UTC,12010,19.2031,22.263
16111,29093,2016-02-09 16:30:00.000000 UTC,18970,19.2061,23.411
16111,39261,2016-02-08 18:40:00.000000 UTC,21790,19.2066,25.1021
28255,39261,2016-02-23 05:55:00.000000 UTC,14050,19.2075,19.2018
39261,28255,2016-02-15 00:25:00.000000 UTC,19450,19.2102,25.5975
28255,16111,2016-02-23 11:10:00.000000 UTC,21790,19.2142,23.6986
29093,39261,2016-02-01 00:05:00.000000 UTC,19990,19.2157,25.6842
29093,39261,2016-02-03 17:10:00.000000 UTC,49690,19.2159,19.0362
28255,39261,2016-02-20 23:35:00.000000 UTC,18490,19.2163,25.0473
39261,16111,2016-02-13 14:30:00.000000 UTC,20410,19.2186,25.3566
16111,29093,2016-02-07 12:00:00.000000 UTC,18610,19.2196,23.0462
16111,39261,2016-02-06 17:31:40.000000 UTC,19750,19.2228,25.8713
29093,16111,2016-02-01 04:15:00.000000 UTC,8950,19.2237,24.8061
28255,29093,2016-02-20 00:50:00.000000 UTC,21490,19.2295,22.8786
16111,39261,2016-02-06 22:46:40.000000 UTC,9610,19.2379,23.4165
29093,16111,2016-02-01 05:16:40.000000 UTC,8950,19.2388,25.1011
29093,28255,2016-02-03 23:00:00.000000 UTC,21370,19.2416,24.5824
28255,16111,2016-02-18 08:16:40.000000 UTC,9970,19.2423,24.8232
28255,29093,2016-02-18 15:46:40.000000 UTC,53830,19.2425,17.649
39261,16111,2016-02-13 00:46:40.000000 UTC,13150,19.2435,23.3193
28255,29093,2016-02-18 06:40:00.000000 UTC,30250,19.2477,11.2746
39261,16111,2016-02-16 18:55:00.000000 UTC,24670,19.2518,26.9453
39261,28255,2016-02-17 02:15:00.000000 UTC,21190,19.2519,26.1947
29093,39261,2016-02-02 14:16:40.000000 UTC,18010,19.2543,24.149
39261,16111,2016-02-12 11:46:40.000000 UTC,36670,19.2576,19.0036
28255,39261,2016-02-18 21:01:40.000000 UTC,2830,19.2649,23.031
28255,16111,2016-02-18 13:31:40.000000 UTC,19870,19.2652,25.5178
16111,28255,2016-02-06 17:40:00.000000 UTC,10810,19.2656,24.9816
39261,28255,2016-02-17 17:40:00.000000 UTC,20770,19.2687,25.0761
29093,39261,2016-02-03 13:25:00.000000 UTC,13210,19.2697,24.0769
28255,16111,2016-02-22 22:15:00.000000 UTC,9010,19.2713,23.5331
29093,28255,2016-02-03 13:25:00.000000 UTC,13390,19.2731,24.5931
29093,39261,2016-02-04 20:15:00.000000 UTC,20110,19.2736,21.3812
39261,16111,2016-02-15 22:25:00.000000 UTC,17050,19.2768,24.3951
28255,39261,2016-02-20 23:35:00.000000 UTC,18670,19.2779,26.0163
16111,39261,2016-02-11 13:46:40.000000 UTC,18550,19.2857,25.8507
39261,28255,2016-02-14 20:46:40.000000 UTC,23950,19.2868,23.5506
39261,29093,2016-02-12 14:20:00.000000 UTC,20110,19.288,25.2985
28255,39261,2016-02-18 07:25:00.000000 UTC,14050,19.2901,24.5555
39261,29093,2016-02-17 12:25:00.000000 UTC,25450,19.2935,26.3967
16111,39261,2016-02-06 23:55:00.000000 UTC,17410,19.2936,25.1123
29093,28255,2016-02-02 15:45:00.000000 UTC,20530,19.2956,23.2122
28255,29093,2016-02-20 12:30:00.000000 UTC,8950,19.2978,23.8691
16111,28255,2016-02-07 01:50:00.000000 UTC,18970,19.2989,23.3462
39261,16111,2016-02-17 12:25:00.000000 UTC,7030,19.2994,24.4899
28255,16111,2016-02-18 04:31:40.000000 UTC,23770,19.3005,26.4274
16111,39261,2016-02-06 23:20:00.000000 UTC,23470,19.3025,26.1109
29093,28255,2016-02-03 13:25:00.000000 UTC,17770,19.3034,25.0704
28255,39261,2016-02-18 10:55:00.000000 UTC,42190,19.3058,27.2431
28255,16111,2016-02-18 05:45:00.000000 UTC,21910,19.3061,23.5984
28255,16111,2016-02-21 22:30:00.000000 UTC,18730,19.3067,24.2869
29093,16111,2016-02-01 03:20:00.000000 UTC,24010,19.3073,26.62
29093,28255,2016-02-03 01:10:00.000000 UTC,9250,19.31,25.136
28255,16111,2016-02-18 12:10:00.000000 UTC,15850,19.311,22.6117
29093,39261,2016-02-01 16:31:40.000000 UTC,12970,19.3126,19.2469
28255,16111,2016-02-19 11:50:00.000000 UTC,25870,19.3136,26.4349
29093,16111,2016-02-04 01:00:00.000000 UTC,12850,19.3142,25.2137
29093,28255,2016-02-04 07:10:00.000000 UTC,9970,19.3177,22.743
28255,39261,2016-02-19 09:15:00.000000 UTC,21010,19.3188,25.5285
16111,28255,2016-02-11 01:25:00.000000 UTC,5770,19.3196,24.6566
29093,16111,2016-02-01 05:50:00.000000 UTC,7990,19.3204,20.5827
28255,16111,2016-02-18 04:31:40.000000 UTC,17890,19.3234,24.8663
16111,28255,2016-02-09 20:31:40.000000 UTC,18490,19.3235,25.7562
28255,39261,2016-02-22 14:50:00.000000 UTC,13810,19.3253,23.2881
29093,16111,2016-02-05 22:50:00.000000 UTC,10150,19.3257,25.0604
28255,16111,2016-02-18 06:40:00.000000 UTC,39490,19.3259,24.6814
28255,16111,2016-02-18 07:01:40.000000 UTC,15670,19.3316,25.8517
28255,16111,2016-02-19 17:20:00.000000 UTC,20050,19.3316,14.6066
39261,16111,2016-02-15 06:05:00.000000 UTC,11290,19.3323,22.6315
29093,16111,2016-02-01 23:55:00.000000 UTC,19450,19.3325,23.6855
16111,29093,2016-02-06 21:45:00.000000 UTC,18130,19.3342,22.1614
28255,16111,2016-02-20 12:30:00.000000 UTC,5410,19.3369,25.0975
29093,39261,2016-02-04 01:00:00.000000 UTC,20530,19.3389,25.8895
28255,16111,2016-02-19 15:55:00.000000 UTC,24970,19.3404,26.4362
28255,16111,2016-02-18 09:46:40.000000 UTC,5530,19.3416,24.9188
29093,16111,2016-02-04 22:31:40.000000 UTC,16510,19.342,24.2752
39261,29093,2016-02-12 11:01:40.000000 UTC,26290,19.3424,26.529
29093,28255,2016-02-02 12:50:00.000000 UTC,18610,19.3452,24.8421
16111,29093,2016-02-07 22:15:00.000000 UTC,23050,19.3457,26.476
39261,16111,2016-02-12 12:31:40.000000 UTC,16030,19.347,25.6372
39261,16111,2016-02-12 11:01:40.000000 UTC,23890,19.3473,26.2334
28255,39261,2016-02-18 23:00:00.000000 UTC,22090,19.3488,23.0584
29093,28255,2016-02-03 21:01:40.000000 UTC,25090,19.3517,26.2811
28255,29093,2016-02-19 02:10:00.000000 UTC,48970,19.3517,20.8042
29093,16111,2016-02-01 19:31:40.000000 UTC,8350,19.3529,23.4236
28255,29093,2016-02-18 11:31:40.000000 UTC,6370,19.3541,23.0375
29093,28255,2016-02-06 14:45:00.000000 UTC,17050,19.3555,25.3756
29093,28255,2016-02-01 16:31:40.000000 UTC,44410,19.3557,24.7225
16111,29093,2016-02-08 23:45:00.000000 UTC,18190,19.3568,25.7453
29093,28255,2016-02-01 09:45:00.000000 UTC,19150,19.3594,22.7916
16111,39261,2016-02-11 06:16:40.000000 UTC,20410,19.3604,25.9511
39261,16111,2016-02-14 07:20:00.000000 UTC,26950,19.3608,26.4479
28255,16111,2016-02-21 01:31:40.000000 UTC,13570,19.3621,24.4954
28255,29093,2016-02-18 21:01:40.000000 UTC,21010,19.3634,25.4361
39261,29093,2016-02-12 23:05:00.000000 UTC,19810,19.3642,25.9018
16111,29093,2016-02-06 21:16:40.000000 UTC,12850,19.3643,25.0068
16111,29093,2016-02-06 19:40:00.000000 UTC,5830,19.3687,24.2808
29093,28255,2016-02-02 12:50:00.000000 UTC,6610,19.3705,25.2656
39261,28255,2016-02-14 17:15:00.000000 UTC,11830,19.3724,25.4515
28255,16111,2016-02-19 06:46:40.000000 UTC,15970,19.373,25.6835
16111,39261,2016-02-09 10:40:00.000000 UTC,39250,19.3731,19.3336
16111,39261,2016-02-06 22:46:40.000000 UTC,9670,19.3735,23.0305
39261,28255,2016-02-17 17:40:00.000000 UTC,22270,19.3756,23.4574
28255,29093,2016-02-18 08:16:40.000000 UTC,18730,19.377,16.9999
39261,16111,2016-02-13 12:05:00.000000 UTC,26410,19.3781,26.6268
39261,28255,2016-02-14 15:31:40.000000 UTC,54250,19.3791,23.9922
28255,29093,2016-02-21 15:55:00.000000 UTC,20350,19.3809,23.6491
16111,39261,2016-02-07 17:25:00.000000 UTC,22510,19.3829,25.9562
16111,28255,2016-02-06 19:20:00.000000 UTC,18970,19.3842,25.798
39261,29093,2016-02-13 04:30:00.000000 UTC,22210,19.3855,26.0467
29093,39261,2016-02-03 09:46:40.000000 UTC,11890,19.3861,21.2225
16111,39261,2016-02-09 10:40:00.000000 UTC,20830,19.3897,21.5432
39261,16111,2016-02-13 07:35:00.000000 UTC,45430,19.3917,19.5314
16111,39261,2016-02-07 13:01:40.000000 UTC,25210,19.3942,26.3138
39261,29093,2016-02-14 10:31:40.000000 UTC,26230,19.3981,26.309
39261,16111,2016-02-16 21:20:00.000000 UTC,21850,19.3984,26.2997
29093,28255,2016-02-01 05:16:40.000000 UTC,12250,19.4013,22.8659
28255,39261,2016-02-21 22:30:00.000000 UTC,11710,19.403,24.7731
16111,39261,2016-02-06 19:40:00.000000 UTC,20830,19.4072,23.1923
28255,16111,2016-02-20 00:50:00.000000 UTC,13510,19.4083,24.504
39261,16111,2016-02-12 11:10:00.000000 UTC,17950,19.4091,24.4955
39261,28255,2016-02-17 20:20:00.000000 UTC,22030,19.4097,22.6796
39261,16111,2016-02-13 13:16:40.000000 UTC,5410,19.4112,24.0692
39261,29093,2016-02-13 18:20:00.000000 UTC,15130,19.4142,25.6272
29093,28255,2016-02-01 00:35:00.000000 UTC,5170,19.4209,23.8506
16111,29093,2016-02-06 22:46:40.000000 UTC,5830,19.4212,24.8294
16111,39261,2016-02-06 17:35:00.000000 UTC,25690,19.4217,26.3575
28255,39261,2016-02-23 08:31:40.000000 UTC,20410,19.4217,21.819
29093,28255,2016-02-01 15:35:00.000000 UTC,13930,19.4237,25.9273
16111,39261,2016-02-09 06:55:00.000000 UTC,25030,19.4242,26.2806
28255,29093,2016-02-18 17:25:00.000000 UTC,39010,19.4246,24.2562
28255,16111,2016-02-18 04:31:40.000000 UTC,23650,19.4258,25.8264
16111,39261,2016-02-07 05:35:00.000000 UTC,19150,19.4259,25.8225
29093,39261,2016-02-01 09:45:00.000000 UTC,17110,19.4267,21.0561
39261,28255,2016-02-13 07:35:00.000000 UTC,47050,19.4283,17.2225
29093,39261,2016-02-03 17:10:00.000000 UTC,18850,19.4298,24.1552
29093,16111,2016-02-03 02:50:00.000000 UTC,17590,19.4312,24.5735
39261,28255,2016-02-12 12:50:00.000000 UTC,25990,19.4326,25.4246
16111,39261,2016-02-11 03:50:00.000000 UTC,14050,19.4351,24.0597
39261,16111,2016-02-16 23:46:40.000000 UTC,21250,19.4355,26.2078
39261,28255,2016-02-13 19:40:00.000000 UTC,14710,19.4375,25.5834
39261,28255,2016-02-16 11:50:00.000000 UTC,55750,19.4378,17.0622
39261,29093,2016-02-13 01:40:00.000000 UTC,13030,19.4545,22.8203
16111,39261,2016-02-11 01:25:00.000000 UTC,20530,19.455,22.7016
29093,28255,2016-02-02 04:45:00.000000 UTC,18670,19.4602,25.8802
28255,39261,2016-02-18 09:15:00.000000 UTC,26650,19.4629,22.2203
16111,39261,2016-02-08 10:45:00.000000 UTC,25330,19.4632,26.3428
28255,39261,2016-02-23 03:20:00.000000 UTC,14530,19.4642,24.2934
28255,39261,2016-02-20 07:20:00.000000 UTC,5410,19.4658,23.1793
16111,28255,2016-02-11 03:50:00.000000 UTC,910,19.4695,20.3732
28255,29093,2016-02-23 03:20:00.000000 UTC,13330,19.4696,24.0325
29093,39261,2016-02-01 01:00:00.000000 UTC,26170,19.4708,26.2633
29093,28255,2016-02-01 19:31:40.000000 UTC,45190,19.4741,24.1143
39261,16111,2016-02-13 09:46:40.000000 UTC,21490,19.4742,26.2037
28255,16111,2016-02-19 14:31:40.000000 UTC,20350,19.4764,22.2225
29093,28255,2016-02-03 02:50:00.000000 UTC,17170,19.4771,24.8078
16111,29093,2016-02-09 03:16:40.000000 UTC,8290,19.4775,22.756
39261,29093,2016-02-13 22:25:00.000000 UTC,25570,19.4782,26.268
16111,39261,2016-02-07 14:05:00.000000 UTC,13630,19.4809,25.3541
39261,28255,2016-02-14 07:20:00.000000 UTC,19570,19.4832,21.8008
16111,29093,2016-02-09 06:55:00.000000 UTC,23830,19.4842,26.7734
39261,28255,2016-02-17 23:01:40.000000 UTC,10150,19.4854,23.7789
39261,29093,2016-02-13 13:16:40.000000 UTC,21430,19.4872,22.3312
16111,29093,2016-02-10 04:55:00.000000 UTC,24310,19.4879,27.1175
29093,16111,2016-02-01 02:31:40.000000 UTC,24190,19.4884,25.9337
28255,29093,2016-02-22 05:20:00.000000 UTC,18130,19.4904,26.3965
29093,28255,2016-02-03 02:50:00.000000 UTC,22030,19.4951,21.9364
29093,28255,2016-02-01 20:35:00.000000 UTC,22870,19.4961,25.6325
39261,29093,2016-02-18 01:45:00.000000 UTC,27910,19.4985,26.3208
39261,29093,2016-02-16 11:50:00.000000 UTC,38350,19.499,23.9083
28255,39261,2016-02-21 11:40:00.000000 UTC,19150,19.499,25.7096
28255,29093,2016-02-23 19:15:00.000000 UTC,54550,19.5003,17.1943
29093,39261,2016-02-03 01:10:00.000000 UTC,22510,19.5018,26.1063
39261,29093,2016-02-16 00:35:00.000000 UTC,22750,19.5022,26.3988
39261,28255,2016-02-12 18:01:40.000000 UTC,15730,19.5027,25.3322
29093,39261,2016-02-01 01:31:40.000000 UTC,57010,19.5058,25.0567
16111,39261,2016-02-08 09:15:00.000000 UTC,25030,19.506,25.762
29093,39261,2016-02-04 15:46:40.000000 UTC,6730,19.5064,22.8647
29093,16111,2016-02-06 04:01:40.000000 UTC,22930,19.5105,26.4642
28255,39261,2016-02-18 06:01:40.000000 UTC,15970,19.5125,26.299
39261,29093,2016-02-16 05:00:00.000000 UTC,16630,19.5137,22.9973
39261,16111,2016-02-12 11:00:00.000000 UTC,22390,19.5167,23.3764
28255,29093,2016-02-20 10:45:00.000000 UTC,13570,19.5176,24.9088
39261,29093,2016-02-12 20:45:00.000000 UTC,24070,19.5189,26.0996
29093,28255,2016-02-05 12:46:40.000000 UTC,15550,19.5205,26.519
28255,39261,2016-02-18 17:25:00.000000 UTC,21790,19.5214,22.5808
29093,39261,2016-02-04 01:00:00.000000 UTC,20650,19.5218,25.3113
29093,28255,2016-02-01 00:16:40.000000 UTC,18550,19.522,25.4129
28255,39261,2016-02-19 08:00:00.000000 UTC,26890,19.5223,25.9863
28255,29093,2016-02-18 11:31:40.000000 UTC,24790,19.5225,26.4051
28255,16111,2016-02-18 04:46:40.000000 UTC,16690,19.525,22.1166
16111,39261,2016-02-07 09:05:00.000000 UTC,19510,19.5252,21.9001
39261,29093,2016-02-12 22:16:40.000000 UTC,19990,19.5298,25.9432
29093,28255,2016-02-02 21:55:00.000000 UTC,8950,19.53,22.3828
39261,16111,2016-02-13 03:31:40.000000 UTC,6850,19.5309,23.4912
16111,28255,2016-02-10 18:20:00.000000 UTC,23830,19.5313,26.4758
29093,39261,2016-02-02 04:45:00.000000 UTC,23230,19.5319,25.6651
29093,16111,2016-02-01 05:50:00.000000 UTC,8710,19.5346,23.4955
29093,39261,2016-02-01 00:35:00.000000 UTC,20650,19.535,22.6763
29093,39261,2016-02-02 08:40:00.000000 UTC,16570,19.5364,23.923
29093,16111,2016-02-01 22:46:40.000000 UTC,18310,19.5404,24.5855
28255,16111,2016-02-23 11:10:00.000000 UTC,23290,19.5405,25.9799
39261,16111,2016-02-13 21:01:40.000000 UTC,7690,19.5421,24.435
29093,28255,2016-02-01 02:55:00.000000 UTC,19090,19.5425,25.279
28255,39261,2016-02-21 05:30:00.000000 UTC,28810,19.5438,26.0316
39261,16111,2016-02-15 04:10:00.000000 UTC,21550,19.5458,26.18
16111,28255,2016-02-10 02:46:40.000000 UTC,13690,19.5475,23.9949
16111,28255,2016-02-07 13:01:40.000000 UTC,16690,19.5484,22.4103
29093,39261,2016-02-04 09:16:40.000000 UTC,22930,19.5504,24.2252
39261,29093,2016-02-12 11:00:00.000000 UTC,21370,19.552,22.2053
28255,16111,2016-02-23 08:31:40.000000 UTC,16390,19.552,26.0416
16111,39261,2016-02-11 11:15:00.000000 UTC,10090,19.5535,24.1443
39261,28255,2016-02-15 18:10:00.000000 UTC,6190,19.5538,22.7554
29093,28255,2016-02-02 07:20:00.000000 UTC,11230,19.5546,26.0793
28255,39261,2016-02-18 04:46:40.000000 UTC,15610,19.5547,25.0046
29093,39261,2016-02-06 09:20:00.000000 UTC,32950,19.555,23.9796
16111,39261,2016-02-07 13:01:40.000000 UTC,25330,19.5563,25.7601
16111,39261,2016-02-12 08:15:00.000000 UTC,23710,19.5566,25.4957
16111,28255,2016-02-06 17:31:40.000000 UTC,11410,19.557,19.5558
28255,39261,2016-02-19 09:15:00.000000 UTC,26950,19.5573,25.9648
39261,28255,2016-02-12 21:30:00.000000 UTC,15550,19.5602,25.147
28255,29093,2016-02-22 03:01:40.000000 UTC,22150,19.5602,26.4492
28255,29093,2016-02-22 03:01:40.000000 UTC,27730,19.5634,26.6899
39261,28255,2016-02-13 23:50:00.000000 UTC,12670,19.5639,25.0758
39261,28255,2016-02-15 10:00:00.000000 UTC,16930,19.5641,26.177
16111,39261,2016-02-06 18:05:00.000000 UTC,20590,19.5647,21.767
39261,28255,2016-02-14 22:35:00.000000 UTC,29290,19.5651,26.3658
29093,16111,2016-02-04 18:00:00.000000 UTC,10870,19.5653,25.3776
16111,29093,2016-02-07 08:10:00.000000 UTC,22810,19.5665,25.811
28255,39261,2016-02-19 10:31:40.000000 UTC,22510,19.5672,22.666
39261,28255,2016-02-13 06:31:40.000000 UTC,21250,19.5711,25.7921
28255,39261,2016-02-20 23:35:00.000000 UTC,28510,19.576,26.323
39261,16111,2016-02-14 15:31:40.000000 UTC,9790,19.5769,24.5988
28255,29093,2016-02-22 10:01:40.000000 UTC,15310,19.5769,25.4261
29093,39261,2016-02-02 12:50:00.000000 UTC,18970,19.5806,23.85
16111,39261,2016-02-07 05:35:00.000000 UTC,19030,19.5825,25.2479
39261,29093,2016-02-13 19:40:00.000000 UTC,7570,19.5843,24.7804
28255,16111,2016-02-18 15:00:00.000000 UTC,24970,19.5863,26.3366
28255,16111,2016-02-18 05:16:40.000000 UTC,27070,19.5869,26.72
29093,28255,2016-02-01 09:45:00.000000 UTC,24670,19.5883,25.6286
16111,39261,2016-02-09 18:30:00.000000 UTC,16390,19.5883,25.5063
16111,39261,2016-02-07 08:10:00.000000 UTC,23890,19.5902,26.0134
39261,28255,2016-02-13 15:45:00.000000 UTC,26890,19.5929,26.0549
28255,29093,2016-02-18 10:20:00.000000 UTC,24970,19.5946,26.1215
39261,16111,2016-02-12 12:00:00.000000 UTC,21670,19.5948,25.999
28255,39261,2016-02-19 06:46:40.000000 UTC,3190,19.5955,23.5129
28255,39261,2016-02-18 05:30:00.000000 UTC,22030,19.5977,26.5395
39261,16111,2016-02-15 10:00:00.000000 UTC,21550,19.5983,23.6265
39261,28255,2016-02-16 02:46:40.000000 UTC,22090,19.6031,26.5733
39261,28255,2016-02-12 20:01:40.000000 UTC,7810,19.6068,25.3069
39261,28255,2016-02-17 04:45:00.000000 UTC,26950,19.6094,26.6609
29093,16111,2016-02-03 15:16:40.000000 UTC,5950,19.6117,25.4403
28255,16111,2016-02-19 08:00:00.000000 UTC,22930,19.6124,24.9693
29093,16111,2016-02-01 00:16:40.000000 UTC,20170,19.6125,24.4706
39261,16111,2016-02-16 18:55:00.000000 UTC,28030,19.6132,26.6478
16111,28255,2016-02-06 21:16:40.000000 UTC,11650,19.6134,25.1836
16111,29093,2016-02-10 00:40:00.000000 UTC,24310,19.615,26.5432
39261,16111,2016-02-14 13:50:00.000000 UTC,21070,19.6157,22.3192
29093,28255,2016-02-01 23:55:00.000000 UTC,5410,19.6161,24.1565
16111,39261,2016-02-10 13:45:00.000000 UTC,23110,19.6183,22.3245
16111,39261,2016-02-07 23:31:40.000000 UTC,24370,19.6184,26.5141
29093,16111,2016-02-01 18:30:00.000000 UTC,14350,19.6185,25.8364
16111,39261,2016-02-10 13:45:00.000000 UTC,5350,19.6198,24.0811
29093,16111,2016-02-01 07:01:40.000000 UTC,23950,19.6205,26.5906
28255,39261,2016-02-18 15:00:00.000000 UTC,9970,19.625,24.7202
29093,39261,2016-02-03 09:46:40.000000 UTC,22870,19.6257,24.6822
29093,39261,2016-02-03 01:10:00.000000 UTC,22570,19.6268,26.4213
28255,29093,2016-02-18 10:20:00.000000 UTC,23470,19.6287,23.3673
28255,39261,2016-02-23 03:20:00.000000 UTC,20770,19.6307,25.4046
16111,29093,2016-02-12 11:00:00.000000 UTC,4870,19.6323,23.7742
29093,28255,2016-02-04 01:00:00.000000 UTC,26050,19.6337,25.7664
39261,28255,2016-02-14 19:00:00.000000 UTC,13270,19.6355,22.9831
39261,28255,2016-02-13 06:31:40.000000 UTC,19330,19.6358,25.0629
39261,29093,2016-02-12 16:50:00.000000 UTC,3010,19.6372,23.0187
39261,29093,2016-02-16 21:20:00.000000 UTC,17710,19.6374,26.757
16111,29093,2016-02-11 08:45:00.000000 UTC,25090,19.6398,26.8475
39261,28255,2016-02-13 13:16:40.000000 UTC,27010,19.642,26.1785
29093,16111,2016-02-03 02:50:00.000000 UTC,57010,19.6428,25.0442
28255,29093,2016-02-20 23:35:00.000000 UTC,27550,19.6448,26.7125
39261,29093,2016-02-16 18:55:00.000000 UTC,7390,19.6463,24.9211
39261,16111,2016-02-15 18:10:00.000000 UTC,24790,19.6479,22.7768
29093,39261,2016-02-01 12:05:00.000000 UTC,25150,19.6489,26.2132
16111,28255,2016-02-06 17:40:00.000000 UTC,16630,19.6494,25.7636
28255,29093,2016-02-18 18:16:40.000000 UTC,16030,19.6494,24.8151
16111,29093,2016-02-12 00:10:00.000000 UTC,19930,19.6504,26.5167
39261,29093,2016-02-12 21:30:00.000000 UTC,20230,19.6539,26.1356
39261,16111,2016-02-12 23:05:00.000000 UTC,20710,19.6539,26.1588
16111,39261,2016-02-08 13:50:00.000000 UTC,26170,19.6555,26.4922
16111,28255,2016-02-10 04:55:00.000000 UTC,14470,19.6557,25.4993
28255,39261,2016-02-23 03:20:00.000000 UTC,20890,19.6567,25.9312
16111,28255,2016-02-07 09:05:00.000000 UTC,26050,19.6568,26.7431
28255,29093,2016-02-22 14:50:00.000000 UTC,10570,19.6584,26.1577
39261,16111,2016-02-12 23:55:00.000000 UTC,20470,19.6599,26.1702
39261,29093,2016-02-12 22:16:40.000000 UTC,25690,19.6602,26.2788
28255,39261,2016-02-22 03:01:40.000000 UTC,24250,19.6628,23.1464
16111,39261,2016-02-11 16:20:00.000000 UTC,11170,19.6633,26.2178
16111,28255,2016-02-11 11:15:00.000000 UTC,19870,19.6636,25.5004
29093,28255,2016-02-01 00:10:00.000000 UTC,16630,19.6641,25.9056
29093,16111,2016-02-02 23:31:40.000000 UTC,12010,19.6654,25.1269
16111,28255,2016-02-10 13:45:00.000000 UTC,8890,19.6678,25.2219
39261,28255,2016-02-12 11:10:00.000000 UTC,16030,19.6692,25.4291
29093,28255,2016-02-01 07:40:00.000000 UTC,13810,19.6694,23.5243
39261,28255,2016-02-12 14:46:40.000000 UTC,14230,19.6708,23.9773
29093,28255,2016-02-01 14:40:00.000000 UTC,20170,19.6716,23.067
16111,39261,2016-02-10 09:16:40.000000 UTC,14770,19.6726,24.4003
28255,16111,2016-02-19 00:01:40.000000 UTC,19330,19.6727,26.0338
39261,28255,2016-02-14 05:46:40.000000 UTC,30010,19.6733,26.3394
39261,29093,2016-02-15 20:16:40.000000 UTC,29350,19.6754,26.7372
39261,29093,2016-02-12 15:45:00.000000 UTC,20950,19.6787,22.2468
39261,29093,2016-02-12 22:16:40.000000 UTC,25750,19.6796,26.5393
29093,16111,2016-02-01 00:25:00.000000 UTC,18670,19.68,25.729
39261,28255,2016-02-13 06:31:40.000000 UTC,27310,19.681,26.2369
16111,29093,2016-02-09 14:31:40.000000 UTC,18490,19.6818,26.3162
39261,16111,2016-02-16 18:55:00.000000 UTC,23110,19.6818,22.7506
16111,28255,2016-02-07 16:16:40.000000 UTC,24010,19.6856,26.1447
39261,16111,2016-02-12 11:10:00.000000 UTC,11350,19.6858,21.4811
28255,16111,2016-02-20 23:35:00.000000 UTC,20050,19.6882,26.9209
28255,29093,2016-02-19 15:55:00.000000 UTC,11410,19.6904,26.4165
29093,39261,2016-02-04 07:10:00.000000 UTC,22030,19.6919,26.2822
39261,29093,2016-02-14 20:46:40.000000 UTC,18250,19.6942,25.9308
28255,29093,2016-02-18 17:25:00.000000 UTC,16090,19.6964,25.415
39261,16111,2016-02-12 15:15:00.000000 UTC,22450,19.6994,24.4121
39261,28255,2016-02-12 23:55:00.000000 UTC,21550,19.7019,25.9163
16111,28255,2016-02-10 04:55:00.000000 UTC,14350,19.7058,24.8923
39261,28255,2016-02-12 11:25:00.000000 UTC,15910,19.706,24.8798
29093,16111,2016-02-03 21:01:40.000000 UTC,11350,19.7088,25.572
39261,16111,2016-02-17 12:25:00.000000 UTC,23470,19.7103,26.3484
28255,39261,2016-02-18 12:50:00.000000 UTC,9850,19.712,24.4685
39261,29093,2016-02-15 08:01:40.000000 UTC,22150,19.7125,19.8637
28255,39261,2016-02-18 04:30:00.000000 UTC,26170,19.7128,23.6919
39261,29093,2016-02-12 16:16:40.000000 UTC,14530,19.7131,21.3569
16111,28255,2016-02-08 15:25:00.000000 UTC,15670,19.7137,25.4618
16111,39261,2016-02-07 01:50:00.000000 UTC,24250,19.7142,26.5161
29093,39261,2016-02-03 04:31:40.000000 UTC,27250,19.7151,26.4328
28255,39261,2016-02-21 03:30:00.000000 UTC,28690,19.7168,26.1821
39261,28255,2016-02-17 20:20:00.000000 UTC,6670,19.7197,19.9808
16111,39261,2016-02-08 02:10:00.000000 UTC,16990,19.7199,25.6496
16111,39261,2016-02-07 09:05:00.000000 UTC,24490,19.7201,24.182
28255,29093,2016-02-19 23:16:40.000000 UTC,17530,19.7212,25.8386
28255,29093,2016-02-18 06:01:40.000000 UTC,12730,19.7213,25.5041
28255,39261,2016-02-21 05:30:00.000000 UTC,23410,19.7235,22.61
28255,39261,2016-02-23 22:00:00.000000 UTC,9070,19.7235,22.8418
29093,28255,2016-02-03 02:50:00.000000 UTC,15310,19.7243,26.3416
39261,16111,2016-02-14 01:16:40.000000 UTC,12010,19.726,25.3502
28255,39261,2016-02-19 04:25:00.000000 UTC,3250,19.7267,22.6929
39261,16111,2016-02-12 13:55:00.000000 UTC,22570,19.73,23.1386
28255,39261,2016-02-19 00:01:40.000000 UTC,20650,19.7326,25.3006
16111,39261,2016-02-09 20:31:40.000000 UTC,25090,19.7339,26.6095
16111,28255,2016-02-09 10:40:00.000000 UTC,38710,19.7377,23.49
29093,39261,2016-02-01 02:31:40.000000 UTC,22570,19.7378,25.6188
16111,28255,2016-02-06 20:25:00.000000 UTC,19150,19.7386,25.4521
16111,39261,2016-02-07 03:15:00.000000 UTC,24610,19.7396,26.3048
28255,39261,2016-02-23 19:15:00.000000 UTC,7750,19.74,23.9885
16111,28255,2016-02-09 18:30:00.000000 UTC,15910,19.7404,26.6023
29093,28255,2016-02-01 01:15:00.000000 UTC,24790,19.7416,25.7441
16111,29093,2016-02-11 01:25:00.000000 UTC,20770,19.7425,23.0338
16111,39261,2016-02-07 09:05:00.000000 UTC,24730,19.7437,22.863
29093,28255,2016-02-02 11:25:00.000000 UTC,14170,19.7447,26.0887
16111,39261,2016-02-11 08:45:00.000000 UTC,27010,19.7452,26.6812
28255,39261,2016-02-19 14:31:40.000000 UTC,22870,19.7453,23.7741
29093,39261,2016-02-04 13:35:00.000000 UTC,25870,19.7474,26.2999
29093,28255,2016-02-02 10:01:40.000000 UTC,19690,19.7476,25.3652
16111,29093,2016-02-10 20:40:00.000000 UTC,9790,19.7481,25.5741
16111,39261,2016-02-09 10:40:00.000000 UTC,14890,19.7484,19.8523
29093,16111,2016-02-03 08:00:00.000000 UTC,24730,19.7488,26.6192
28255,39261,2016-02-18 10:55:00.000000 UTC,15250,19.749,19.8904
16111,28255,2016-02-10 07:05:00.000000 UTC,25150,19.7499,25.2175
39261,28255,2016-02-12 13:31:40.000000 UTC,21670,19.7515,24.094
39261,28255,2016-02-13 04:30:00.000000 UTC,56110,19.7528,14.9971
28255,29093,2016-02-18 04:46:40.000000 UTC,26110,19.7532,26.3406
28255,16111,2016-02-21 11:40:00.000000 UTC,20950,19.7538,25.5044
39261,28255,2016-02-17 04:45:00.000000 UTC,26890,19.7543,26.9078
29093,39261,2016-02-01 18:30:00.000000 UTC,20710,19.756,25.9931
16111,39261,2016-02-08 17:01:40.000000 UTC,27070,19.756,26.533
16111,28255,2016-02-06 23:20:00.000000 UTC,23950,19.7561,25.7888
39261,28255,2016-02-12 13:31:40.000000 UTC,8230,19.7562,24.6196
39261,28255,2016-02-12 15:15:00.000000 UTC,21910,19.7574,25.832
29093,16111,2016-02-01 07:01:40.000000 UTC,2290,19.7578,21.9275
16111,39261,2016-02-07 12:00:00.000000 UTC,8170,19.7582,21.0433
28255,39261,2016-02-18 15:00:00.000000 UTC,9550,19.7612,22.3112
39261,28255,2016-02-12 13:31:40.000000 UTC,22150,19.7613,26.5018
39261,28255,2016-02-13 04:30:00.000000 UTC,25630,19.7622,23.7753
29093,28255,2016-02-02 11:25:00.000000 UTC,12250,19.7655,25.4162
29093,16111,2016-02-03 13:25:00.000000 UTC,18850,19.7661,26.0135
16111,29093,2016-02-09 18:30:00.000000 UTC,20110,19.7687,23.8932
39261,28255,2016-02-12 12:15:00.000000 UTC,2530,19.7688,23.2483
28255,39261,2016-02-18 04:30:00.000000 UTC,26290,19.7688,23.0586
16111,28255,2016-02-08 12:16:40.000000 UTC,26650,19.774,26.4132
29093,28255,2016-02-04 07:10:00.000000 UTC,23530,19.7782,26.7679
29093,39261,2016-02-03 02:50:00.000000 UTC,45610,19.7787,24.3091
29093,16111,2016-02-06 01:25:00.000000 UTC,26530,19.779,26.9702
29093,39261,2016-02-01 04:45:00.000000 UTC,20890,19.7806,27.0217
16111,29093,2016-02-06 23:55:00.000000 UTC,11470,19.7816,25.0261
29093,39261,2016-02-02 11:25:00.000000 UTC,23470,19.7825,23.2612
16111,28255,2016-02-08 17:01:40.000000 UTC,21850,19.783,26.2875
16111,29093,2016-02-07 00:31:40.000000 UTC,6130,19.7837,23.0835
29093,28255,2016-02-04 18:00:00.000000 UTC,23950,19.784,24.3129
16111,28255,2016-02-12 00:10:00.000000 UTC,11230,19.7842,24.5163
28255,29093,2016-02-23 03:20:00.000000 UTC,12970,19.7843,20.5933
39261,16111,2016-02-17 07:16:40.000000 UTC,54310,19.7855,25.3084
28255,16111,2016-02-18 21:01:40.000000 UTC,23590,19.7855,26.4719
39261,28255,2016-02-12 16:16:40.000000 UTC,27910,19.7885,26.2111
16111,28255,2016-02-06 22:46:40.000000 UTC,6070,19.7917,24.996
39261,28255,2016-02-12 16:50:00.000000 UTC,28150,19.7936,27.1552
16111,29093,2016-02-07 07:16:40.000000 UTC,19030,19.7975,26.5153
28255,29093,2016-02-20 04:01:40.000000 UTC,29770,19.7992,25.4312
16111,39261,2016-02-07 16:16:40.000000 UTC,21910,19.8,24.4405
28255,39261,2016-02-18 12:50:00.000000 UTC,15970,19.8013,25.0563
39261,16111,2016-02-17 15:01:40.000000 UTC,23410,19.8019,22.7666
29093,28255,2016-02-01 02:31:40.000000 UTC,17110,19.8026,26.0829
39261,29093,2016-02-12 15:15:00.000000 UTC,21850,19.8074,26.8083
28255,39261,2016-02-18 06:40:00.000000 UTC,25870,19.809,25.6889
28255,39261,2016-02-20 12:30:00.000000 UTC,22150,19.81,25.5907
29093,39261,2016-02-03 02:50:00.000000 UTC,57670,19.8102,24.7845
29093,28255,2016-02-01 09:01:40.000000 UTC,20530,19.8151,26.0485
29093,28255,2016-02-01 03:46:40.000000 UTC,17650,19.8152,24.5862
29093,39261,2016-02-06 14:45:00.000000 UTC,24610,19.8166,24.0298
16111,28255,2016-02-08 03:31:40.000000 UTC,7510,19.8172,20.6329
16111,29093,2016-02-07 09:05:00.000000 UTC,23110,19.8173,24.1374
16111,28255,2016-02-07 03:15:00.000000 UTC,14650,19.8209,24.6455
28255,39261,2016-02-19 08:00:00.000000 UTC,22390,19.8217,22.5811
28255,16111,2016-02-21 18:05:00.000000 UTC,15910,19.8228,26.8895
39261,29093,2016-02-15 18:10:00.000000 UTC,24850,19.8232,23.324
29093,28255,2016-02-01 02:55:00.000000 UTC,25150,19.8248,25.7977
28255,29093,2016-02-23 03:20:00.000000 UTC,25090,19.8262,26.781
29093,28255,2016-02-02 08:40:00.000000 UTC,6370,19.8282,19.8894
16111,29093,2016-02-06 17:31:40.000000 UTC,16750,19.8286,26.0115
29093,28255,2016-02-04 05:05:00.000000 UTC,14950,19.8302,25.9208
28255,16111,2016-02-18 12:10:00.000000 UTC,16630,19.8355,27.1654
29093,16111,2016-02-05 22:50:00.000000 UTC,22990,19.8374,25.979
29093,28255,2016-02-02 10:01:40.000000 UTC,25870,19.8377,26.3873
28255,39261,2016-02-19 04:25:00.000000 UTC,3190,19.839,23.0138
28255,39261,2016-02-18 04:46:40.000000 UTC,20410,19.8395,21.6298
39261,28255,2016-02-12 12:31:40.000000 UTC,26290,19.8396,24.0161
29093,39261,2016-02-02 12:50:00.000000 UTC,12850,19.8411,23.3716
29093,39261,2016-02-01 02:55:00.000000 UTC,21130,19.8429,23.2885
16111,39261,2016-02-08 02:10:00.000000 UTC,16930,19.8431,25.9221
28255,39261,2016-02-19 02:10:00.000000 UTC,10030,19.8431,22.3952
29093,16111,2016-02-02 08:40:00.000000 UTC,19690,19.8433,26.408
29093,16111,2016-02-02 10:01:40.000000 UTC,19570,19.8456,26.0058
29093,28255,2016-02-01 03:20:00.000000 UTC,19510,19.847,26.9078
29093,28255,2016-02-03 19:05:00.000000 UTC,14470,19.8478,24.0213
28255,39261,2016-02-18 09:46:40.000000 UTC,21970,19.8482,25.6163
39261,28255,2016-02-12 17:25:00.000000 UTC,25990,19.8556,24.4551
39261,29093,2016-02-13 07:35:00.000000 UTC,21610,19.8578,25.32
29093,28255,2016-02-03 02:50:00.000000 UTC,33910,19.8581,23.3782
29093,28255,2016-02-01 01:31:40.000000 UTC,18790,19.8588,25.2438
39261,28255,2016-02-12 18:40:00.000000 UTC,31450,19.8596,26.533
39261,28255,2016-02-17 23:01:40.000000 UTC,14530,19.8605,25.474
29093,39261,2016-02-02 12:50:00.000000 UTC,17350,19.8626,25.7971
29093,28255,2016-02-01 00:01:40.000000 UTC,16450,19.8648,26.5819
28255,16111,2016-02-21 20:16:40.000000 UTC,15310,19.8664,26.3811
29093,39261,2016-02-01 01:31:40.000000 UTC,9850,19.8665,23.4835
28255,39261,2016-02-23 13:50:00.000000 UTC,13270,19.8674,25.3676
29093,28255,2016-02-02 11:25:00.000000 UTC,20290,19.8687,26.7709
29093,39261,2016-02-05 10:20:00.000000 UTC,10930,19.8723,25.9169
16111,28255,2016-02-09 14:31:40.000000 UTC,22690,19.8726,24.0532
16111,29093,2016-02-08 23:45:00.000000 UTC,7090,19.8729,24.8541
28255,29093,2016-02-18 07:01:40.000000 UTC,18010,19.8783,26.2009
29093,28255,2016-02-06 04:01:40.000000 UTC,24850,19.8784,25.8664
39261,16111,2016-02-12 11:16:40.000000 UTC,16810,19.8791,22.3841
39261,28255,2016-02-12 15:15:00.000000 UTC,9490,19.8828,23.035
39261,29093,2016-02-15 04:10:00.000000 UTC,21850,19.8855,27.1578
39261,29093,2016-02-14 20:46:40.000000 UTC,25930,19.8865,26.7078
39261,28255,2016-02-12 20:45:00.000000 UTC,3070,19.8871,17.5239
16111,28255,2016-02-09 10:40:00.000000 UTC,9010,19.8874,19.8609
28255,29093,2016-02-19 08:00:00.000000 UTC,26410,19.8892,26.7649
29093,39261,2016-02-04 15:46:40.000000 UTC,12010,19.8906,26.8359
29093,28255,2016-02-05 15:15:00.000000 UTC,27730,19.8912,27.4881
39261,16111,2016-02-17 12:25:00.000000 UTC,25750,19.8918,27.32
16111,39261,2016-02-08 15:25:00.000000 UTC,3070,19.8929,23.5488
29093,39261,2016-02-05 15:15:00.000000 UTC,24730,19.8958,23.4702
16111,39261,2016-02-07 23:31:40.000000 UTC,5650,19.8993,23.408
39261,28255,2016-02-12 13:31:40.000000 UTC,13990,19.9032,25.6328
16111,28255,2016-02-09 16:30:00.000000 UTC,10090,19.9033,23.2261
29093,28255,2016-02-05 15:15:00.000000 UTC,24310,19.9057,26.6984
16111,29093,2016-02-06 17:40:00.000000 UTC,16810,19.9057,25.7672
28255,39261,2016-02-20 19:46:40.000000 UTC,5770,19.9089,22.5335
29093,28255,2016-02-04 03:01:40.000000 UTC,14470,19.9091,26.1615
28255,29093,2016-02-18 04:31:40.000000 UTC,7630,19.9097,24.2208
16111,29093,2016-02-07 10:01:40.000000 UTC,19210,19.9104,27.0152
29093,16111,2016-02-03 13:25:00.000000 UTC,24850,19.9106,27.8992
39261,28255,2016-02-14 17:15:00.000000 UTC,17530,19.9116,26.625
16111,29093,2016-02-06 21:45:00.000000 UTC,24670,19.913,27.6339
39261,28255,2016-02-12 19:20:00.000000 UTC,13810,19.9133,25.4484
28255,29093,2016-02-22 14:50:00.000000 UTC,16150,19.9141,25.9693
28255,16111,2016-02-19 03:16:40.000000 UTC,11350,19.9149,24.6549
28255,29093,2016-02-18 07:01:40.000000 UTC,23590,19.915,26.4574
39261,28255,2016-02-17 02:15:00.000000 UTC,9490,19.9153,25.346
28255,39261,2016-02-21 15:55:00.000000 UTC,29230,19.9156,26.2371
39261,28255,2016-02-12 11:00:00.000000 UTC,22270,19.9175,26.6274
29093,16111,2016-02-04 15:46:40.000000 UTC,21850,19.9178,26.6627
39261,16111,2016-02-12 22:16:40.000000 UTC,29650,19.9181,28.0804
28255,16111,2016-02-19 20:15:00.000000 UTC,26050,19.9184,26.3838
29093,39261,2016-02-01 12:55:00.000000 UTC,17590,19.9198,23.7868
16111,29093,2016-02-07 02:31:40.000000 UTC,17350,19.92,23.6248
16111,28255,2016-02-07 18:35:00.000000 UTC,28270,19.9202,26.8922
28255,29093,2016-02-18 06:20:00.000000 UTC,23710,19.9205,26.5997
39261,16111,2016-02-12 21:30:00.000000 UTC,25330,19.9214,22.8524
39261,16111,2016-02-12 12:50:00.000000 UTC,6550,19.9216,25.9117
39261,16111,2016-02-16 21:20:00.000000 UTC,23830,19.9226,25.9602
28255,39261,2016-02-21 07:31:40.000000 UTC,24310,19.9247,22.2596
29093,39261,2016-02-03 06:15:00.000000 UTC,17350,19.926,23.6423
29093,16111,2016-02-02 02:16:40.000000 UTC,25510,19.9274,26.7313
28255,39261,2016-02-18 19:10:00.000000 UTC,10150,19.9281,24.6243
28255,39261,2016-02-19 18:46:40.000000 UTC,10030,19.932,20.6781
39261,16111,2016-02-12 13:55:00.000000 UTC,22510,19.9329,22.7564
28255,39261,2016-02-19 13:10:00.000000 UTC,58930,19.9329,25.2664
29093,39261,2016-02-01 00:46:40.000000 UTC,21910,19.9347,24.5583
39261,29093,2016-02-14 19:00:00.000000 UTC,18370,19.9376,27.1816
29093,39261,2016-02-03 21:01:40.000000 UTC,7750,19.9386,24.3239
16111,39261,2016-02-08 13:50:00.000000 UTC,15790,19.9395,23.3281
16111,28255,2016-02-06 22:15:00.000000 UTC,17710,19.941,25.8781
28255,39261,2016-02-18 04:35:00.000000 UTC,31630,19.9443,26.479
16111,29093,2016-02-08 00:50:00.000000 UTC,19390,19.9444,26.1802
39261,28255,2016-02-12 16:50:00.000000 UTC,21970,19.9445,26.3294
39261,29093,2016-02-13 21:01:40.000000 UTC,20170,19.9446,25.8361
29093,39261,2016-02-03 08:00:00.000000 UTC,10930,19.9467,19.9906
28255,39261,2016-02-22 19:45:00.000000 UTC,26410,19.9473,25.2158
28255,39261,2016-02-18 10:55:00.000000 UTC,14050,19.9481,25.4455
29093,39261,2016-02-01 07:40:00.000000 UTC,23530,19.9482,23.7871
28255,39261,2016-02-20 09:01:40.000000 UTC,22390,19.9485,23.4241
16111,29093,2016-02-07 14:05:00.000000 UTC,24850,19.9486,26.7057
29093,16111,2016-02-02 14:16:40.000000 UTC,13750,19.9504,25.4254
29093,39261,2016-02-02 02:16:40.000000 UTC,10150,19.9512,23.5672
16111,29093,2016-02-08 04:55:00.000000 UTC,19450,19.9512,25.8422
28255,39261,2016-02-18 04:40:00.000000 UTC,7930,19.9533,24.4803
29093,39261,2016-02-01 00:10:00.000000 UTC,21910,19.9543,25.341
16111,29093,2016-02-06 21:45:00.000000 UTC,24310,19.9563,26.0031
16111,29093,2016-02-10 00:40:00.000000 UTC,24250,19.9568,26.8367
29093,39261,2016-02-01 16:31:40.000000 UTC,24730,19.9572,23.0832
16111,29093,2016-02-10 02:46:40.000000 UTC,2410,19.9574,23.1211
16111,29093,2016-02-06 20:50:00.000000 UTC,22330,19.9583,26.7155
28255,39261,2016-02-19 23:16:40.000000 UTC,28090,19.9605,23.3602
16111,29093,2016-02-06 20:01:40.000000 UTC,24370,19.9608,26.5077
39261,28255,2016-02-14 19:00:00.000000 UTC,29170,19.962,27.3885
29093,39261,2016-02-01 03:46:40.000000 UTC,15010,19.9662,25.3191
39261,29093,2016-02-12 13:10:00.000000 UTC,10810,19.9669,25.4308
39261,16111,2016-02-13 04:30:00.000000 UTC,25030,19.9671,26.8534
16111,28255,2016-02-06 18:05:00.000000 UTC,24790,19.9675,26.5988
16111,39261,2016-02-07 18:35:00.000000 UTC,22570,19.9677,24.4416
16111,29093,2016-02-12 00:10:00.000000 UTC,25630,19.9682,26.2031
16111,39261,2016-02-06 17:40:00.000000 UTC,7930,19.9684,24.9133
16111,28255,2016-02-08 04:55:00.000000 UTC,14830,19.9689,24.8474
39261,28255,2016-02-16 09:31:40.000000 UTC,23470,19.971,22.6566
29093,28255,2016-02-01 00:16:40.000000 UTC,28450,19.9714,26.5438
16111,29093,2016-02-07 05:35:00.000000 UTC,22690,19.9716,25.9887
29093,39261,2016-02-06 14:45:00.000000 UTC,14050,19.9719,25.0656
16111,39261,2016-02-07 05:35:00.000000 UTC,24910,19.9731,24.6039
39261,16111,2016-02-13 14:30:00.000000 UTC,26350,19.9736,23.5132
39261,28255,2016-02-13 12:05:00.000000 UTC,15070,19.9741,25.8433
29093,28255,2016-02-01 05:50:00.000000 UTC,12070,19.9751,24.9376
16111,29093,2016-02-08 22:01:40.000000 UTC,20050,19.9772,26.6342
39261,29093,2016-02-16 21:20:00.000000 UTC,19930,19.9773,26.6139
16111,39261,2016-02-12 00:10:00.000000 UTC,7630,19.9792,24.9282
16111,29093,2016-02-06 17:35:00.000000 UTC,27790,19.9814,27.071
29093,39261,2016-02-01 16:31:40.000000 UTC,25750,19.9828,23.8677
39261,28255,2016-02-16 11:50:00.000000 UTC,16210,19.9831,24.4126
16111,39261,2016-02-06 19:01:40.000000 UTC,26350,19.9887,25.2418
39261,16111,2016-02-17 09:50:00.000000 UTC,29650,19.9904,26.8806
16111,39261,2016-02-07 22:15:00.000000 UTC,27850,19.9905,26.2332
16111,29093,2016-02-08 07:46:40.000000 UTC,19630,19.9914,26.3592
39261,28255,2016-02-13 08:40:00.000000 UTC,25630,19.9933,22.9345
28255,29093,2016-02-19 08:00:00.000000 UTC,29770,19.9934,26.9014
29093,28255,2016-02-03 21:01:40.000000 UTC,14590,19.994,21.6498
29093,28255,2016-02-01 06:25:00.000000 UTC,6490,19.9952,23.1918
16111,39261,2016-02-06 21:45:00.000000 UTC,22510,19.9956,23.4846
29093,28255,2016-02-01 01:50:00.000000 UTC,28690,19.9966,26.8979
29093,39261,2016-02-04 13:35:00.000000 UTC,30790,19.9967,20.9584
29093,28255,2016-02-01 06:25:00.000000 UTC,17950,19.9982,25.9448
29093,28255,2016-02-03 21:01:40.000000 UTC,25450,19.9982,24.5223
39261,28255,2016-02-12 11:05:00.000000 UTC,14110,19.9982,25.6748
29093,39261,2016-02-01 00:16:40.000000 UTC,21610,19.9983,23.5389
29093,28255,2016-02-02 07:20:00.000000 UTC,17050,19.9986,26.7104
16111,28255,2016-02-12 05:31:40.000000 UTC,12130,20.0011,26.3718
29093,28255,2016-02-06 01:25:00.000000 UTC,12130,20.0012,26.971
16111,28255,2016-02-08 03:31:40.000000 UTC,18970,20.0019,24.494
16111,39261,2016-02-12 02:50:00.000000 UTC,26230,20.0026,26.0412
16111,28255,2016-02-06 18:16:40.000000 UTC,16570,20.004,26.7522
28255,29093,2016-02-18 18:16:40.000000 UTC,21430,20.0044,26.0708
16111,28255,2016-02-08 04:55:00.000000 UTC,14770,20.005,24.5408
39261,28255,2016-02-12 11:10:00.000000 UTC,31750,20.0061,26.6857
16111,28255,2016-02-08 23:45:00.000000 UTC,23650,20.0075,25.2376
16111,39261,2016-02-08 02:10:00.000000 UTC,28870,20.0119,26.5178
16111,28255,2016-02-09 18:30:00.000000 UTC,27970,20.0139,26.0323
29093,39261,2016-02-01 20:35:00.000000 UTC,25570,20.0151,24.0605
16111,39261,2016-02-09 18:30:00.000000 UTC,28270,20.0159,26.4024
29093,16111,2016-02-03 17:10:00.000000 UTC,22390,20.0164,26.9143
28255,16111,2016-02-18 07:25:00.000000 UTC,22570,20.0166,23.3727
28255,29093,2016-02-20 21:40:00.000000 UTC,22390,20.0167,26.3549
16111,29093,2016-02-09 01:30:00.000000 UTC,12550,20.0169,26.1073
39261,29093,2016-02-13 22:25:00.000000 UTC,47230,20.018,23.4279
28255,39261,2016-02-18 12:10:00.000000 UTC,14770,20.0189,20.5623
28255,39261,2016-02-19 08:00:00.000000 UTC,27130,20.019,24.8917
28255,39261,2016-02-22 05:20:00.000000 UTC,25930,20.0191,25.7597
39261,29093,2016-02-12 13:55:00.000000 UTC,16330,20.0197,25.8807
39261,28255,2016-02-12 16:50:00.000000 UTC,8650,20.0199,19.936
28255,39261,2016-02-18 09:15:00.000000 UTC,15970,20.0206,25.7061
39261,28255,2016-02-13 18:20:00.000000 UTC,26350,20.0229,24.1401
29093,16111,2016-02-03 17:10:00.000000 UTC,24430,20.0236,26.3463
29093,39261,2016-02-02 12:50:00.000000 UTC,23290,20.0243,26.2379
29093,16111,2016-02-04 18:00:00.000000 UTC,22390,20.0256,23.2969
39261,29093,2016-02-13 13:16:40.000000 UTC,22090,20.0259,26.2857
39261,16111,2016-02-12 21:30:00.000000 UTC,15790,20.0268,27.2827
39261,16111,2016-02-12 21:30:00.000000 UTC,26650,20.0272,25.8882
16111,29093,2016-02-06 18:30:00.000000 UTC,16690,20.0306,26.5012
16111,39261,2016-02-07 22:15:00.000000 UTC,21610,20.0306,27.0681
29093,16111,2016-02-01 12:05:00.000000 UTC,20170,20.0309,26.2341
39261,28255,2016-02-13 12:05:00.000000 UTC,21130,20.0309,26.2853
16111,29093,2016-02-07 10:01:40.000000 UTC,23290,20.0331,23.1754
29093,16111,2016-02-03 17:10:00.000000 UTC,27910,20.0344,27.2336
16111,39261,2016-02-10 02:46:40.000000 UTC,20590,20.0355,25.5888
16111,39261,2016-02-06 20:01:40.000000 UTC,3370,20.0376,18.4744
28255,29093,2016-02-19 03:16:40.000000 UTC,9730,20.0379,22.7343
39261,16111,2016-02-15 08:01:40.000000 UTC,28210,20.038,26.7433
16111,39261,2016-02-07 07:16:40.000000 UTC,25810,20.0396,26.476
16111,29093,2016-02-10 11:30:00.000000 UTC,9310,20.04,24.1513
16111,29093,2016-02-10 11:30:00.000000 UTC,9190,20.0409,23.3834
29093,28255,2016-02-03 21:01:40.000000 UTC,9130,20.0413,25.1865
16111,29093,2016-02-06 17:40:00.000000 UTC,18550,20.0418,25.9371
28255,29093,2016-02-23 13:50:00.000000 UTC,11650,20.0426,26.4036
29093,16111,2016-02-03 21:01:40.000000 UTC,27850,20.0427,27.0144
28255,29093,2016-02-18 06:40:00.000000 UTC,20050,20.0433,26.0333
16111,28255,2016-02-07 17:25:00.000000 UTC,23710,20.0434,23.2416
16111,29093,2016-02-08 20:20:00.000000 UTC,25690,20.0438,26.8753
29093,28255,2016-02-04 15:46:40.000000 UTC,25390,20.0446,26.9425
16111,29093,2016-02-12 08:15:00.000000 UTC,25750,20.0447,26.5385
28255,39261,2016-02-21 22:30:00.000000 UTC,29650,20.0461,25.6744
39261,16111,2016-02-17 20:20:00.000000 UTC,22870,20.0492,23.1544
29093,39261,2016-02-01 03:20:00.000000 UTC,3130,20.0499,23.627
29093,28255,2016-02-01 04:15:00.000000 UTC,23890,20.0507,23.617
16111,39261,2016-02-07 23:31:40.000000 UTC,23830,20.0507,23.8925
39261,28255,2016-02-12 21:30:00.000000 UTC,25810,20.0507,24.4489
16111,39261,2016-02-07 12:00:00.000000 UTC,25570,20.0514,22.9016
29093,39261,2016-02-01 23:55:00.000000 UTC,26050,20.0522,25.9721
16111,39261,2016-02-12 08:15:00.000000 UTC,23230,20.0524,22.9979
39261,28255,2016-02-13 03:31:40.000000 UTC,13330,20.0526,25.9795
16111,28255,2016-02-06 20:01:40.000000 UTC,25210,20.0528,26.4317
16111,28255,2016-02-06 20:01:40.000000 UTC,11050,20.0544,26.7366
28255,39261,2016-02-19 14:31:40.000000 UTC,17110,20.055,25.373
39261,28255,2016-02-12 16:50:00.000000 UTC,31750,20.0553,25.6683
39261,28255,2016-02-15 10:00:00.000000 UTC,18910,20.0553,24.8342
39261,28255,2016-02-12 12:31:40.000000 UTC,13870,20.0555,26.3934
16111,39261,2016-02-07 05:35:00.000000 UTC,23230,20.0571,25.6512
29093,39261,2016-02-01 00:46:40.000000 UTC,9850,20.0582,24.629
29093,39261,2016-02-01 01:31:40.000000 UTC,10150,20.0589,25.0787
29093,16111,2016-02-01 13:46:40.000000 UTC,20050,20.0597,25.8483
28255,39261,2016-02-18 05:16:40.000000 UTC,28150,20.0614,26.9358
28255,39261,2016-02-18 06:01:40.000000 UTC,15490,20.0623,23.9341
28255,16111,2016-02-18 12:10:00.000000 UTC,28030,20.0623,27.9762
16111,28255,2016-02-06 17:30:00.000000 UTC,28570,20.0652,25.6515
29093,39261,2016-02-04 03:01:40.000000 UTC,14950,20.0656,26.1176
16111,39261,2016-02-10 04:55:00.000000 UTC,38530,20.067,22.95
29093,16111,2016-02-02 08:40:00.000000 UTC,25210,20.0683,26.1083
28255,39261,2016-02-19 08:00:00.000000 UTC,21490,20.0697,22.3142
16111,29093,2016-02-08 09:15:00.000000 UTC,14050,20.0704,26.4321
29093,28255,2016-02-01 05:50:00.000000 UTC,17770,20.0727,26.2145
16111,29093,2016-02-07 01:50:00.000000 UTC,24430,20.073,26.2039
28255,16111,2016-02-21 05:30:00.000000 UTC,51130,20.0735,20.9774
39261,16111,2016-02-18 01:45:00.000000 UTC,31030,20.0754,26.8944
28255,39261,2016-02-18 10:20:00.000000 UTC,31870,20.0756,26.6268
29093,16111,2016-02-03 23:00:00.000000 UTC,24250,20.0783,26.323
39261,29093,2016-02-17 23:01:40.000000 UTC,29950,20.0794,23.3621
16111,39261,2016-02-06 21:45:00.000000 UTC,10690,20.0803,24.928
28255,29093,2016-02-23 22:00:00.000000 UTC,8770,20.0822,20.1366
39261,29093,2016-02-12 11:16:40.000000 UTC,16990,20.0826,25.967
29093,28255,2016-02-05 07:55:00.000000 UTC,21670,20.0829,13.2047
29093,16111,2016-02-03 11:35:00.000000 UTC,18490,20.0835,23.211
39261,28255,2016-02-13 14:30:00.000000 UTC,13690,20.0846,20.0464
16111,39261,2016-02-07 05:35:00.000000 UTC,25570,20.0864,27.4472
16111,28255,2016-02-09 14:31:40.000000 UTC,15370,20.0865,24.5741
28255,16111,2016-02-18 16:35:00.000000 UTC,24670,20.0866,26.051
29093,39261,2016-02-06 12:01:40.000000 UTC,23890,20.0874,24.2605
29093,16111,2016-02-01 12:55:00.000000 UTC,20170,20.0896,26.4685
39261,28255,2016-02-17 12:25:00.000000 UTC,20650,20.0898,26.6956
29093,28255,2016-02-01 10:30:00.000000 UTC,55750,20.0916,23.8732
29093,16111,2016-02-04 18:00:00.000000 UTC,27370,20.0918,26.8543
28255,16111,2016-02-21 11:40:00.000000 UTC,28270,20.0931,25.8557
39261,28255,2016-02-17 20:20:00.000000 UTC,26350,20.0943,26.4021
39261,16111,2016-02-12 13:55:00.000000 UTC,5830,20.095,23.5562
29093,39261,2016-02-02 01:05:00.000000 UTC,9670,20.0959,22.4895
16111,29093,2016-02-08 07:46:40.000000 UTC,25330,20.0967,26.7034
16111,29093,2016-02-06 17:30:00.000000 UTC,27850,20.0969,26.8034
29093,39261,2016-02-03 15:16:40.000000 UTC,19990,20.0976,25.6608
16111,39261,2016-02-09 12:35:00.000000 UTC,26830,20.0982,25.2988
28255,16111,2016-02-19 09:15:00.000000 UTC,5530,20.0982,23.0275
29093,16111,2016-02-03 09:46:40.000000 UTC,11710,20.1003,25.1824
29093,39261,2016-02-02 15:45:00.000000 UTC,7210,20.1007,20.0962
16111,39261,2016-02-07 18:35:00.000000 UTC,3250,20.1031,23.1841
29093,28255,2016-02-01 09:45:00.000000 UTC,26710,20.1035,26.4785
16111,29093,2016-02-10 23:01:40.000000 UTC,8290,20.1038,25.2348
39261,28255,2016-02-12 17:25:00.000000 UTC,26230,20.1048,23.2027
16111,39261,2016-02-06 17:40:00.000000 UTC,14530,20.106,20.1413
29093,16111,2016-02-01 10:30:00.000000 UTC,25930,20.1086,26.8415
29093,39261,2016-02-01 21:40:00.000000 UTC,27670,20.1094,26.5322
39261,28255,2016-02-16 09:31:40.000000 UTC,28510,20.1141,23.0977
29093,28255,2016-02-01 16:31:40.000000 UTC,21550,20.1149,22.9627
16111,39261,2016-02-06 17:30:00.000000 UTC,26170,20.1159,23.9566
39261,16111,2016-02-12 13:31:40.000000 UTC,32230,20.1177,27.0878
16111,39261,2016-02-06 18:16:40.000000 UTC,26170,20.1201,25.1886
16111,39261,2016-02-10 04:55:00.000000 UTC,21310,20.1236,26.0537
16111,39261,2016-02-12 00:10:00.000000 UTC,8890,20.1239,22.8303
16111,39261,2016-02-06 19:20:00.000000 UTC,9730,20.1241,23.2637
28255,39261,2016-02-19 18:46:40.000000 UTC,27610,20.1243,24.7561
28255,16111,2016-02-21 13:46:40.000000 UTC,10870,20.1272,24.9578
39261,28255,2016-02-13 04:30:00.000000 UTC,27550,20.1287,26.7517
29093,39261,2016-02-01 04:45:00.000000 UTC,22630,20.1309,22.8801
29093,28255,2016-02-06 06:40:00.000000 UTC,15310,20.1347,25.2024
39261,29093,2016-02-12 13:55:00.000000 UTC,27790,20.1374,26.7579
28255,39261,2016-02-18 21:01:40.000000 UTC,28810,20.1384,26.8789
29093,39261,2016-02-03 02:50:00.000000 UTC,20710,20.1385,26.7681
39261,29093,2016-02-13 22:25:00.000000 UTC,12490,20.1388,25.0325
39261,28255,2016-02-12 11:01:40.000000 UTC,31930,20.1396,26.0397
28255,29093,2016-02-18 09:15:00.000000 UTC,23110,20.1402,26.6129
39261,16111,2016-02-16 16:31:40.000000 UTC,23710,20.1418,22.9157
29093,16111,2016-02-04 07:10:00.000000 UTC,21790,20.1442,27.9293
29093,28255,2016-02-03 15:16:40.000000 UTC,6850,20.1445,20.2547
28255,29093,2016-02-18 23:00:00.000000 UTC,22690,20.1445,27.2289
39261,29093,2016-02-12 13:55:00.000000 UTC,15610,20.1449,20.1352
39261,29093,2016-02-12 11:01:40.000000 UTC,22990,20.145,27.2459
16111,28255,2016-02-07 03:15:00.000000 UTC,27010,20.1451,26.7718
29093,16111,2016-02-01 12:55:00.000000 UTC,13090,20.146,23.562
39261,28255,2016-02-15 04:10:00.000000 UTC,28870,20.1473,27.1392
16111,28255,2016-02-11 01:25:00.000000 UTC,23710,20.1482,24.3963
29093,39261,2016-02-06 14:45:00.000000 UTC,30070,20.1493,26.8542
29093,39261,2016-02-04 18:00:00.000000 UTC,25210,20.1498,24.3064
29093,39261,2016-02-05 15:15:00.000000 UTC,30130,20.1502,26.6916
39261,28255,2016-02-16 18:55:00.000000 UTC,23890,20.1514,26.8213
29093,28255,2016-02-04 09:16:40.000000 UTC,23230,20.1522,22.9885
39261,29093,2016-02-12 11:01:40.000000 UTC,17290,20.1524,26.9701
29093,16111,2016-02-01 19:31:40.000000 UTC,18550,20.1525,23.3409
39261,28255,2016-02-14 01:16:40.000000 UTC,7270,20.153,20.1554
16111,28255,2016-02-09 06:55:00.000000 UTC,25510,20.1549,24.5567
39261,29093,2016-02-12 18:40:00.000000 UTC,25090,20.1557,23.1877
16111,39261,2016-02-11 06:16:40.000000 UTC,21910,20.1564,22.8673
16111,39261,2016-02-07 17:25:00.000000 UTC,2650,20.1569,24.5878
29093,28255,2016-02-06 01:25:00.000000 UTC,30010,20.1593,27.0092
39261,28255,2016-02-15 20:16:40.000000 UTC,30970,20.1606,27.3634
29093,28255,2016-02-04 15:46:40.000000 UTC,19270,20.161,26.2717
16111,39261,2016-02-10 00:40:00.000000 UTC,18070,20.1624,25.9069
39261,29093,2016-02-16 21:20:00.000000 UTC,14170,20.1627,26.0268
28255,16111,2016-02-23 08:31:40.000000 UTC,27250,20.1627,27.4749
16111,28255,2016-02-07 22:15:00.000000 UTC,17230,20.163,26.8998
28255,39261,2016-02-22 07:40:00.000000 UTC,29770,20.1632,26.6726
29093,28255,2016-02-05 07:55:00.000000 UTC,10390,20.1633,24.6023
16111,28255,2016-02-10 23:01:40.000000 UTC,17230,20.1675,23.9441
39261,28255,2016-02-15 18:10:00.000000 UTC,10930,20.1697,24.684
28255,29093,2016-02-18 15:00:00.000000 UTC,27610,20.1702,26.5905
16111,29093,2016-02-06 19:01:40.000000 UTC,27910,20.1715,26.7152
28255,39261,2016-02-20 14:16:40.000000 UTC,5590,20.1723,22.6099
39261,29093,2016-02-12 11:05:00.000000 UTC,31810,20.1727,27.0354
39261,16111,2016-02-13 17:01:40.000000 UTC,48070,20.1746,24.8425
29093,16111,2016-02-05 20:16:40.000000 UTC,10750,20.1787,20.5544
29093,16111,2016-02-01 09:45:00.000000 UTC,25930,20.1801,26.8867
16111,29093,2016-02-07 02:31:40.000000 UTC,52270,20.1818,25.9161
29093,39261,2016-02-04 15:46:40.000000 UTC,20470,20.1822,26.6747
29093,39261,2016-02-01 04:45:00.000000 UTC,22570,20.1823,22.5265
28255,16111,2016-02-19 18:46:40.000000 UTC,13270,20.1834,25.825
28255,39261,2016-02-20 21:40:00.000000 UTC,24190,20.1859,23.8801
16111,29093,2016-02-09 20:31:40.000000 UTC,20590,20.1863,26.5682
39261,28255,2016-02-13 21:01:40.000000 UTC,26050,20.1874,23.0962
16111,39261,2016-02-08 20:20:00.000000 UTC,28090,20.1877,26.1882
29093,28255,2016-02-01 00:05:00.000000 UTC,28150,20.188,27.5123
39261,29093,2016-02-12 12:31:40.000000 UTC,57430,20.1882,30.6819
29093,16111,2016-02-01 14:40:00.000000 UTC,20170,20.1894,26.6941
16111,39261,2016-02-07 04:00:00.000000 UTC,24370,20.1912,24.1177
39261,16111,2016-02-14 05:46:40.000000 UTC,32830,20.1929,27.0906
16111,39261,2016-02-07 11:00:00.000000 UTC,26710,20.1935,25.959
16111,28255,2016-02-07 00:31:40.000000 UTC,18070,20.1964,26.7192
16111,29093,2016-02-09 01:30:00.000000 UTC,29230,20.1977,27.1211
29093,39261,2016-02-01 01:31:40.000000 UTC,20170,20.1994,26.5973
29093,16111,2016-02-03 02:50:00.000000 UTC,11650,20.2003,26.5654
16111,29093,2016-02-06 18:16:40.000000 UTC,11830,20.2027,20.259
28255,39261,2016-02-20 21:40:00.000000 UTC,23950,20.2032,22.5634
29093,28255,2016-02-03 09:46:40.000000 UTC,24910,20.2036,26.3731
29093,16111,2016-02-02 12:50:00.000000 UTC,17650,20.2041,26.3794
16111,39261,2016-02-10 02:46:40.000000 UTC,19090,20.2059,23.3962
29093,16111,2016-02-02 03:30:00.000000 UTC,17890,20.2066,26.378
39261,28255,2016-02-14 17:15:00.000000 UTC,23410,20.2077,26.9371
28255,39261,2016-02-20 02:25:00.000000 UTC,53470,20.2081,25.1326
28255,39261,2016-02-18 12:10:00.000000 UTC,14530,20.2082,22.7698
16111,28255,2016-02-11 08:45:00.000000 UTC,27550,20.2118,27.6168
16111,39261,2016-02-06 17:40:00.000000 UTC,26290,20.212,23.5651
16111,29093,2016-02-07 18:35:00.000000 UTC,22870,20.2126,26.826
39261,16111,2016-02-12 16:50:00.000000 UTC,25630,20.2146,27.5707
39261,29093,2016-02-12 17:25:00.000000 UTC,25510,20.2155,22.468
28255,16111,2016-02-21 07:31:40.000000 UTC,23230,20.2168,23.6415
39261,28255,2016-02-12 12:00:00.000000 UTC,2710,20.2169,22.1622
28255,39261,2016-02-23 19:15:00.000000 UTC,23470,20.2178,15.6678
16111,28255,2016-02-11 16:20:00.000000 UTC,26650,20.2214,27.3285
28255,39261,2016-02-23 03:20:00.000000 UTC,26650,20.2216,24.7747
16111,39261,2016-02-10 04:55:00.000000 UTC,27430,20.2231,26.4512
39261,16111,2016-02-16 21:20:00.000000 UTC,32890,20.2237,27.0573
28255,16111,2016-02-18 11:31:40.000000 UTC,29530,20.2245,19.1716
39261,29093,2016-02-13 02:35:00.000000 UTC,22690,20.2276,25.9135
29093,39261,2016-02-01 01:15:00.000000 UTC,28450,20.2311,26.4498
39261,16111,2016-02-16 14:10:00.000000 UTC,29170,20.2342,27.0749
16111,39261,2016-02-07 04:46:40.000000 UTC,24550,20.2344,23.9411
29093,16111,2016-02-01 20:35:00.000000 UTC,28990,20.2346,27.4457
16111,28255,2016-02-07 19:46:40.000000 UTC,10930,20.2349,25.7617
39261,28255,2016-02-12 18:01:40.000000 UTC,28150,20.2368,27.3357
28255,39261,2016-02-20 16:05:00.000000 UTC,34090,20.238,26.8382
29093,39261,2016-02-04 03:01:40.000000 UTC,3190,20.2387,24.6043
16111,39261,2016-02-09 08:46:40.000000 UTC,27790,20.2399,26.6069
39261,29093,2016-02-12 11:16:40.000000 UTC,20950,20.2399,24.5747
39261,28255,2016-02-15 10:00:00.000000 UTC,29590,20.2402,22.7295
16111,29093,2016-02-07 00:31:40.000000 UTC,22450,20.2405,26.718
28255,39261,2016-02-23 11:10:00.000000 UTC,24970,20.2421,26.5591
39261,28255,2016-02-17 12:25:00.000000 UTC,32230,20.2427,27.8404
29093,28255,2016-02-03 15:16:40.000000 UTC,57790,20.2444,18.3677
39261,28255,2016-02-17 04:45:00.000000 UTC,10870,20.2455,23.6766
16111,28255,2016-02-10 07:05:00.000000 UTC,18790,20.2494,27.0574
39261,29093,2016-02-15 10:00:00.000000 UTC,31810,20.2494,26.7293
28255,39261,2016-02-19 05:35:00.000000 UTC,32650,20.2499,26.6915
16111,28255,2016-02-06 19:40:00.000000 UTC,25150,20.2501,26.5371
39261,28255,2016-02-12 20:01:40.000000 UTC,19390,20.2535,26.8181
28255,39261,2016-02-19 17:20:00.000000 UTC,23470,20.2538,26.3127
16111,28255,2016-02-09 22:35:00.000000 UTC,18610,20.2544,23.5359
28255,16111,2016-02-18 06:20:00.000000 UTC,32350,20.2559,27.0529
29093,16111,2016-02-05 00:50:00.000000 UTC,23170,20.2565,23.9053
39261,29093,2016-02-12 20:01:40.000000 UTC,23950,20.2569,27.2337
28255,16111,2016-02-18 12:10:00.000000 UTC,31030,20.257,27.1652
39261,29093,2016-02-13 02:35:00.000000 UTC,28870,20.259,23.2134
16111,39261,2016-02-11 21:31:40.000000 UTC,27010,20.2592,26.8705
28255,29093,2016-02-20 05:40:00.000000 UTC,25510,20.2598,26.6029
39261,29093,2016-02-15 06:05:00.000000 UTC,29350,20.2599,26.765
29093,39261,2016-02-01 07:01:40.000000 UTC,15550,20.262,26.7735
16111,28255,2016-02-07 15:10:00.000000 UTC,27610,20.2621,26.3101
29093,28255,2016-02-01 13:46:40.000000 UTC,27490,20.2645,26.1271
16111,29093,2016-02-09 12:35:00.000000 UTC,26050,20.2651,26.7442
29093,39261,2016-02-01 09:45:00.000000 UTC,23950,20.267,23.3524
28255,39261,2016-02-22 12:25:00.000000 UTC,6310,20.268,24.4687
39261,16111,2016-02-14 15:31:40.000000 UTC,27250,20.2686,27.8172
29093,16111,2016-02-02 15:45:00.000000 UTC,25090,20.2694,26.5497
28255,39261,2016-02-23 19:15:00.000000 UTC,13270,20.2695,26.4326
39261,16111,2016-02-12 21:30:00.000000 UTC,59710,20.2703,25.1748
29093,16111,2016-02-05 22:50:00.000000 UTC,5890,20.2711,24.4083
16111,39261,2016-02-11 18:55:00.000000 UTC,37090,20.2718,20.0317
29093,28255,2016-02-02 10:01:40.000000 UTC,3910,20.272,20.1821
39261,29093,2016-02-14 15:31:40.000000 UTC,30610,20.2721,26.6248
39261,16111,2016-02-13 04:30:00.000000 UTC,19330,20.2731,26.365
29093,16111,2016-02-01 00:46:40.000000 UTC,7450,20.2734,26.0108
28255,39261,2016-02-18 13:31:40.000000 UTC,28510,20.2747,26.9722
39261,29093,2016-02-13 21:01:40.000000 UTC,24550,20.2761,22.2592
29093,39261,2016-02-01 06:25:00.000000 UTC,23710,20.2765,26.3203
29093,16111,2016-02-01 06:25:00.000000 UTC,29410,20.2789,27.2069
39261,29093,2016-02-17 09:50:00.000000 UTC,31630,20.2796,26.8575
39261,16111,2016-02-12 20:01:40.000000 UTC,13810,20.28,26.7587
29093,16111,2016-02-01 22:46:40.000000 UTC,29050,20.2809,27.0632
29093,16111,2016-02-01 02:31:40.000000 UTC,29590,20.2822,26.9732
39261,28255,2016-02-16 16:31:40.000000 UTC,28030,20.2823,24.024
28255,39261,2016-02-18 04:40:00.000000 UTC,27850,20.2832,25.8915
39261,16111,2016-02-18 04:30:00.000000 UTC,9310,20.2838,20.2375
39261,29093,2016-02-13 02:35:00.000000 UTC,28750,20.285,23.8583
29093,28255,2016-02-05 07:55:00.000000 UTC,2950,20.2874,24.7832
29093,28255,2016-02-06 01:25:00.000000 UTC,20470,20.2886,26.566
29093,39261,2016-02-01 00:25:00.000000 UTC,22150,20.2887,26.3841
39261,28255,2016-02-12 17:25:00.000000 UTC,26410,20.2888,22.1995
16111,29093,2016-02-07 00:31:40.000000 UTC,28030,20.291,26.9729
28255,39261,2016-02-18 06:01:40.000000 UTC,31450,20.2924,27.3293
29093,28255,2016-02-02 10:01:40.000000 UTC,25510,20.2925,24.77
39261,28255,2016-02-17 02:15:00.000000 UTC,17770,20.2928,27.246
39261,16111,2016-02-12 20:45:00.000000 UTC,8410,20.2973,25.0465
16111,29093,2016-02-08 17:01:40.000000 UTC,19870,20.3009,26.3846
28255,16111,2016-02-23 00:46:40.000000 UTC,25270,20.3009,24.3219
39261,16111,2016-02-12 12:31:40.000000 UTC,17530,20.3023,24.1692
39261,29093,2016-02-15 04:10:00.000000 UTC,27370,20.3027,27.6073
16111,39261,2016-02-07 08:10:00.000000 UTC,11830,20.3029,25.9819
16111,28255,2016-02-12 05:31:40.000000 UTC,10270,20.3032,16.4841
28255,16111,2016-02-19 05:35:00.000000 UTC,23950,20.3042,27.3884
16111,28255,2016-02-07 23:31:40.000000 UTC,25210,20.3043,23.63
16111,28255,2016-02-09 06:55:00.000000 UTC,13090,20.3068,26.8884
28255,39261,2016-02-22 19:45:00.000000 UTC,30310,20.3083,26.6043
29093,28255,2016-02-01 07:40:00.000000 UTC,18430,20.3134,24.7039
16111,29093,2016-02-09 05:05:00.000000 UTC,25930,20.3139,27.023
28255,29093,2016-02-18 07:01:40.000000 UTC,29470,20.3148,25.3501
16111,28255,2016-02-10 20:40:00.000000 UTC,16690,20.3154,23.825
16111,28255,2016-02-10 07:05:00.000000 UTC,30670,20.3174,27.2544
16111,29093,2016-02-06 18:45:00.000000 UTC,6010,20.3186,22.7789
28255,39261,2016-02-18 08:16:40.000000 UTC,22090,20.3199,26.3765
16111,39261,2016-02-10 11:30:00.000000 UTC,27730,20.3212,23.2026
39261,29093,2016-02-12 15:15:00.000000 UTC,8710,20.3221,25.0708
39261,16111,2016-02-15 20:16:40.000000 UTC,33910,20.3229,27.0229
39261,28255,2016-02-12 12:31:40.000000 UTC,25570,20.3231,27.2345
16111,28255,2016-02-08 02:10:00.000000 UTC,18070,20.3236,27.2361
16111,28255,2016-02-07 12:00:00.000000 UTC,10750,20.3237,24.6343
28255,39261,2016-02-22 05:20:00.000000 UTC,23290,20.3249,27.9965
29093,28255,2016-02-06 09:20:00.000000 UTC,22090,20.3251,26.4159
28255,16111,2016-02-18 06:20:00.000000 UTC,6190,20.3263,24.5669
39261,28255,2016-02-15 20:16:40.000000 UTC,11890,20.3274,20.3349
28255,29093,2016-02-23 00:46:40.000000 UTC,23950,20.3284,23.5986
39261,28255,2016-02-14 07:20:00.000000 UTC,30430,20.3291,24.2368
16111,28255,2016-02-09 18:30:00.000000 UTC,23590,20.3293,23.7996
28255,39261,2016-02-23 19:15:00.000000 UTC,31330,20.3295,26.64
29093,39261,2016-02-05 10:20:00.000000 UTC,24430,20.3315,22.7944
39261,28255,2016-02-14 17:15:00.000000 UTC,29350,20.3328,27.0178
29093,28255,2016-02-04 22:31:40.000000 UTC,6850,20.3351,25.1918
28255,39261,2016-02-20 21:40:00.000000 UTC,59410,20.3356,24.1291
16111,39261,2016-02-07 10:01:40.000000 UTC,14050,20.3358,24.2
29093,39261,2016-02-01 01:15:00.000000 UTC,28330,20.3377,25.9805
28255,29093,2016-02-18 05:05:00.000000 UTC,29590,20.3398,26.6291
39261,28255,2016-02-12 13:10:00.000000 UTC,27610,20.3423,24.3051
16111,39261,2016-02-06 18:45:00.000000 UTC,28330,20.344,26.7269
28255,29093,2016-02-23 05:55:00.000000 UTC,24490,20.3447,26.2912
16111,28255,2016-02-09 05:05:00.000000 UTC,26950,20.3457,26.807
39261,16111,2016-02-13 07:35:00.000000 UTC,27910,20.3467,25.0587
16111,28255,2016-02-11 16:20:00.000000 UTC,3310,20.3472,25.114
16111,28255,2016-02-07 14:05:00.000000 UTC,21790,20.3475,24.018
39261,28255,2016-02-15 08:01:40.000000 UTC,31270,20.3508,26.6428
29093,39261,2016-02-06 12:01:40.000000 UTC,25150,20.3513,23.9397
28255,16111,2016-02-18 04:30:00.000000 UTC,29710,20.3516,27.8746
29093,28255,2016-02-01 17:30:00.000000 UTC,26590,20.3519,24.2555
29093,28255,2016-02-03 08:00:00.000000 UTC,28330,20.3534,26.2274
29093,28255,2016-02-01 09:45:00.000000 UTC,12790,20.3539,25.4956
29093,39261,2016-02-04 20:15:00.000000 UTC,7570,20.3542,24.7178
28255,16111,2016-02-22 19:45:00.000000 UTC,30190,20.3549,27.1757
16111,28255,2016-02-07 13:01:40.000000 UTC,17230,20.3555,26.0719
29093,39261,2016-02-01 01:00:00.000000 UTC,10030,20.3582,25.1894
28255,39261,2016-02-18 18:16:40.000000 UTC,8350,20.3607,25.3716
39261,29093,2016-02-17 02:15:00.000000 UTC,33430,20.361,26.8648
29093,39261,2016-02-01 00:25:00.000000 UTC,28210,20.3611,26.5302
39261,16111,2016-02-13 06:31:40.000000 UTC,30070,20.3613,26.9915
28255,16111,2016-02-20 23:35:00.000000 UTC,57430,20.3613,25.8115
28255,29093,2016-02-22 10:01:40.000000 UTC,26410,20.3623,26.3054
16111,39261,2016-02-12 02:50:00.000000 UTC,28450,20.3656,26.7728
39261,28255,2016-02-16 09:31:40.000000 UTC,23050,20.3665,13.9218
16111,28255,2016-02-09 10:40:00.000000 UTC,26530,20.3684,23.9035
16111,28255,2016-02-09 05:05:00.000000 UTC,26710,20.3695,25.809
29093,39261,2016-02-01 05:50:00.000000 UTC,27670,20.3717,25.0587
39261,29093,2016-02-15 20:16:40.000000 UTC,34930,20.3721,27.0948
39261,28255,2016-02-17 07:16:40.000000 UTC,14950,20.3722,26.5286
29093,16111,2016-02-02 12:50:00.000000 UTC,12850,20.3752,19.5982
29093,28255,2016-02-05 12:46:40.000000 UTC,27790,20.3763,25.1035
28255,16111,2016-02-19 00:01:40.000000 UTC,17470,20.3778,25.8084
39261,16111,2016-02-18 01:45:00.000000 UTC,30790,20.3783,27.7761
28255,16111,2016-02-19 14:31:40.000000 UTC,8710,20.3787,25.5664
29093,39261,2016-02-03 13:25:00.000000 UTC,29590,20.38,26.1513
29093,28255,2016-02-03 08:00:00.000000 UTC,16750,20.3846,24.3369
29093,16111,2016-02-01 00:16:40.000000 UTC,24670,20.3856,23.4464
28255,29093,2016-02-19 04:25:00.000000 UTC,9550,20.3856,22.9489
16111,28255,2016-02-09 06:55:00.000000 UTC,25690,20.3875,23.6099
29093,39261,2016-02-01 16:31:40.000000 UTC,29770,20.3877,27.7044
16111,39261,2016-02-06 20:50:00.000000 UTC,16630,20.3878,25.7702
16111,39261,2016-02-10 07:05:00.000000 UTC,20110,20.389,24.7077
28255,16111,2016-02-19 23:16:40.000000 UTC,28870,20.389,26.6419
39261,28255,2016-02-17 09:50:00.000000 UTC,8890,20.3892,26.5226
16111,29093,2016-02-08 03:31:40.000000 UTC,35830,20.3893,24.3283
39261,29093,2016-02-13 04:30:00.000000 UTC,6070,20.3896,20.3696
29093,28255,2016-02-03 11:35:00.000000 UTC,25390,20.3897,26.8339
16111,39261,2016-02-07 03:15:00.000000 UTC,28450,20.3923,26.3269
28255,29093,2016-02-19 09:15:00.000000 UTC,39070,20.3937,12.8129
28255,39261,2016-02-18 05:16:40.000000 UTC,9610,20.3943,25.0125
39261,28255,2016-02-14 12:10:00.000000 UTC,25930,20.3972,25.5654
16111,39261,2016-02-07 19:46:40.000000 UTC,11050,20.3977,25.5855
39261,28255,2016-02-14 07:20:00.000000 UTC,30610,20.399,23.3524
29093,39261,2016-02-02 11:25:00.000000 UTC,12190,20.4009,20.4156
28255,29093,2016-02-18 09:46:40.000000 UTC,23170,20.4017,25.843
39261,29093,2016-02-17 02:15:00.000000 UTC,33550,20.4025,26.4056
28255,39261,2016-02-23 05:55:00.000000 UTC,30970,20.4033,25.8045
16111,28255,2016-02-06 20:50:00.000000 UTC,12850,20.4047,22.7819
29093,39261,2016-02-01 07:01:40.000000 UTC,27910,20.4058,25.4636
16111,39261,2016-02-06 17:55:00.000000 UTC,27910,20.4061,26.0635
39261,28255,2016-02-12 11:00:00.000000 UTC,32050,20.4062,25.5611
29093,39261,2016-02-01 15:35:00.000000 UTC,25630,20.4068,24.356
29093,39261,2016-02-06 17:30:00.000000 UTC,26710,20.4077,24.6978
39261,29093,2016-02-13 08:40:00.000000 UTC,32230,20.409,27.3114
39261,28255,2016-02-14 20:46:40.000000 UTC,31870,20.4106,27.0826
39261,28255,2016-02-17 04:45:00.000000 UTC,9250,20.4148,25.9671
39261,28255,2016-02-12 18:40:00.000000 UTC,31390,20.4162,26.7532
28255,39261,2016-02-19 11:50:00.000000 UTC,14710,20.4167,27.038
16111,28255,2016-02-06 21:16:40.000000 UTC,11470,20.4169,26.0631
39261,28255,2016-02-12 11:00:00.000000 UTC,32170,20.4173,25.0512
16111,28255,2016-02-07 15:10:00.000000 UTC,27790,20.4184,25.5178
29093,16111,2016-02-02 12:50:00.000000 UTC,22930,20.4222,27.7106
16111,29093,2016-02-07 22:15:00.000000 UTC,28570,20.4234,27.0743
28255,29093,2016-02-20 17:55:00.000000 UTC,34210,20.4236,27.3346
39261,29093,2016-02-12 13:10:00.000000 UTC,55450,20.4237,25.0201
16111,28255,2016-02-10 16:01:40.000000 UTC,11050,20.4241,25.1008
28255,29093,2016-02-23 11:10:00.000000 UTC,29170,20.4264,26.8665
39261,28255,2016-02-16 23:46:40.000000 UTC,21130,20.4275,26.9732
28255,39261,2016-02-21 11:40:00.000000 UTC,29710,20.4282,23.1476
29093,39261,2016-02-01 02:55:00.000000 UTC,28990,20.4299,26.8778
29093,39261,2016-02-05 15:15:00.000000 UTC,26350,20.4305,26.1889
29093,39261,2016-02-01 22:46:40.000000 UTC,19510,20.4309,26.9976
29093,28255,2016-02-01 04:45:00.000000 UTC,23230,20.4315,27.2927
16111,29093,2016-02-07 08:10:00.000000 UTC,17110,20.4333,26.2522
29093,39261,2016-02-03 09:46:40.000000 UTC,6370,20.4341,24.9517
16111,29093,2016-02-07 05:35:00.000000 UTC,28030,20.4341,27.3953
28255,29093,2016-02-21 09:35:00.000000 UTC,8950,20.4353,25.453
16111,39261,2016-02-06 17:40:00.000000 UTC,15670,20.4385,25.3915
16111,39261,2016-02-09 06:55:00.000000 UTC,30910,20.44,26.9955
28255,16111,2016-02-18 07:25:00.000000 UTC,33670,20.4404,23.958
29093,39261,2016-02-04 18:00:00.000000 UTC,18610,20.4405,26.9608
28255,39261,2016-02-18 07:50:00.000000 UTC,19450,20.4419,27.3412
39261,16111,2016-02-12 16:50:00.000000 UTC,11170,20.4438,26.1846
29093,39261,2016-02-05 22:50:00.000000 UTC,21190,20.4459,18.3367
29093,16111,2016-02-01 17:30:00.000000 UTC,29290,20.4464,26.5357
16111,39261,2016-02-11 13:46:40.000000 UTC,6250,20.4476,24.8946
16111,39261,2016-02-08 10:45:00.000000 UTC,31210,20.4484,27.0552
39261,28255,2016-02-15 20:16:40.000000 UTC,18790,20.4487,26.4658
39261,29093,2016-02-13 04:30:00.000000 UTC,18550,20.4499,26.188
29093,28255,2016-02-02 23:31:40.000000 UTC,8950,20.45,24.8634
16111,28255,2016-02-10 07:05:00.000000 UTC,18730,20.4502,27.2802
39261,28255,2016-02-12 20:01:40.000000 UTC,19330,20.4506,27.0358
28255,16111,2016-02-19 04:25:00.000000 UTC,23950,20.4528,26.156
39261,29093,2016-02-13 02:35:00.000000 UTC,11410,20.4534,25.96
16111,39261,2016-02-06 17:40:00.000000 UTC,31810,20.4542,26.2446
29093,16111,2016-02-03 11:35:00.000000 UTC,24730,20.4562,27.1052
28255,39261,2016-02-20 10:45:00.000000 UTC,10150,20.4563,24.9131
16111,29093,2016-02-09 22:35:00.000000 UTC,13090,20.458,26.2214
28255,39261,2016-02-18 14:15:00.000000 UTC,32710,20.4595,23.7014
39261,28255,2016-02-13 08:40:00.000000 UTC,27370,20.4596,26.8392
28255,16111,2016-02-18 05:16:40.000000 UTC,27730,20.4598,23.3859
39261,29093,2016-02-14 02:45:00.000000 UTC,30250,20.4604,26.8554
29093,16111,2016-02-01 02:10:00.000000 UTC,26170,20.4636,27.125
39261,29093,2016-02-12 12:50:00.000000 UTC,9790,20.4665,20.4574
29093,28255,2016-02-02 15:45:00.000000 UTC,26950,20.4668,26.0324
29093,39261,2016-02-03 15:16:40.000000 UTC,26110,20.4671,26.1081
28255,39261,2016-02-22 22:15:00.000000 UTC,30370,20.4672,26.814
29093,16111,2016-02-01 13:46:40.000000 UTC,29170,20.4673,27.4183
39261,16111,2016-02-12 20:01:40.000000 UTC,19270,20.4674,27.2939
28255,39261,2016-02-21 09:35:00.000000 UTC,29410,20.4674,24.2422
29093,39261,2016-02-01 23:55:00.000000 UTC,28090,20.4691,26.1455
28255,39261,2016-02-21 07:31:40.000000 UTC,29470,20.4704,23.5162
16111,28255,2016-02-06 17:30:00.000000 UTC,28510,20.4706,25.9152
28255,16111,2016-02-18 11:31:40.000000 UTC,26170,20.4717,24.1372
39261,28255,2016-02-12 12:50:00.000000 UTC,13690,20.4722,27.0239
28255,16111,2016-02-23 05:55:00.000000 UTC,23950,20.474,23.2546
16111,39261,2016-02-07 01:10:00.000000 UTC,15790,20.4741,26.3423
16111,29093,2016-02-11 11:15:00.000000 UTC,3490,20.4746,20.2199
16111,39261,2016-02-11 13:46:40.000000 UTC,24010,20.4756,22.992
16111,28255,2016-02-10 18:20:00.000000 UTC,22150,20.4763,23.5297
29093,16111,2016-02-01 01:31:40.000000 UTC,20530,20.4774,26.6557
28255,39261,2016-02-22 10:01:40.000000 UTC,26230,20.4795,26.2159
39261,16111,2016-02-16 18:55:00.000000 UTC,30190,20.4797,26.7846
29093,39261,2016-02-01 05:50:00.000000 UTC,10990,20.4807,23.9766
28255,39261,2016-02-18 10:55:00.000000 UTC,32350,20.4824,24.6935
16111,39261,2016-02-09 14:31:40.000000 UTC,3490,20.4854,24.2659
28255,16111,2016-02-20 04:01:40.000000 UTC,30070,20.4868,27.2255
28255,16111,2016-02-18 04:31:40.000000 UTC,29650,20.4922,27.6943
16111,29093,2016-02-10 07:05:00.000000 UTC,14590,20.4936,22.181
39261,28255,2016-02-12 20:45:00.000000 UTC,14410,20.4958,20.5202
29093,39261,2016-02-01 14:40:00.000000 UTC,24130,20.4961,23.7085
16111,28255,2016-02-08 09:15:00.000000 UTC,28390,20.4964,27.5773
29093,28255,2016-02-03 15:16:40.000000 UTC,25990,20.4968,26.1705
39261,16111,2016-02-13 23:50:00.000000 UTC,34390,20.4969,27.2653
28255,39261,2016-02-21 20:16:40.000000 UTC,25270,20.4976,24.4415
39261,16111,2016-02-12 11:00:00.000000 UTC,29650,20.4978,27.0743
28255,39261,2016-02-20 12:30:00.000000 UTC,12010,20.4983,25.3235
39261,16111,2016-02-13 22:25:00.000000 UTC,7330,20.4984,24.4031
29093,28255,2016-02-02 10:01:40.000000 UTC,24190,20.4993,23.6637
28255,39261,2016-02-19 15:55:00.000000 UTC,10750,20.5019,23.4124
39261,28255,2016-02-14 20:46:40.000000 UTC,31810,20.5034,26.8793
28255,16111,2016-02-19 11:50:00.000000 UTC,14590,20.5039,26.9417
39261,28255,2016-02-12 16:50:00.000000 UTC,27910,20.5048,26.2662
16111,28255,2016-02-06 17:31:40.000000 UTC,23950,20.505,22.9943
39261,28255,2016-02-14 01:16:40.000000 UTC,18250,20.5062,26.4828
39261,28255,2016-02-17 20:20:00.000000 UTC,56530,20.5069,25.8831
16111,29093,2016-02-11 21:31:40.000000 UTC,14590,20.5086,24.3957
29093,39261,2016-02-03 08:00:00.000000 UTC,12070,20.5087,25.566
39261,29093,2016-02-13 09:46:40.000000 UTC,28330,20.5088,25.3435
39261,28255,2016-02-12 16:16:40.000000 UTC,27370,20.5104,23.8008
39261,29093,2016-02-12 11:16:40.000000 UTC,15250,20.5118,24.9811
16111,28255,2016-02-06 19:01:40.000000 UTC,24490,20.5119,24.0377
28255,39261,2016-02-23 22:00:00.000000 UTC,37390,20.5125,27.0243
29093,39261,2016-02-03 17:10:00.000000 UTC,35890,20.5127,28.5846
39261,29093,2016-02-13 23:50:00.000000 UTC,34270,20.5143,27.2123
28255,29093,2016-02-18 21:01:40.000000 UTC,28510,20.5186,26.5006
28255,16111,2016-02-19 20:15:00.000000 UTC,35050,20.5191,27.1481
39261,16111,2016-02-13 12:05:00.000000 UTC,28510,20.5208,26.5112
29093,39261,2016-02-01 01:50:00.000000 UTC,9910,20.5216,23.4843
16111,39261,2016-02-08 12:16:40.000000 UTC,31690,20.5219,26.8965
39261,29093,2016-02-12 15:15:00.000000 UTC,36430,20.5227,27.2147
28255,39261,2016-02-18 07:01:40.000000 UTC,27730,20.5239,24.9574
16111,39261,2016-02-09 05:05:00.000000 UTC,26350,20.5244,24.963
29093,28255,2016-02-06 12:01:40.000000 UTC,16510,20.5258,25.7125
39261,16111,2016-02-12 20:01:40.000000 UTC,31270,20.5258,23.5746
28255,29093,2016-02-18 09:46:40.000000 UTC,30850,20.5263,26.9306
39261,28255,2016-02-17 04:45:00.000000 UTC,14950,20.5272,26.9746
16111,28255,2016-02-07 08:10:00.000000 UTC,26410,20.5282,24.0336
16111,39261,2016-02-10 07:05:00.000000 UTC,14590,20.5287,20.5438
16111,29093,2016-02-11 08:45:00.000000 UTC,15790,20.5296,25.9859
16111,28255,2016-02-07 07:16:40.000000 UTC,27850,20.5316,26.311
39261,28255,2016-02-17 02:15:00.000000 UTC,33250,20.5331,25.801
39261,28255,2016-02-14 07:20:00.000000 UTC,14170,20.5336,25.3614
39261,16111,2016-02-17 02:15:00.000000 UTC,31930,20.5344,25.6247
16111,29093,2016-02-08 15:25:00.000000 UTC,19990,20.5353,27.1174
39261,28255,2016-02-17 04:45:00.000000 UTC,15070,20.5353,26.5475
28255,39261,2016-02-20 00:50:00.000000 UTC,29890,20.5355,26.5184
29093,39261,2016-02-03 11:35:00.000000 UTC,19210,20.5363,26.3236
39261,16111,2016-02-13 14:30:00.000000 UTC,31030,20.5365,27.8671
29093,39261,2016-02-02 23:31:40.000000 UTC,28210,20.5367,26.6096
29093,39261,2016-02-02 03:30:00.000000 UTC,32830,20.5374,26.9004
16111,28255,2016-02-09 10:40:00.000000 UTC,26770,20.5377,22.5886
29093,16111,2016-02-02 02:16:40.000000 UTC,28990,20.5379,26.8465
39261,28255,2016-02-12 16:50:00.000000 UTC,37450,20.5382,26.8633
29093,28255,2016-02-02 02:16:40.000000 UTC,28150,20.5385,25.72
39261,16111,2016-02-15 16:05:00.000000 UTC,34990,20.5403,27.2521
39261,28255,2016-02-17 07:16:40.000000 UTC,33190,20.5407,25.1598
16111,39261,2016-02-11 08:45:00.000000 UTC,27670,20.542,23.6028
39261,29093,2016-02-12 12:31:40.000000 UTC,25690,20.5421,27.6294
16111,28255,2016-02-06 22:15:00.000000 UTC,13210,20.5427,22.9955
39261,29093,2016-02-12 20:01:40.000000 UTC,9070,20.543,24.7959
39261,28255,2016-02-13 10:55:00.000000 UTC,7210,20.5448,25.169
39261,16111,2016-02-12 11:25:00.000000 UTC,29590,20.5452,27.1843
39261,28255,2016-02-15 14:01:40.000000 UTC,10990,20.548,25.3173
29093,39261,2016-02-01 06:25:00.000000 UTC,3850,20.5482,24.2797
29093,28255,2016-02-03 02:50:00.000000 UTC,27970,20.5494,22.7525
39261,29093,2016-02-17 12:25:00.000000 UTC,27490,20.5499,26.2624
28255,16111,2016-02-20 07:20:00.000000 UTC,27010,20.5514,26.8856
29093,39261,2016-02-06 12:01:40.000000 UTC,11710,20.5515,24.9045
28255,29093,2016-02-19 15:55:00.000000 UTC,28870,20.5521,23.6455
16111,39261,2016-02-07 19:46:40.000000 UTC,27670,20.5537,23.6643
16111,28255,2016-02-06 20:50:00.000000 UTC,29470,20.5545,25.1642
39261,29093,2016-02-17 04:45:00.000000 UTC,32830,20.5593,26.9753
28255,16111,2016-02-18 23:00:00.000000 UTC,30910,20.5615,27.0586
29093,39261,2016-02-03 09:46:40.000000 UTC,17350,20.5649,20.7672
16111,28255,2016-02-07 09:05:00.000000 UTC,9610,20.565,20.5546
39261,16111,2016-02-12 11:46:40.000000 UTC,24070,20.5651,27.8045
29093,28255,2016-02-02 15:45:00.000000 UTC,19210,20.5657,24.9191
28255,39261,2016-02-18 07:50:00.000000 UTC,37690,20.5663,27.0416
28255,16111,2016-02-23 22:00:00.000000 UTC,35470,20.5672,27.4063
39261,29093,2016-02-12 13:31:40.000000 UTC,36730,20.5676,27.5879
39261,28255,2016-02-12 11:46:40.000000 UTC,9970,20.5677,24.9376
29093,28255,2016-02-02 18:46:40.000000 UTC,27430,20.5682,25.3776
16111,28255,2016-02-09 10:40:00.000000 UTC,26590,20.5699,23.584
29093,39261,2016-02-01 20:35:00.000000 UTC,8650,20.57,23.008
28255,16111,2016-02-19 00:01:40.000000 UTC,13030,20.5702,20.6409
28255,39261,2016-02-18 06:20:00.000000 UTC,2290,20.5709,22.2386
16111,28255,2016-02-08 10:45:00.000000 UTC,22510,20.5712,26.5161
28255,39261,2016-02-18 04:40:00.000000 UTC,37510,20.5721,27.1803
39261,29093,2016-02-13 08:40:00.000000 UTC,29110,20.5741,27.376
28255,39261,2016-02-20 10:45:00.000000 UTC,30370,20.5749,26.7389
28255,16111,2016-02-22 17:16:40.000000 UTC,27130,20.5758,25.3294
28255,29093,2016-02-23 22:00:00.000000 UTC,35950,20.5762,27.3207
39261,28255,2016-02-16 23:46:40.000000 UTC,9310,20.5767,26.5655
28255,39261,2016-02-19 02:10:00.000000 UTC,32890,20.5798,25.195
29093,28255,2016-02-06 14:45:00.000000 UTC,32830,20.5799,27.057
29093,39261,2016-02-06 14:45:00.000000 UTC,13570,20.581,21.5789
29093,28255,2016-02-01 12:55:00.000000 UTC,13330,20.5824,26.1169
16111,39261,2016-02-08 09:15:00.000000 UTC,27070,20.5842,26.3237
29093,28255,2016-02-01 07:40:00.000000 UTC,6430,20.5845,25.1403
39261,29093,2016-02-15 06:05:00.000000 UTC,32770,20.5852,26.7281
16111,39261,2016-02-10 11:30:00.000000 UTC,10690,20.5859,23.9507
29093,39261,2016-02-01 03:20:00.000000 UTC,23110,20.5867,27.1504
39261,29093,2016-02-12 16:16:40.000000 UTC,21910,20.5871,27.9054
39261,28255,2016-02-15 22:25:00.000000 UTC,5350,20.5874,20.6473
29093,28255,2016-02-02 21:55:00.000000 UTC,16630,20.5885,27.2432
28255,29093,2016-02-22 03:01:40.000000 UTC,29950,20.5897,26.9032
39261,28255,2016-02-12 12:00:00.000000 UTC,37570,20.59,27.1427
28255,39261,2016-02-19 23:16:40.000000 UTC,33550,20.5909,26.2099
39261,29093,2016-02-12 12:31:40.000000 UTC,26590,20.5912,23.101
39261,28255,2016-02-13 14:30:00.000000 UTC,26230,20.5912,22.5961
28255,29093,2016-02-23 16:31:40.000000 UTC,16870,20.5913,27.0025
39261,16111,2016-02-12 15:45:00.000000 UTC,43690,20.5916,23.9075
39261,29093,2016-02-14 08:55:00.000000 UTC,4150,20.5937,26.1976
39261,29093,2016-02-12 11:00:00.000000 UTC,9430,20.5976,26.5255
39261,16111,2016-02-13 01:40:00.000000 UTC,13210,20.5991,20.5042
39261,29093,2016-02-16 23:46:40.000000 UTC,33970,20.6006,27.188
16111,28255,2016-02-07 01:10:00.000000 UTC,26050,20.6015,24.6728
16111,29093,2016-02-07 19:46:40.000000 UTC,19390,20.6015,26.7195
28255,39261,2016-02-23 00:46:40.000000 UTC,32950,20.6022,26.6673
16111,28255,2016-02-07 09:05:00.000000 UTC,31870,20.6043,27.3759
29093,16111,2016-02-01 00:00:00.000000 UTC,12850,20.6044,26.9075
29093,39261,2016-02-01 22:46:40.000000 UTC,25390,20.6062,27.5385
29093,28255,2016-02-01 00:01:40.000000 UTC,18430,20.607,25.0143
39261,16111,2016-02-13 13:16:40.000000 UTC,27790,20.6072,24.6306
29093,39261,2016-02-03 01:10:00.000000 UTC,16390,20.6073,25.8035
28255,16111,2016-02-19 04:25:00.000000 UTC,33130,20.608,26.674
39261,16111,2016-02-12 17:25:00.000000 UTC,15370,20.6089,20.5659
29093,28255,2016-02-01 12:55:00.000000 UTC,13390,20.6091,25.8581
39261,29093,2016-02-14 22:35:00.000000 UTC,27190,20.61,26.3825
39261,29093,2016-02-12 11:46:40.000000 UTC,37270,20.6101,27.167
29093,16111,2016-02-01 12:55:00.000000 UTC,18790,20.6104,22.6519
28255,39261,2016-02-18 15:00:00.000000 UTC,32110,20.6104,26.4545
39261,29093,2016-02-13 07:35:00.000000 UTC,17830,20.612,26.3498
28255,16111,2016-02-18 07:50:00.000000 UTC,11590,20.612,25.3274
39261,29093,2016-02-13 07:35:00.000000 UTC,12010,20.6126,25.4763
39261,16111,2016-02-14 12:10:00.000000 UTC,14530,20.6128,26.4019
28255,39261,2016-02-23 11:10:00.000000 UTC,20830,20.613,23.8767
39261,28255,2016-02-12 13:55:00.000000 UTC,26230,20.6132,23.9506
28255,39261,2016-02-22 14:50:00.000000 UTC,6910,20.6133,20.6221
29093,39261,2016-02-06 04:01:40.000000 UTC,29770,20.6134,26.9903
39261,29093,2016-02-16 14:10:00.000000 UTC,30790,20.614,26.3394
29093,39261,2016-02-05 05:31:40.000000 UTC,29950,20.6187,26.4494
29093,39261,2016-02-04 01:00:00.000000 UTC,32530,20.62,26.3795
16111,28255,2016-02-09 01:30:00.000000 UTC,30070,20.62,25.2805
39261,16111,2016-02-16 02:46:40.000000 UTC,29290,20.6201,28.2679
16111,28255,2016-02-12 11:00:00.000000 UTC,19210,20.621,27.2058
39261,28255,2016-02-17 04:45:00.000000 UTC,20950,20.6218,26.8572
28255,39261,2016-02-18 07:50:00.000000 UTC,14590,20.6222,20.6106
39261,16111,2016-02-12 13:10:00.000000 UTC,17710,20.6232,26.2059
28255,39261,2016-02-22 14:50:00.000000 UTC,32590,20.6267,26.8732
29093,39261,2016-02-05 05:31:40.000000 UTC,29890,20.627,26.2206
16111,39261,2016-02-08 17:01:40.000000 UTC,32950,20.6287,27.2523
16111,28255,2016-02-09 05:05:00.000000 UTC,7270,20.629,23.9701
29093,39261,2016-02-04 07:10:00.000000 UTC,33910,20.6293,27.165
16111,39261,2016-02-07 11:00:00.000000 UTC,30670,20.6303,26.3052
28255,39261,2016-02-18 21:01:40.000000 UTC,10150,20.6329,24.2304
28255,39261,2016-02-18 21:01:40.000000 UTC,31870,20.6341,27.9847
29093,39261,2016-02-01 00:25:00.000000 UTC,15310,20.6345,20.6003
29093,39261,2016-02-01 04:45:00.000000 UTC,10690,20.635,23.7965
28255,29093,2016-02-18 10:55:00.000000 UTC,34210,20.6362,26.1249
29093,39261,2016-02-05 00:50:00.000000 UTC,14650,20.6373,25.3175
28255,39261,2016-02-22 10:01:40.000000 UTC,30550,20.6378,23.8523
28255,29093,2016-02-18 16:35:00.000000 UTC,6250,20.6383,23.3745
39261,28255,2016-02-16 23:46:40.000000 UTC,29830,20.6388,27.4711
28255,39261,2016-02-22 07:40:00.000000 UTC,35830,20.6391,26.7333
39261,29093,2016-02-15 10:00:00.000000 UTC,14890,20.6394,26.8062
29093,39261,2016-02-01 04:45:00.000000 UTC,33010,20.6406,26.9005
28255,29093,2016-02-20 05:40:00.000000 UTC,25390,20.6416,27.1451
39261,29093,2016-02-12 14:46:40.000000 UTC,14950,20.6434,20.6259
39261,28255,2016-02-12 11:10:00.000000 UTC,37570,20.6446,27.3243
39261,29093,2016-02-15 08:01:40.000000 UTC,26410,20.6455,27.604
29093,28255,2016-02-04 13:35:00.000000 UTC,30850,20.6472,26.9031
28255,16111,2016-02-19 10:31:40.000000 UTC,28090,20.6472,25.9203
29093,28255,2016-02-01 10:30:00.000000 UTC,26470,20.6474,24.6217
29093,39261,2016-02-01 00:10:00.000000 UTC,22150,20.6483,26.5346
29093,39261,2016-02-02 17:15:00.000000 UTC,24970,20.65,23.3683
29093,39261,2016-02-01 05:16:40.000000 UTC,17350,20.6502,26.3947
39261,28255,2016-02-13 09:46:40.000000 UTC,31330,20.6512,24.3369
16111,39261,2016-02-10 00:40:00.000000 UTC,30610,20.6519,23.8444
16111,39261,2016-02-06 22:15:00.000000 UTC,20770,20.6526,27.2734
16111,28255,2016-02-07 22:15:00.000000 UTC,23230,20.6535,26.7629
29093,28255,2016-02-06 12:01:40.000000 UTC,28570,20.6538,26.3854
28255,39261,2016-02-19 14:31:40.000000 UTC,9850,20.6542,20.6442
28255,29093,2016-02-19 10:31:40.000000 UTC,31630,20.6545,27.2641
28255,16111,2016-02-20 16:05:00.000000 UTC,36190,20.6557,27.2393
28255,29093,2016-02-21 03:30:00.000000 UTC,32650,20.6571,25.8461
39261,28255,2016-02-14 07:20:00.000000 UTC,35710,20.6575,27.2042
29093,28255,2016-02-02 02:16:40.000000 UTC,12010,20.6577,25.2069
29093,39261,2016-02-01 06:25:00.000000 UTC,30010,20.6579,27.4452
39261,28255,2016-02-17 12:25:00.000000 UTC,22990,20.6593,26.1187
29093,39261,2016-02-01 15:35:00.000000 UTC,30490,20.6612,23.5329
39261,29093,2016-02-12 16:16:40.000000 UTC,32890,20.6615,27.0338
16111,28255,2016-02-12 05:31:40.000000 UTC,30130,20.6618,26.0041
16111,39261,2016-02-08 18:40:00.000000 UTC,33430,20.6628,27.2137
39261,16111,2016-02-14 02:45:00.000000 UTC,1510,20.6635,20.6878
16111,39261,2016-02-08 06:20:00.000000 UTC,49990,20.6636,25.8021
29093,39261,2016-02-01 10:30:00.000000 UTC,30850,20.6661,26.7073
29093,28255,2016-02-04 07:10:00.000000 UTC,29710,20.6666,27.6189
39261,16111,2016-02-17 02:15:00.000000 UTC,31450,20.6672,27.5596
39261,28255,2016-02-17 23:01:40.000000 UTC,15190,20.668,20.6673
16111,29093,2016-02-09 05:05:00.000000 UTC,25570,20.6689,25.3982
29093,39261,2016-02-01 03:46:40.000000 UTC,16930,20.6692,26.2095
28255,39261,2016-02-18 12:10:00.000000 UTC,37390,20.6719,28.5226
29093,16111,2016-02-03 21:01:40.000000 UTC,28270,20.6727,25.0497
28255,29093,2016-02-18 04:31:40.000000 UTC,14290,20.6729,22.355
16111,39261,2016-02-10 04:55:00.000000 UTC,27130,20.6747,25.1899
29093,16111,2016-02-01 04:45:00.000000 UTC,23710,20.6749,27.768
29093,39261,2016-02-01 00:35:00.000000 UTC,27550,20.6752,23.3103
28255,39261,2016-02-19 23:16:40.000000 UTC,27430,20.6759,26.4036
39261,29093,2016-02-16 16:31:40.000000 UTC,35770,20.6768,26.9843
29093,28255,2016-02-06 14:45:00.000000 UTC,23350,20.6777,26.9905
28255,39261,2016-02-19 13:10:00.000000 UTC,28750,20.6782,23.7524
29093,16111,2016-02-03 04:31:40.000000 UTC,19210,20.6784,26.6009
16111,28255,2016-02-07 01:10:00.000000 UTC,12370,20.6804,26.2145
28255,16111,2016-02-18 05:16:40.000000 UTC,12130,20.6804,25.2699
28255,29093,2016-02-18 16:35:00.000000 UTC,6550,20.6811,24.993
39261,16111,2016-02-15 18:10:00.000000 UTC,52870,20.6816,25.1574
16111,29093,2016-02-12 05:31:40.000000 UTC,31150,20.6828,27.3409
29093,16111,2016-02-05 15:15:00.000000 UTC,32290,20.6843,27.4462
28255,29093,2016-02-19 09:15:00.000000 UTC,50350,20.6843,15.596
39261,16111,2016-02-14 17:15:00.000000 UTC,29470,20.685,28.2431
16111,29093,2016-02-10 13:45:00.000000 UTC,24910,20.6853,25.341
28255,39261,2016-02-22 03:01:40.000000 UTC,35650,20.6857,26.6527
28255,16111,2016-02-22 12:25:00.000000 UTC,28330,20.6873,25.9052
16111,28255,2016-02-06 17:40:00.000000 UTC,29050,20.6883,23.4912
29093,39261,2016-02-02 11:25:00.000000 UTC,34810,20.6884,27.0991
16111,28255,2016-02-10 07:05:00.000000 UTC,31090,20.6886,25.5966
39261,28255,2016-02-18 01:45:00.000000 UTC,16090,20.6896,24.1632
29093,28255,2016-02-04 07:10:00.000000 UTC,9370,20.6898,26.3406
39261,28255,2016-02-12 11:46:40.000000 UTC,37330,20.6906,27.9105
28255,29093,2016-02-19 11:50:00.000000 UTC,13810,20.6908,23.6891
28255,16111,2016-02-18 21:01:40.000000 UTC,34570,20.6912,27.4428
16111,29093,2016-02-08 07:46:40.000000 UTC,7750,20.6922,22.1694
29093,16111,2016-02-04 13:35:00.000000 UTC,29650,20.6932,27.1719
29093,39261,2016-02-02 23:31:40.000000 UTC,13810,20.6944,26.8273
28255,39261,2016-02-21 07:31:40.000000 UTC,26950,20.6954,15.5834
39261,28255,2016-02-15 10:00:00.000000 UTC,28570,20.6964,27.2873
29093,28255,2016-02-02 07:20:00.000000 UTC,28750,20.697,27.5759
39261,16111,2016-02-16 23:46:40.000000 UTC,55630,20.6971,23.6032
16111,29093,2016-02-07 22:15:00.000000 UTC,22750,20.6986,27.8171
39261,28255,2016-02-18 01:45:00.000000 UTC,31690,20.6988,27.7715
39261,29093,2016-02-12 12:50:00.000000 UTC,27490,20.7005,24.0636
28255,39261,2016-02-20 14:16:40.000000 UTC,15970,20.7007,26.6423
28255,16111,2016-02-20 02:25:00.000000 UTC,30490,20.7008,27.4518
28255,39261,2016-02-22 12:25:00.000000 UTC,32410,20.7011,26.538
29093,16111,2016-02-01 02:55:00.000000 UTC,24610,20.7013,23.3763
16111,39261,2016-02-07 21:00:00.000000 UTC,27910,20.7018,24.3117
39261,28255,2016-02-12 15:45:00.000000 UTC,13750,20.7025,26.3026
29093,28255,2016-02-01 01:31:40.000000 UTC,53230,20.7036,24.7336
16111,29093,2016-02-12 00:10:00.000000 UTC,31030,20.7038,27.4014
29093,39261,2016-02-01 12:05:00.000000 UTC,31270,20.7045,26.7723
39261,28255,2016-02-13 12:05:00.000000 UTC,33310,20.7053,27.4066
29093,39261,2016-02-04 07:10:00.000000 UTC,33610,20.706,28.0943
39261,28255,2016-02-16 02:46:40.000000 UTC,15970,20.7075,27.2264
29093,16111,2016-02-04 01:00:00.000000 UTC,33250,20.7083,27.5719
39261,28255,2016-02-12 11:00:00.000000 UTC,34510,20.7091,27.8578
16111,39261,2016-02-06 17:31:40.000000 UTC,19390,20.7093,27.3868
16111,29093,2016-02-11 11:15:00.000000 UTC,9010,20.7095,21.7082
29093,16111,2016-02-01 06:25:00.000000 UTC,20290,20.7127,26.1785
28255,39261,2016-02-18 15:46:40.000000 UTC,20110,20.7134,26.2364
28255,39261,2016-02-20 07:20:00.000000 UTC,33610,20.7144,27.255
29093,39261,2016-02-05 22:50:00.000000 UTC,8110,20.7147,25.8778
29093,28255,2016-02-01 00:46:40.000000 UTC,28930,20.7151,25.0039
29093,39261,2016-02-04 07:10:00.000000 UTC,30610,20.7152,27.7193
16111,28255,2016-02-08 17:01:40.000000 UTC,33610,20.7154,27.1279
28255,29093,2016-02-22 22:15:00.000000 UTC,35710,20.7156,24.4726
29093,28255,2016-02-05 15:15:00.000000 UTC,33790,20.7175,27.2611
16111,39261,2016-02-07 14:05:00.000000 UTC,27070,20.7211,23.5712
39261,29093,2016-02-16 09:31:40.000000 UTC,37390,20.7213,27.1393
39261,28255,2016-02-16 02:46:40.000000 UTC,33910,20.7217,27.0541
28255,16111,2016-02-18 12:50:00.000000 UTC,36610,20.722,26.7266
39261,28255,2016-02-12 17:25:00.000000 UTC,14530,20.7237,20.7837
28255,39261,2016-02-18 05:30:00.000000 UTC,37570,20.7246,27.2158
28255,39261,2016-02-22 22:15:00.000000 UTC,1750,20.7257,20.7083
29093,39261,2016-02-02 08:40:00.000000 UTC,30550,20.7291,26.8835
16111,29093,2016-02-07 02:31:40.000000 UTC,27910,20.7291,27.5431
16111,39261,2016-02-12 05:31:40.000000 UTC,32830,20.73,26.9909
29093,16111,2016-02-01 08:20:00.000000 UTC,26290,20.7308,28.21
39261,28255,2016-02-12 11:35:00.000000 UTC,19810,20.7315,26.5994
39261,28255,2016-02-17 04:45:00.000000 UTC,21910,20.7321,21.4964
28255,39261,2016-02-22 22:15:00.000000 UTC,24430,20.733,26.4512
28255,29093,2016-02-18 07:50:00.000000 UTC,31450,20.7343,27.7317
16111,39261,2016-02-08 23:45:00.000000 UTC,25210,20.7346,26.4095
39261,28255,2016-02-12 15:45:00.000000 UTC,2650,20.7351,21.5834
39261,28255,2016-02-15 02:16:40.000000 UTC,30850,20.7394,23.9655
29093,28255,2016-02-03 01:10:00.000000 UTC,3370,20.7412,24.7566
16111,39261,2016-02-07 04:00:00.000000 UTC,30970,20.7421,26.9098
28255,39261,2016-02-21 03:30:00.000000 UTC,35290,20.7421,24.0321
39261,28255,2016-02-17 12:25:00.000000 UTC,10930,20.7434,25.4257
39261,29093,2016-02-14 05:46:40.000000 UTC,12310,20.7437,25.4876
39261,28255,2016-02-13 04:30:00.000000 UTC,33790,20.7438,27.8032
29093,28255,2016-02-01 20:35:00.000000 UTC,15670,20.7443,20.7928
39261,28255,2016-02-17 07:16:40.000000 UTC,26650,20.7454,27.3346
16111,28255,2016-02-12 11:00:00.000000 UTC,25090,20.7455,27.509
16111,39261,2016-02-06 23:20:00.000000 UTC,17710,20.7468,27.2647
39261,29093,2016-02-15 16:05:00.000000 UTC,32650,20.7472,27.1243
28255,39261,2016-02-23 19:15:00.000000 UTC,25210,20.7478,26.9372
16111,29093,2016-02-06 22:15:00.000000 UTC,33490,20.7482,27.4333
28255,16111,2016-02-18 05:05:00.000000 UTC,33730,20.7487,12.7827
29093,28255,2016-02-02 06:01:40.000000 UTC,24370,20.7503,23.2243
29093,28255,2016-02-01 22:46:40.000000 UTC,9430,20.7505,26.3222
29093,28255,2016-02-01 00:25:00.000000 UTC,6370,20.7516,24.3306
39261,29093,2016-02-13 08:40:00.000000 UTC,29050,20.7564,27.1558
39261,28255,2016-02-12 17:25:00.000000 UTC,13690,20.7565,26.2569
39261,16111,2016-02-17 07:16:40.000000 UTC,35830,20.7582,27.2782
39261,16111,2016-02-14 10:31:40.000000 UTC,4030,20.7584,25.2555
16111,39261,2016-02-08 17:01:40.000000 UTC,29410,20.7613,26.9188
39261,16111,2016-02-14 07:20:00.000000 UTC,10090,20.7617,26.9606
39261,29093,2016-02-12 14:20:00.000000 UTC,36610,20.7632,27.4262
29093,39261,2016-02-01 00:05:00.000000 UTC,31570,20.7633,27.7055
29093,28255,2016-02-01 01:50:00.000000 UTC,34570,20.7633,27.3618
29093,16111,2016-02-04 15:46:40.000000 UTC,27910,20.7639,24.3889
39261,29093,2016-02-13 08:40:00.000000 UTC,22750,20.7657,23.6966
39261,29093,2016-02-12 12:50:00.000000 UTC,36910,20.7661,27.5732
28255,39261,2016-02-23 08:31:40.000000 UTC,26650,20.7664,23.7118
29093,16111,2016-02-01 19:31:40.000000 UTC,12370,20.7669,26.946
29093,39261,2016-02-01 05:16:40.000000 UTC,16570,20.7673,20.926
39261,29093,2016-02-15 22:25:00.000000 UTC,30970,20.768,26.4654
28255,39261,2016-02-18 10:20:00.000000 UTC,9430,20.7748,22.7048
39261,29093,2016-02-14 04:15:00.000000 UTC,12910,20.7759,26.5515
16111,28255,2016-02-07 07:16:40.000000 UTC,20050,20.7771,24.8984
39261,28255,2016-02-16 02:46:40.000000 UTC,11050,20.7792,21.0184
16111,28255,2016-02-06 19:01:40.000000 UTC,28330,20.7804,28.01
39261,16111,2016-02-17 04:45:00.000000 UTC,15070,20.7817,20.7631
16111,29093,2016-02-10 00:40:00.000000 UTC,12970,20.7821,26.9057
39261,28255,2016-02-15 10:00:00.000000 UTC,34930,20.7828,25.9453
29093,16111,2016-02-01 16:31:40.000000 UTC,25930,20.7832,27.5484
28255,39261,2016-02-18 04:40:00.000000 UTC,32110,20.7839,24.5558
28255,39261,2016-02-18 11:31:40.000000 UTC,34630,20.7839,27.7139
28255,16111,2016-02-19 20:15:00.000000 UTC,31690,20.7843,26.8253
16111,39261,2016-02-12 02:50:00.000000 UTC,28030,20.7864,25.0106
16111,28255,2016-02-06 18:30:00.000000 UTC,34390,20.7871,27.3929
28255,16111,2016-02-18 06:40:00.000000 UTC,28210,20.7899,23.3747
39261,29093,2016-02-13 17:01:40.000000 UTC,35950,20.7902,27.1011
28255,39261,2016-02-19 05:35:00.000000 UTC,38590,20.7929,27.1703
16111,28255,2016-02-07 14:05:00.000000 UTC,15910,20.795,23.402
29093,39261,2016-02-01 13:46:40.000000 UTC,31570,20.7959,26.2756
28255,39261,2016-02-18 04:46:40.000000 UTC,37510,20.7959,27.2086
16111,28255,2016-02-08 15:25:00.000000 UTC,33070,20.7963,27.6373
29093,39261,2016-02-02 14:16:40.000000 UTC,12370,20.7965,20.8612
29093,39261,2016-02-02 11:25:00.000000 UTC,34330,20.7966,28.518
16111,39261,2016-02-07 23:31:40.000000 UTC,27730,20.7968,27.9662
29093,28255,2016-02-01 03:20:00.000000 UTC,34870,20.7969,27.4165
29093,39261,2016-02-01 22:46:40.000000 UTC,21370,20.7975,23.735
29093,28255,2016-02-01 03:20:00.000000 UTC,34930,20.7983,27.2113
16111,39261,2016-02-08 22:01:40.000000 UTC,30910,20.7985,27.1913
39261,28255,2016-02-13 08:40:00.000000 UTC,21550,20.7986,27.3839
16111,39261,2016-02-11 18:55:00.000000 UTC,25570,20.8004,23.7219
39261,28255,2016-02-14 08:55:00.000000 UTC,7510,20.8004,20.8855
39261,28255,2016-02-12 18:01:40.000000 UTC,2290,20.8017,23.1914
28255,39261,2016-02-19 15:55:00.000000 UTC,33610,20.8022,24.7537
16111,29093,2016-02-08 07:46:40.000000 UTC,19030,20.8031,22.5125
28255,16111,2016-02-19 10:31:40.000000 UTC,27790,20.8041,24.4587
39261,29093,2016-02-12 13:10:00.000000 UTC,32050,20.8051,23.6086
28255,16111,2016-02-18 18:16:40.000000 UTC,29770,20.8052,26.6751
28255,29093,2016-02-18 17:25:00.000000 UTC,12190,20.8056,25.9007
39261,29093,2016-02-16 11:50:00.000000 UTC,27070,20.8059,22.9035
16111,28255,2016-02-08 06:20:00.000000 UTC,27010,20.8062,24.7148
28255,39261,2016-02-21 22:30:00.000000 UTC,35590,20.8062,26.2624
39261,28255,2016-02-16 09:31:40.000000 UTC,27490,20.8079,27.5977
39261,16111,2016-02-17 09:50:00.000000 UTC,15130,20.8092,26.9014
39261,16111,2016-02-12 18:01:40.000000 UTC,33430,20.8098,27.293
29093,28255,2016-02-01 01:15:00.000000 UTC,6610,20.8107,24.6253
39261,29093,2016-02-13 04:30:00.000000 UTC,30010,20.8109,27.1434
16111,28255,2016-02-08 10:45:00.000000 UTC,28750,20.8111,27.6003
16111,29093,2016-02-07 10:01:40.000000 UTC,28570,20.8169,25.5692
28255,39261,2016-02-18 14:15:00.000000 UTC,38050,20.8214,26.7883
29093,39261,2016-02-01 03:20:00.000000 UTC,32290,20.8216,28.0734
28255,39261,2016-02-23 03:20:00.000000 UTC,14050,20.8224,20.5188
28255,16111,2016-02-22 03:01:40.000000 UTC,6910,20.8226,20.7691
39261,29093,2016-02-13 01:40:00.000000 UTC,29890,20.8246,23.5829
29093,39261,2016-02-06 09:20:00.000000 UTC,34750,20.825,26.9138
29093,39261,2016-02-05 20:16:40.000000 UTC,25570,20.8265,25.896
39261,28255,2016-02-12 19:20:00.000000 UTC,36910,20.8268,28.2228
16111,39261,2016-02-11 16:20:00.000000 UTC,22870,20.827,27.6501
16111,39261,2016-02-09 20:31:40.000000 UTC,31210,20.8271,27.1354
29093,28255,2016-02-05 05:31:40.000000 UTC,26590,20.8292,23.2151
29093,28255,2016-02-03 17:10:00.000000 UTC,36010,20.8293,27.2986
29093,39261,2016-02-02 02:16:40.000000 UTC,32590,20.8303,26.5313
16111,39261,2016-02-08 17:01:40.000000 UTC,32590,20.8331,28.3564
29093,28255,2016-02-02 04:45:00.000000 UTC,6370,20.8333,24.3228
16111,29093,2016-02-12 11:00:00.000000 UTC,31270,20.8346,27.5711
29093,16111,2016-02-05 22:50:00.000000 UTC,15430,20.8348,26.7889
16111,39261,2016-02-07 02:31:40.000000 UTC,30490,20.8357,26.6497
16111,39261,2016-02-09 10:40:00.000000 UTC,32770,20.8377,23.5177
29093,39261,2016-02-03 17:10:00.000000 UTC,36310,20.8385,27.3914
29093,39261,2016-02-02 01:05:00.000000 UTC,13990,20.841,27.1354
28255,29093,2016-02-18 09:46:40.000000 UTC,6250,20.8417,26.05
29093,16111,2016-02-02 14:16:40.000000 UTC,12730,20.842,20.8454
29093,28255,2016-02-05 10:20:00.000000 UTC,45490,20.843,24.4457
29093,16111,2016-02-02 11:25:00.000000 UTC,34210,20.8433,27.6195
28255,29093,2016-02-18 04:30:00.000000 UTC,31870,20.8437,26.8987
29093,28255,2016-02-01 22:46:40.000000 UTC,9490,20.844,26.0837
16111,28255,2016-02-10 16:01:40.000000 UTC,28990,20.8446,25.5528
29093,39261,2016-02-03 01:10:00.000000 UTC,26470,20.8449,26.0774
39261,29093,2016-02-15 10:00:00.000000 UTC,37510,20.8452,26.6621
39261,16111,2016-02-13 22:25:00.000000 UTC,31990,20.847,28.6153
16111,39261,2016-02-06 22:46:40.000000 UTC,29350,20.849,26.4201
28255,16111,2016-02-19 23:16:40.000000 UTC,35470,20.8497,12.0758
16111,28255,2016-02-09 05:05:00.000000 UTC,25150,20.8502,24.0592
16111,29093,2016-02-10 23:01:40.000000 UTC,25330,20.8507,24.3682
29093,39261,2016-02-06 01:25:00.000000 UTC,33010,20.8509,25.7822
28255,39261,2016-02-21 22:30:00.000000 UTC,17290,20.8535,26.8415
28255,39261,2016-02-21 07:31:40.000000 UTC,28870,20.8548,26.2137
16111,28255,2016-02-08 15:25:00.000000 UTC,3910,20.8551,24.926
28255,16111,2016-02-19 10:31:40.000000 UTC,4570,20.8561,20.8464
39261,16111,2016-02-12 11:10:00.000000 UTC,38350,20.8565,27.6978
28255,39261,2016-02-21 13:46:40.000000 UTC,41050,20.8565,27.0416
29093,28255,2016-02-04 03:01:40.000000 UTC,28450,20.8572,26.1256
16111,39261,2016-02-07 22:15:00.000000 UTC,33730,20.8574,27.0049
28255,16111,2016-02-22 17:16:40.000000 UTC,31030,20.8576,26.0615
39261,28255,2016-02-14 22:35:00.000000 UTC,41050,20.8581,27.2795
28255,39261,2016-02-18 16:35:00.000000 UTC,28510,20.859,26.5353
39261,29093,2016-02-12 15:45:00.000000 UTC,31510,20.8599,23.2302
16111,39261,2016-02-09 16:30:00.000000 UTC,33730,20.8612,26.7045
28255,29093,2016-02-19 15:55:00.000000 UTC,34030,20.8631,26.2682
39261,16111,2016-02-14 12:10:00.000000 UTC,14470,20.8644,26.6513
28255,39261,2016-02-20 07:20:00.000000 UTC,29830,20.8656,25.2029
29093,28255,2016-02-03 08:00:00.000000 UTC,16630,20.8665,25.1184
28255,16111,2016-02-22 17:16:40.000000 UTC,33130,20.8667,27.3261
39261,16111,2016-02-15 20:16:40.000000 UTC,39430,20.8687,27.4586
39261,16111,2016-02-13 07:35:00.000000 UTC,12730,20.8692,25.6904
16111,28255,2016-02-08 00:50:00.000000 UTC,30310,20.87,24.5635
39261,29093,2016-02-14 04:15:00.000000 UTC,6910,20.8701,24.9364
29093,39261,2016-02-03 09:46:40.000000 UTC,12550,20.8702,25.7448
16111,29093,2016-02-11 13:46:40.000000 UTC,25630,20.8705,24.7226
29093,39261,2016-02-04 11:25:00.000000 UTC,23050,20.8707,26.5528
39261,29093,2016-02-12 12:31:40.000000 UTC,28270,20.8711,27.2757
16111,28255,2016-02-10 18:20:00.000000 UTC,29590,20.8714,25.8477
28255,16111,2016-02-18 08:45:00.000000 UTC,37330,20.8721,27.5698
16111,39261,2016-02-11 08:45:00.000000 UTC,32530,20.8724,28.4585
29093,16111,2016-02-02 07:20:00.000000 UTC,24850,20.8727,24.1285
29093,39261,2016-02-01 23:55:00.000000 UTC,8170,20.8729,25.0095
28255,16111,2016-02-18 05:16:40.000000 UTC,18070,20.8733,26.872
39261,16111,2016-02-14 08:55:00.000000 UTC,37570,20.8736,27.3372
39261,28255,2016-02-14 08:55:00.000000 UTC,36130,20.8736,25.4169
29093,28255,2016-02-04 11:25:00.000000 UTC,30190,20.8738,26.2247
16111,39261,2016-02-09 22:35:00.000000 UTC,35290,20.8738,27.3566
39261,28255,2016-02-12 13:55:00.000000 UTC,33970,20.874,26.5268
16111,39261,2016-02-09 01:30:00.000000 UTC,35290,20.8755,27.4102
16111,28255,2016-02-09 18:30:00.000000 UTC,33730,20.8755,27.0315
39261,16111,2016-02-17 12:25:00.000000 UTC,31150,20.8794,26.7078
16111,39261,2016-02-08 04:55:00.000000 UTC,24790,20.8802,15.9596
16111,28255,2016-02-07 21:00:00.000000 UTC,31270,20.8805,27.0885
16111,29093,2016-02-07 09:05:00.000000 UTC,28990,20.8811,23.2204
28255,29093,2016-02-19 11:50:00.000000 UTC,25690,20.8817,26.9633
29093,28255,2016-02-05 10:20:00.000000 UTC,3670,20.8819,23.787
29093,39261,2016-02-01 21:40:00.000000 UTC,33010,20.8825,23.9471
39261,16111,2016-02-15 00:25:00.000000 UTC,13450,20.8835,27.0247
16111,39261,2016-02-06 22:46:40.000000 UTC,29410,20.8836,26.6504
39261,16111,2016-02-15 08:01:40.000000 UTC,33910,20.8847,27.3695
39261,16111,2016-02-16 09:31:40.000000 UTC,21130,20.8862,24.718
39261,29093,2016-02-13 05:30:00.000000 UTC,38590,20.8883,27.5421
39261,28255,2016-02-12 20:45:00.000000 UTC,13570,20.8884,26.1642
29093,39261,2016-02-01 08:20:00.000000 UTC,28090,20.8891,26.0759
16111,28255,2016-02-06 23:55:00.000000 UTC,32470,20.891,27.8994
39261,29093,2016-02-17 04:45:00.000000 UTC,32710,20.8941,27.4277
29093,39261,2016-02-01 06:25:00.000000 UTC,17770,20.8944,26.7865
39261,28255,2016-02-13 18:20:00.000000 UTC,32410,20.8961,25.0086
39261,16111,2016-02-14 04:15:00.000000 UTC,11710,20.8965,21.6109
39261,28255,2016-02-13 01:40:00.000000 UTC,25570,20.8966,24.7633
39261,29093,2016-02-14 20:46:40.000000 UTC,40510,20.8978,27.3864
16111,29093,2016-02-07 18:35:00.000000 UTC,34150,20.8985,26.9815
39261,16111,2016-02-18 01:45:00.000000 UTC,27790,20.8993,27.1528
29093,28255,2016-02-04 18:00:00.000000 UTC,31810,20.8996,27.1204
39261,28255,2016-02-13 03:31:40.000000 UTC,31750,20.8996,23.7176
28255,29093,2016-02-19 04:25:00.000000 UTC,35950,20.8996,27.758
16111,39261,2016-02-07 19:46:40.000000 UTC,29290,20.9016,26.3537
39261,29093,2016-02-16 18:55:00.000000 UTC,13510,20.9025,20.8641
29093,28255,2016-02-05 03:10:00.000000 UTC,25930,20.9035,24.1665
29093,39261,2016-02-01 18:30:00.000000 UTC,33010,20.904,27.1486
39261,29093,2016-02-14 10:31:40.000000 UTC,10690,20.9052,21.2315
28255,29093,2016-02-19 18:46:40.000000 UTC,38770,20.9054,27.6607
28255,16111,2016-02-21 07:31:40.000000 UTC,27250,20.9098,26.6059
16111,39261,2016-02-07 19:46:40.000000 UTC,34630,20.9099,23.7301
39261,29093,2016-02-13 14:30:00.000000 UTC,14050,20.9103,26.6803
16111,28255,2016-02-12 00:10:00.000000 UTC,34510,20.9116,27.3597
28255,39261,2016-02-18 19:10:00.000000 UTC,20110,20.9128,26.7751
29093,39261,2016-02-01 20:35:00.000000 UTC,31630,20.9163,24.3449
16111,28255,2016-02-12 11:00:00.000000 UTC,30970,20.9186,27.7894
28255,39261,2016-02-19 14:31:40.000000 UTC,35470,20.9193,26.7234
16111,29093,2016-02-06 20:25:00.000000 UTC,18610,20.9196,25.7963
39261,28255,2016-02-16 21:20:00.000000 UTC,35890,20.9198,27.5517
28255,29093,2016-02-21 15:55:00.000000 UTC,24130,20.9198,27.4461
29093,28255,2016-02-04 07:10:00.000000 UTC,17590,20.9207,26.8957
28255,39261,2016-02-18 04:46:40.000000 UTC,36850,20.9212,28.8862
16111,28255,2016-02-07 05:35:00.000000 UTC,13150,20.9219,27.3601
39261,28255,2016-02-16 23:46:40.000000 UTC,32770,20.9241,27.8734
29093,39261,2016-02-03 13:25:00.000000 UTC,35350,20.9243,27.3475
16111,28255,2016-02-08 02:10:00.000000 UTC,31330,20.9248,14.0811
39261,28255,2016-02-17 12:25:00.000000 UTC,35170,20.9255,27.2716
39261,29093,2016-02-15 02:16:40.000000 UTC,13150,20.9259,26.0402
39261,29093,2016-02-15 02:16:40.000000 UTC,52090,20.9263,24.931
28255,16111,2016-02-19 15:55:00.000000 UTC,30250,20.9279,27.7457
28255,39261,2016-02-19 23:16:40.000000 UTC,9430,20.9282,26.0893
39261,16111,2016-02-12 11:35:00.000000 UTC,27790,20.929,23.9153
16111,39261,2016-02-08 23:45:00.000000 UTC,28870,20.9294,26.8955
28255,29093,2016-02-19 17:20:00.000000 UTC,29590,20.9296,24.2419
16111,28255,2016-02-11 06:16:40.000000 UTC,31570,20.9301,13.8643
29093,28255,2016-02-02 03:30:00.000000 UTC,30850,20.9306,27.9801
16111,28255,2016-02-06 17:35:00.000000 UTC,30970,20.9307,27.8532
39261,29093,2016-02-16 23:46:40.000000 UTC,30850,20.931,27.5787
39261,16111,2016-02-13 01:40:00.000000 UTC,29650,20.9315,24.2779
28255,39261,2016-02-21 01:31:40.000000 UTC,22810,20.9318,25.0956
16111,28255,2016-02-07 09:05:00.000000 UTC,31690,20.9336,27.9651
29093,39261,2016-02-03 08:00:00.000000 UTC,30070,20.9344,25.2673
39261,16111,2016-02-13 07:35:00.000000 UTC,29290,20.9364,24.6467
16111,29093,2016-02-10 07:05:00.000000 UTC,35530,20.9366,27.6879
28255,16111,2016-02-22 22:15:00.000000 UTC,31810,20.9395,26.477
39261,29093,2016-02-12 11:35:00.000000 UTC,14830,20.9404,26.7849
28255,16111,2016-02-22 17:16:40.000000 UTC,14650,20.9405,23.3014
28255,29093,2016-02-22 22:15:00.000000 UTC,26470,20.9405,28.2341
29093,16111,2016-02-05 00:50:00.000000 UTC,27730,20.941,24.0615
39261,28255,2016-02-17 02:15:00.000000 UTC,32770,20.9416,27.5158
39261,16111,2016-02-13 18:20:00.000000 UTC,24070,20.9419,28.9981
16111,28255,2016-02-09 06:55:00.000000 UTC,31330,20.9427,25.5502
39261,28255,2016-02-16 23:46:40.000000 UTC,29710,20.9456,27.076
29093,28255,2016-02-03 01:10:00.000000 UTC,29050,20.9459,26.6022
28255,29093,2016-02-19 18:46:40.000000 UTC,38830,20.9464,27.4577
28255,29093,2016-02-22 10:01:40.000000 UTC,49930,20.9465,20.9696
29093,28255,2016-02-01 05:16:40.000000 UTC,24010,20.9467,24.2004
16111,28255,2016-02-08 17:01:40.000000 UTC,15670,20.9473,27.2928
16111,39261,2016-02-06 17:31:40.000000 UTC,25330,20.9488,27.7102
39261,16111,2016-02-13 09:46:40.000000 UTC,34810,20.9501,27.172
16111,39261,2016-02-07 19:46:40.000000 UTC,29050,20.9524,25.3681
28255,39261,2016-02-23 19:15:00.000000 UTC,37390,20.9542,26.7296
29093,16111,2016-02-01 02:10:00.000000 UTC,25570,20.955,24.1724
28255,29093,2016-02-23 16:31:40.000000 UTC,28210,20.9551,27.3333
29093,16111,2016-02-01 22:46:40.000000 UTC,25750,20.9559,27.4663
16111,28255,2016-02-08 07:46:40.000000 UTC,31750,20.957,25.7244
39261,16111,2016-02-13 04:30:00.000000 UTC,24370,20.9575,23.4876
29093,28255,2016-02-01 08:20:00.000000 UTC,30130,20.9578,26.6983
29093,39261,2016-02-01 20:35:00.000000 UTC,36970,20.9586,27.3626
28255,29093,2016-02-20 16:05:00.000000 UTC,40210,20.9593,27.4817
39261,16111,2016-02-12 16:16:40.000000 UTC,15550,20.9611,21.9255
16111,28255,2016-02-06 17:55:00.000000 UTC,34450,20.9613,26.5901
39261,28255,2016-02-13 02:35:00.000000 UTC,13390,20.9614,25.8542
28255,39261,2016-02-18 09:15:00.000000 UTC,37810,20.9619,26.8762
28255,16111,2016-02-20 16:05:00.000000 UTC,32950,20.9624,27.275
16111,39261,2016-02-07 10:01:40.000000 UTC,36190,20.9627,27.4687
29093,39261,2016-02-02 14:16:40.000000 UTC,17530,20.9628,26.6112
28255,39261,2016-02-18 14:15:00.000000 UTC,27850,20.9629,24.0317
28255,16111,2016-02-18 14:15:00.000000 UTC,30370,20.9645,27.8065
29093,16111,2016-02-01 02:31:40.000000 UTC,35050,20.9647,27.6591
28255,39261,2016-02-18 15:00:00.000000 UTC,54370,20.9649,18.5725
39261,29093,2016-02-16 00:35:00.000000 UTC,39430,20.9658,27.5792
16111,39261,2016-02-12 02:50:00.000000 UTC,14170,20.9665,26.122
29093,16111,2016-02-03 04:31:40.000000 UTC,24790,20.9674,26.573
29093,16111,2016-02-02 01:05:00.000000 UTC,29530,20.9677,24.3855
16111,28255,2016-02-08 18:40:00.000000 UTC,12310,20.9678,25.9519
39261,16111,2016-02-16 07:15:00.000000 UTC,36670,20.9687,26.9956
28255,29093,2016-02-20 05:40:00.000000 UTC,33430,20.969,27.3646
16111,28255,2016-02-06 19:40:00.000000 UTC,34210,20.9699,28.6908
16111,39261,2016-02-08 06:20:00.000000 UTC,32350,20.9702,26.7908
16111,39261,2016-02-10 18:20:00.000000 UTC,6790,20.9708,25.3097
16111,39261,2016-02-11 06:16:40.000000 UTC,31990,20.9713,27.8826
39261,28255,2016-02-16 21:20:00.000000 UTC,35830,20.9732,27.3664
28255,16111,2016-02-18 09:46:40.000000 UTC,10630,20.9744,20.9066
16111,39261,2016-02-07 01:10:00.000000 UTC,11830,20.9749,25.7927
39261,28255,2016-02-15 16:05:00.000000 UTC,37150,20.9749,27.7352
29093,39261,2016-02-01 17:30:00.000000 UTC,32710,20.9753,27.1542
16111,28255,2016-02-09 12:35:00.000000 UTC,28210,20.9758,24.5449
39261,16111,2016-02-16 23:46:40.000000 UTC,31930,20.9759,28.2251
39261,16111,2016-02-12 20:45:00.000000 UTC,30970,20.9761,24.2559
16111,28255,2016-02-06 23:20:00.000000 UTC,32110,20.9795,27.2313
39261,28255,2016-02-16 14:10:00.000000 UTC,35830,20.9795,26.3723
16111,39261,2016-02-07 06:25:00.000000 UTC,31510,20.9798,26.4827
39261,29093,2016-02-12 21:30:00.000000 UTC,7690,20.9804,20.9301
16111,39261,2016-02-07 10:01:40.000000 UTC,36250,20.9807,27.2702
39261,16111,2016-02-15 18:10:00.000000 UTC,29350,20.9807,24.7457
28255,39261,2016-02-18 12:50:00.000000 UTC,38290,20.9807,25.6795
28255,29093,2016-02-18 07:01:40.000000 UTC,35050,20.9816,25.8576
39261,16111,2016-02-13 08:40:00.000000 UTC,38350,20.9833,27.4946
39261,29093,2016-02-12 13:10:00.000000 UTC,28030,20.9834,26.9915
29093,39261,2016-02-05 03:10:00.000000 UTC,26650,20.9841,28.1151
28255,16111,2016-02-18 10:55:00.000000 UTC,46450,20.9845,18.642
29093,39261,2016-02-02 03:30:00.000000 UTC,29350,20.9849,27.3669
29093,39261,2016-02-01 05:16:40.000000 UTC,3910,20.9855,21.0615
29093,39261,2016-02-03 11:35:00.000000 UTC,31570,20.9866,27.5856
39261,28255,2016-02-17 12:25:00.000000 UTC,38110,20.9866,28.1833
29093,16111,2016-02-01 00:05:00.000000 UTC,9010,20.9873,24.5658
29093,28255,2016-02-03 08:00:00.000000 UTC,18850,20.9879,27.5212
28255,29093,2016-02-22 05:20:00.000000 UTC,33250,20.9879,25.2816
29093,39261,2016-02-03 08:00:00.000000 UTC,29830,20.9882,24.191
39261,28255,2016-02-13 19:40:00.000000 UTC,14410,20.9892,24.0215
29093,28255,2016-02-01 10:30:00.000000 UTC,32950,20.9915,27.0906
16111,39261,2016-02-08 07:46:40.000000 UTC,36370,20.9918,27.3227
29093,39261,2016-02-03 04:31:40.000000 UTC,29710,20.9938,27.3436
29093,28255,2016-02-06 01:25:00.000000 UTC,32710,20.995,27.898
28255,39261,2016-02-18 07:50:00.000000 UTC,21430,20.9953,22.8402
29093,16111,2016-02-02 15:45:00.000000 UTC,6490,20.9984,25.761
39261,28255,2016-02-14 17:15:00.000000 UTC,35830,20.9984,25.1921
28255,29093,2016-02-19 23:16:40.000000 UTC,23290,21.0004,26.4568
28255,16111,2016-02-22 14:50:00.000000 UTC,33730,21.0004,27.5699
39261,29093,2016-02-16 23:46:40.000000 UTC,25030,21.0012,26.7363
28255,29093,2016-02-18 06:20:00.000000 UTC,40390,21.0018,27.7467
28255,16111,2016-02-18 12:10:00.000000 UTC,33670,21.0018,28.277
16111,39261,2016-02-07 19:46:40.000000 UTC,29350,21.0044,26.5835
16111,28255,2016-02-07 14:05:00.000000 UTC,27670,21.0048,24.7941
28255,39261,2016-02-18 09:15:00.000000 UTC,25570,21.0048,27.289
39261,29093,2016-02-16 16:31:40.000000 UTC,41230,21.0049,27.7516
28255,39261,2016-02-20 10:45:00.000000 UTC,34570,21.0072,24.0292
28255,39261,2016-02-22 19:45:00.000000 UTC,32230,21.0102,24.6439
16111,39261,2016-02-06 18:45:00.000000 UTC,31870,21.0115,27.2718
28255,16111,2016-02-18 05:05:00.000000 UTC,58930,21.0124,19.519
39261,28255,2016-02-12 13:10:00.000000 UTC,25870,21.0136,25.8677
29093,39261,2016-02-04 09:16:40.000000 UTC,22570,21.0146,26.1506
39261,16111,2016-02-12 12:31:40.000000 UTC,38050,21.0147,27.5034
28255,29093,2016-02-22 10:01:40.000000 UTC,22870,21.0149,26.5936
29093,28255,2016-02-05 10:20:00.000000 UTC,9190,21.0154,26.0128
29093,39261,2016-02-01 00:00:00.000000 UTC,32350,21.0169,24.5724
29093,28255,2016-02-01 06:25:00.000000 UTC,13870,21.0182,25.325
16111,39261,2016-02-09 10:40:00.000000 UTC,32530,21.0186,24.656
16111,29093,2016-02-07 10:01:40.000000 UTC,24310,21.0187,24.4105
28255,29093,2016-02-23 00:46:40.000000 UTC,30790,21.019,25.0218
39261,29093,2016-02-14 12:10:00.000000 UTC,20110,21.0203,26.7865
28255,39261,2016-02-21 01:31:40.000000 UTC,22750,21.0204,25.4435
29093,28255,2016-02-02 02:16:40.000000 UTC,29590,21.0212,23.8966
28255,16111,2016-02-22 19:45:00.000000 UTC,34990,21.0212,29.4865
29093,16111,2016-02-02 07:20:00.000000 UTC,7270,21.0214,21.0104
39261,16111,2016-02-12 11:35:00.000000 UTC,28870,21.0215,24.1634
28255,39261,2016-02-23 22:00:00.000000 UTC,43390,21.0215,27.3011
29093,28255,2016-02-03 17:10:00.000000 UTC,32590,21.022,27.2649
28255,29093,2016-02-22 19:45:00.000000 UTC,32050,21.0244,26.2099
28255,16111,2016-02-18 10:55:00.000000 UTC,37090,21.0251,26.572
29093,39261,2016-02-05 05:31:40.000000 UTC,29230,21.0263,23.2706
29093,16111,2016-02-01 16:31:40.000000 UTC,20290,21.0267,27.3454
29093,28255,2016-02-01 14:40:00.000000 UTC,25150,21.0271,27.9566
29093,28255,2016-02-05 05:31:40.000000 UTC,26290,21.0274,24.7782
29093,28255,2016-02-05 12:46:40.000000 UTC,15430,21.0276,27.072
28255,39261,2016-02-18 12:10:00.000000 UTC,37450,21.0284,28.3762
29093,28255,2016-02-02 10:01:40.000000 UTC,7210,21.0285,21.1868
39261,28255,2016-02-16 09:31:40.000000 UTC,30310,21.0292,26.9854
16111,28255,2016-02-11 06:16:40.000000 UTC,36250,21.0296,27.2412
39261,16111,2016-02-12 15:45:00.000000 UTC,23230,21.0298,28.5143
29093,28255,2016-02-03 02:50:00.000000 UTC,9370,21.0304,26.3482
28255,39261,2016-02-18 18:16:40.000000 UTC,14230,21.0304,26.0815
28255,39261,2016-02-19 13:10:00.000000 UTC,35530,21.0312,27.0985
29093,39261,2016-02-05 15:15:00.000000 UTC,17650,21.0331,28.1746
29093,28255,2016-02-02 14:16:40.000000 UTC,30790,21.0333,25.4372
28255,39261,2016-02-19 09:15:00.000000 UTC,20710,21.0333,26.8652
39261,29093,2016-02-12 13:31:40.000000 UTC,42430,21.0342,27.5292
28255,39261,2016-02-18 07:50:00.000000 UTC,38170,21.0345,25.3037
39261,16111,2016-02-13 21:01:40.000000 UTC,19270,21.0352,21.1679
16111,39261,2016-02-06 17:30:00.000000 UTC,25390,21.0356,27.4927
29093,39261,2016-02-02 04:45:00.000000 UTC,27730,21.0388,23.996
39261,16111,2016-02-17 04:45:00.000000 UTC,32830,21.0389,25.4438
16111,39261,2016-02-09 14:31:40.000000 UTC,16510,21.0398,21.1412
29093,28255,2016-02-04 09:16:40.000000 UTC,4090,21.0402,25.2586
28255,16111,2016-02-18 20:05:00.000000 UTC,58330,21.0413,11.748
39261,28255,2016-02-13 17:01:40.000000 UTC,36130,21.0419,27.8326
16111,28255,2016-02-08 12:16:40.000000 UTC,32170,21.0425,28.0893
39261,29093,2016-02-13 22:25:00.000000 UTC,12970,21.0427,21.1111
29093,39261,2016-02-03 09:46:40.000000 UTC,30550,21.0439,25.4077
16111,39261,2016-02-07 15:10:00.000000 UTC,13690,21.0439,26.5282
16111,39261,2016-02-10 09:16:40.000000 UTC,26170,21.0442,27.5324
29093,28255,2016-02-01 09:01:40.000000 UTC,32470,21.0445,26.4431
16111,29093,2016-02-07 18:35:00.000000 UTC,30670,21.0456,27.2309
28255,39261,2016-02-18 19:10:00.000000 UTC,38650,21.0463,25.3597
16111,39261,2016-02-06 20:50:00.000000 UTC,38470,21.0465,27.4364
28255,16111,2016-02-18 19:10:00.000000 UTC,35050,21.0468,27.2563
16111,29093,2016-02-10 00:40:00.000000 UTC,26110,21.0477,25.5376
39261,16111,2016-02-13 12:05:00.000000 UTC,34630,21.0491,28.5329
29093,28255,2016-02-05 15:15:00.000000 UTC,18370,21.0492,26.9041
29093,28255,2016-02-03 04:31:40.000000 UTC,17770,21.0494,26.1505
29093,28255,2016-02-03 02:50:00.000000 UTC,17350,21.0502,25.8591
29093,39261,2016-02-01 00:46:40.000000 UTC,19930,21.0503,26.9665
29093,39261,2016-02-03 09:46:40.000000 UTC,18970,21.0504,27.2247
39261,28255,2016-02-15 06:05:00.000000 UTC,30910,21.0521,24.9427
28255,29093,2016-02-23 16:31:40.000000 UTC,29830,21.0523,26.5864
39261,16111,2016-02-16 18:55:00.000000 UTC,36070,21.0539,28.0161
29093,28255,2016-02-01 02:10:00.000000 UTC,31090,21.0541,26.7591
29093,28255,2016-02-01 13:46:40.000000 UTC,33670,21.0545,27.1948
29093,28255,2016-02-01 00:10:00.000000 UTC,18910,21.0547,27.2236
16111,29093,2016-02-11 18:55:00.000000 UTC,36430,21.0552,27.8445
28255,39261,2016-02-19 01:05:00.000000 UTC,33190,21.0554,23.738
29093,16111,2016-02-01 17:30:00.000000 UTC,31390,21.0557,27.3588
28255,39261,2016-02-18 07:50:00.000000 UTC,43750,21.056,27.1303
39261,29093,2016-02-12 20:45:00.000000 UTC,30310,21.0593,23.1584
16111,39261,2016-02-06 21:16:40.000000 UTC,8770,21.0605,25.9646
39261,28255,2016-02-17 02:15:00.000000 UTC,39790,21.0609,23.5832
28255,29093,2016-02-18 09:46:40.000000 UTC,33550,21.0611,29.0666
39261,29093,2016-02-12 15:45:00.000000 UTC,13870,21.0616,26.7698
39261,29093,2016-02-15 22:25:00.000000 UTC,7690,21.0616,21.0204
29093,16111,2016-02-01 00:00:00.000000 UTC,18310,21.0619,27.4803
39261,16111,2016-02-13 00:46:40.000000 UTC,13390,21.0629,21.0271
29093,28255,2016-02-05 10:20:00.000000 UTC,20890,21.0665,26.8643
16111,28255,2016-02-10 07:05:00.000000 UTC,33430,21.0683,27.9229
39261,28255,2016-02-16 05:00:00.000000 UTC,36430,21.0708,27.209
39261,16111,2016-02-17 09:50:00.000000 UTC,32110,21.0711,27.8015
16111,39261,2016-02-07 18:35:00.000000 UTC,38650,21.0724,27.292
29093,39261,2016-02-01 21:40:00.000000 UTC,33850,21.0729,27.2775
28255,29093,2016-02-19 14:31:40.000000 UTC,39610,21.0729,27.6655
16111,28255,2016-02-08 13:50:00.000000 UTC,23290,21.0732,26.687
39261,16111,2016-02-14 05:46:40.000000 UTC,35170,21.0735,27.2691
16111,28255,2016-02-07 08:10:00.000000 UTC,47890,21.0737,19.1127
29093,39261,2016-02-02 17:15:00.000000 UTC,18730,21.0741,24.3699
29093,28255,2016-02-04 09:16:40.000000 UTC,29350,21.0741,24.3808
29093,16111,2016-02-01 23:55:00.000000 UTC,31270,21.0794,27.5707
28255,39261,2016-02-19 05:35:00.000000 UTC,33010,21.0812,25.3237
29093,39261,2016-02-01 02:31:40.000000 UTC,38410,21.0841,27.4017
39261,28255,2016-02-14 01:16:40.000000 UTC,58210,21.0842,18.6801
29093,39261,2016-02-02 07:20:00.000000 UTC,15610,21.0852,27.1364
28255,39261,2016-02-19 06:46:40.000000 UTC,38710,21.0854,26.9667
28255,16111,2016-02-19 18:46:40.000000 UTC,40870,21.0858,27.681
16111,29093,2016-02-07 13:01:40.000000 UTC,30730,21.0862,27.8771
39261,28255,2016-02-13 12:05:00.000000 UTC,42490,21.0868,27.4411
39261,16111,2016-02-14 19:00:00.000000 UTC,31810,21.0876,27.524
39261,29093,2016-02-17 02:15:00.000000 UTC,10690,21.0877,27.6535
28255,39261,2016-02-19 09:15:00.000000 UTC,55150,21.088,18.4235
16111,28255,2016-02-08 13:50:00.000000 UTC,14830,21.0881,27.5136
16111,39261,2016-02-06 18:30:00.000000 UTC,32410,21.0889,24.866
16111,39261,2016-02-11 13:46:40.000000 UTC,28990,21.0893,24.1664
16111,28255,2016-02-09 14:31:40.000000 UTC,28810,21.0896,25.304
16111,29093,2016-02-07 19:46:40.000000 UTC,11710,21.0902,26.3881
39261,28255,2016-02-16 14:10:00.000000 UTC,10570,21.0913,21.0703
39261,28255,2016-02-13 03:31:40.000000 UTC,33010,21.0914,24.9671
28255,16111,2016-02-20 17:55:00.000000 UTC,41290,21.0921,27.6726
28255,39261,2016-02-22 05:20:00.000000 UTC,41650,21.0927,27.3814
29093,39261,2016-02-02 03:30:00.000000 UTC,23050,21.0934,26.2553
39261,16111,2016-02-16 05:00:00.000000 UTC,16270,21.0934,20.9916
16111,39261,2016-02-10 04:55:00.000000 UTC,33610,21.0946,27.2305
28255,29093,2016-02-20 19:46:40.000000 UTC,26650,21.0946,25.6821
39261,28255,2016-02-12 11:05:00.000000 UTC,43570,21.0965,27.3896
39261,29093,2016-02-16 00:35:00.000000 UTC,34330,21.0968,25.2415
28255,39261,2016-02-23 13:50:00.000000 UTC,37450,21.0974,25.5599
29093,28255,2016-02-03 15:16:40.000000 UTC,18730,21.0983,21.1629
39261,29093,2016-02-14 20:46:40.000000 UTC,40090,21.0985,28.6328
39261,29093,2016-02-17 23:01:40.000000 UTC,40810,21.0989,12.7109
28255,39261,2016-02-19 18:46:40.000000 UTC,16030,21.0993,21.0221
16111,28255,2016-02-09 22:35:00.000000 UTC,34930,21.1006,26.2632
16111,39261,2016-02-11 06:16:40.000000 UTC,9070,21.1013,21.0479
39261,29093,2016-02-12 18:01:40.000000 UTC,36970,21.1015,21.4066
39261,28255,2016-02-13 13:16:40.000000 UTC,36670,21.1024,26.5546
28255,39261,2016-02-20 05:40:00.000000 UTC,39490,21.1026,27.6655
29093,39261,2016-02-01 03:20:00.000000 UTC,38590,21.1038,27.407
39261,16111,2016-02-14 15:31:40.000000 UTC,36190,21.1068,25.8696
39261,28255,2016-02-12 11:16:40.000000 UTC,37810,21.1074,26.4894
16111,29093,2016-02-06 22:46:40.000000 UTC,28450,21.1076,24.7639
16111,39261,2016-02-09 06:55:00.000000 UTC,36910,21.1087,27.2943
28255,16111,2016-02-22 07:40:00.000000 UTC,38530,21.1091,27.2742
28255,39261,2016-02-18 21:01:40.000000 UTC,44290,21.1092,27.2237
16111,29093,2016-02-12 05:31:40.000000 UTC,19810,21.1103,27.602
16111,29093,2016-02-11 21:31:40.000000 UTC,14950,21.1121,21.1239
39261,28255,2016-02-15 04:10:00.000000 UTC,34750,21.115,27.4911
39261,28255,2016-02-14 08:55:00.000000 UTC,32470,21.1151,27.3975
28255,39261,2016-02-21 18:05:00.000000 UTC,37750,21.1173,27.0566
39261,28255,2016-02-12 12:31:40.000000 UTC,27550,21.1185,23.9811
16111,28255,2016-02-10 02:46:40.000000 UTC,31930,21.1187,26.3009
29093,28255,2016-02-05 10:20:00.000000 UTC,9850,21.1188,21.1288
28255,39261,2016-02-22 14:50:00.000000 UTC,1510,21.119,21.0812
28255,16111,2016-02-20 19:46:40.000000 UTC,35230,21.1196,27.6925
39261,29093,2016-02-12 11:35:00.000000 UTC,20410,21.1216,26.989
16111,39261,2016-02-08 12:16:40.000000 UTC,32170,21.1221,24.9508
29093,28255,2016-02-01 22:46:40.000000 UTC,32770,21.1226,28.1206
29093,39261,2016-02-01 00:10:00.000000 UTC,37930,21.1236,26.8659
16111,39261,2016-02-09 08:46:40.000000 UTC,33850,21.1238,26.9599
16111,39261,2016-02-07 22:15:00.000000 UTC,23650,21.1241,24.8385
16111,28255,2016-02-07 13:01:40.000000 UTC,17410,21.1247,26.8432
39261,29093,2016-02-15 00:25:00.000000 UTC,36370,21.1267,27.2427
16111,39261,2016-02-06 23:55:00.000000 UTC,4150,21.1269,21.1227
39261,28255,2016-02-15 18:10:00.000000 UTC,36730,21.1274,26.5898
28255,39261,2016-02-18 23:00:00.000000 UTC,34450,21.1274,25.3857
39261,16111,2016-02-17 09:50:00.000000 UTC,20710,21.128,26.8195
29093,16111,2016-02-03 04:31:40.000000 UTC,30730,21.1294,28.1275
29093,28255,2016-02-04 05:05:00.000000 UTC,15670,21.1313,20.6624
16111,28255,2016-02-08 09:15:00.000000 UTC,32290,21.132,24.9101
16111,29093,2016-02-09 22:35:00.000000 UTC,35290,21.1333,27.859
16111,39261,2016-02-07 05:35:00.000000 UTC,31090,21.1352,25.6632
29093,28255,2016-02-02 01:05:00.000000 UTC,34390,21.1365,23.5731
39261,16111,2016-02-15 04:10:00.000000 UTC,26770,21.1366,27.7871
28255,39261,2016-02-21 01:31:40.000000 UTC,40330,21.1369,27.7116
16111,28255,2016-02-07 03:15:00.000000 UTC,33070,21.1372,27.3591
39261,29093,2016-02-12 12:15:00.000000 UTC,33070,21.138,23.7065
29093,28255,2016-02-01 12:55:00.000000 UTC,33490,21.1389,27.3237
39261,28255,2016-02-12 11:35:00.000000 UTC,59710,21.1399,29.2499
28255,29093,2016-02-21 09:35:00.000000 UTC,31750,21.1402,24.2404
29093,28255,2016-02-06 04:01:40.000000 UTC,32890,21.1405,26.7592
39261,28255,2016-02-15 06:05:00.000000 UTC,37270,21.1417,26.7786
29093,28255,2016-02-02 02:16:40.000000 UTC,29770,21.1438,24.7549
16111,39261,2016-02-10 04:55:00.000000 UTC,33430,21.1438,26.5993
39261,28255,2016-02-17 02:15:00.000000 UTC,39310,21.1453,25.6541
29093,28255,2016-02-03 04:31:40.000000 UTC,24010,21.1455,27.3391
29093,16111,2016-02-05 22:50:00.000000 UTC,28690,21.1464,26.7065
16111,28255,2016-02-06 23:20:00.000000 UTC,35650,21.1497,27.0517
39261,29093,2016-02-17 09:50:00.000000 UTC,34150,21.1506,27.933
29093,39261,2016-02-01 01:15:00.000000 UTC,34450,21.1545,26.5947
39261,29093,2016-02-12 12:15:00.000000 UTC,33130,21.1554,24.0094
16111,28255,2016-02-08 22:01:40.000000 UTC,6790,21.1574,24.362
16111,39261,2016-02-10 11:30:00.000000 UTC,9010,21.1581,26.2694
28255,39261,2016-02-19 21:45:00.000000 UTC,39790,21.1592,25.3778
39261,29093,2016-02-15 16:05:00.000000 UTC,41470,21.1594,27.665
28255,29093,2016-02-18 11:31:40.000000 UTC,37870,21.1615,26.4873
29093,16111,2016-02-01 19:31:40.000000 UTC,17890,21.1635,27.2733
39261,28255,2016-02-14 05:46:40.000000 UTC,36670,21.1635,23.6093
16111,39261,2016-02-10 16:01:40.000000 UTC,30130,21.1638,24.6707
28255,16111,2016-02-18 23:00:00.000000 UTC,14110,21.1664,27.0602
28255,39261,2016-02-18 04:55:00.000000 UTC,25990,21.1668,24.7448
39261,29093,2016-02-16 21:20:00.000000 UTC,31090,21.1671,26.3978
16111,28255,2016-02-08 02:10:00.000000 UTC,35830,21.1679,27.8355
39261,16111,2016-02-12 20:45:00.000000 UTC,13690,21.1683,26.5419
39261,29093,2016-02-16 07:15:00.000000 UTC,32890,21.1684,24.4259
39261,16111,2016-02-12 12:15:00.000000 UTC,39310,21.1699,14.223
28255,29093,2016-02-21 03:30:00.000000 UTC,16930,21.1713,21.3202
28255,39261,2016-02-23 22:00:00.000000 UTC,38170,21.1715,24.014
39261,29093,2016-02-12 21:30:00.000000 UTC,35650,21.1728,24.0462
16111,39261,2016-02-07 21:00:00.000000 UTC,16150,21.1746,21.2998
28255,29093,2016-02-18 12:50:00.000000 UTC,23890,21.1749,23.081
39261,16111,2016-02-12 11:01:40.000000 UTC,3310,21.1775,27.441
28255,16111,2016-02-23 22:00:00.000000 UTC,41110,21.1776,27.4082
16111,39261,2016-02-07 14:05:00.000000 UTC,33790,21.1804,26.9483
28255,29093,2016-02-21 15:55:00.000000 UTC,50710,21.1805,15.3386
29093,28255,2016-02-01 05:16:40.000000 UTC,31150,21.1807,24.2281
29093,39261,2016-02-01 19:31:40.000000 UTC,14890,21.1809,25.8895
28255,29093,2016-02-19 05:35:00.000000 UTC,41350,21.182,27.9087
29093,16111,2016-02-02 08:40:00.000000 UTC,29350,21.1839,24.3078
39261,29093,2016-02-14 07:20:00.000000 UTC,43690,21.1843,27.5786
28255,29093,2016-02-19 03:16:40.000000 UTC,33070,21.1858,27.3911
39261,29093,2016-02-12 16:50:00.000000 UTC,41350,21.1877,28.3717
28255,39261,2016-02-19 17:20:00.000000 UTC,35710,21.1877,27.1703
28255,29093,2016-02-18 07:25:00.000000 UTC,23650,21.188,25.7362
16111,39261,2016-02-07 11:00:00.000000 UTC,32710,21.1883,26.1385
29093,39261,2016-02-05 20:16:40.000000 UTC,31510,21.1884,26.4574
28255,39261,2016-02-18 07:50:00.000000 UTC,38470,21.1903,24.0379
28255,39261,2016-02-19 10:31:40.000000 UTC,34930,21.1913,25.3488
29093,39261,2016-02-03 02:50:00.000000 UTC,14650,21.1924,26.9105
29093,39261,2016-02-01 00:25:00.000000 UTC,34390,21.1943,27.3218
29093,39261,2016-02-04 09:16:40.000000 UTC,30190,21.196,23.8865
28255,16111,2016-02-18 15:46:40.000000 UTC,30310,21.1968,26.755
29093,28255,2016-02-01 00:05:00.000000 UTC,34690,21.1989,25.4466
16111,28255,2016-02-10 09:16:40.000000 UTC,31030,21.2,27.8521
39261,28255,2016-02-12 11:00:00.000000 UTC,43630,21.2008,27.2161
39261,28255,2016-02-13 14:30:00.000000 UTC,33190,21.2018,27.2432
39261,29093,2016-02-12 20:45:00.000000 UTC,31690,21.2022,26.5046
28255,29093,2016-02-18 21:01:40.000000 UTC,34210,21.2024,27.0103
29093,39261,2016-02-06 12:01:40.000000 UTC,30130,21.2035,23.6386
28255,29093,2016-02-23 19:15:00.000000 UTC,36490,21.2042,27.3653
16111,29093,2016-02-12 11:00:00.000000 UTC,15850,21.2043,21.18
29093,39261,2016-02-01 03:20:00.000000 UTC,38770,21.2055,26.7936
28255,29093,2016-02-21 13:46:40.000000 UTC,31030,21.2063,23.6584
29093,39261,2016-02-03 04:31:40.000000 UTC,23590,21.2079,27.0269
28255,29093,2016-02-21 11:40:00.000000 UTC,36550,21.2087,26.4099
16111,39261,2016-02-07 13:01:40.000000 UTC,33850,21.2095,28.0894
16111,28255,2016-02-06 19:40:00.000000 UTC,23710,21.2101,22.1755
29093,39261,2016-02-02 17:15:00.000000 UTC,24790,21.2102,24.3275
16111,28255,2016-02-10 02:46:40.000000 UTC,31450,21.2102,24.1859
16111,39261,2016-02-07 16:16:40.000000 UTC,27790,21.2105,24.1549
28255,39261,2016-02-20 12:30:00.000000 UTC,29590,21.2114,23.0434
29093,39261,2016-02-06 14:45:00.000000 UTC,1510,21.2119,21.6807
16111,29093,2016-02-07 17:25:00.000000 UTC,30370,21.212,26.0954
16111,29093,2016-02-06 21:45:00.000000 UTC,33610,21.2143,26.9889
29093,39261,2016-02-05 15:15:00.000000 UTC,32470,21.2144,26.7907
39261,28255,2016-02-15 22:25:00.000000 UTC,30730,21.2149,26.9587
29093,39261,2016-02-01 01:50:00.000000 UTC,34750,21.2162,27.2693
29093,28255,2016-02-01 23:55:00.000000 UTC,21970,21.2164,24.0548
29093,39261,2016-02-04 01:00:00.000000 UTC,34870,21.2168,27.2229
16111,28255,2016-02-08 13:50:00.000000 UTC,3310,21.2172,25.8146
29093,39261,2016-02-01 14:40:00.000000 UTC,32050,21.2175,27.4106
28255,16111,2016-02-20 21:40:00.000000 UTC,34930,21.2179,27.3054
16111,28255,2016-02-08 04:55:00.000000 UTC,33010,21.2204,26.6148
16111,29093,2016-02-06 23:20:00.000000 UTC,29890,21.2212,25.9039
39261,16111,2016-02-16 09:31:40.000000 UTC,41470,21.2213,27.7411
29093,16111,2016-02-05 20:16:40.000000 UTC,21310,21.2221,25.7594
29093,16111,2016-02-02 15:45:00.000000 UTC,52570,21.2231,25.7055
16111,28255,2016-02-08 04:55:00.000000 UTC,18970,21.2231,26.3099
39261,29093,2016-02-12 14:20:00.000000 UTC,9370,21.2234,21.2086
39261,28255,2016-02-13 06:31:40.000000 UTC,39430,21.2243,27.3735
28255,39261,2016-02-22 14:50:00.000000 UTC,38650,21.2252,27.1847
28255,29093,2016-02-18 08:16:40.000000 UTC,31210,21.2283,27.1482
16111,28255,2016-02-06 17:40:00.000000 UTC,21910,21.2298,28.4229
29093,16111,2016-02-01 05:50:00.000000 UTC,29950,21.2301,24.8721
28255,39261,2016-02-18 05:05:00.000000 UTC,37630,21.2302,26.9432
29093,39261,2016-02-02 03:30:00.000000 UTC,17110,21.2306,26.692
39261,29093,2016-02-12 12:31:40.000000 UTC,22570,21.2311,27.009
39261,28255,2016-02-12 11:10:00.000000 UTC,32410,21.2316,23.9035
28255,29093,2016-02-19 23:16:40.000000 UTC,9970,21.2321,26.4458
16111,39261,2016-02-10 20:40:00.000000 UTC,30250,21.233,23.8557
29093,28255,2016-02-01 05:16:40.000000 UTC,6010,21.2332,24.7652
16111,39261,2016-02-06 17:40:00.000000 UTC,37270,21.2336,28.3179
16111,29093,2016-02-10 09:16:40.000000 UTC,30730,21.2342,24.0801
39261,16111,2016-02-13 07:35:00.000000 UTC,35290,21.2358,26.7456
28255,39261,2016-02-19 21:45:00.000000 UTC,31570,21.2359,20.5301
28255,39261,2016-02-23 16:31:40.000000 UTC,33190,21.2364,24.9482
39261,16111,2016-02-15 14:01:40.000000 UTC,20170,21.237,21.4215
28255,29093,2016-02-18 04:46:40.000000 UTC,40690,21.2373,27.8059
39261,28255,2016-02-16 09:31:40.000000 UTC,39430,21.2375,27.6972
29093,39261,2016-02-04 01:00:00.000000 UTC,34810,21.2392,27.0222
39261,28255,2016-02-12 12:00:00.000000 UTC,40150,21.2393,27.1701
29093,39261,2016-02-01 02:55:00.000000 UTC,35050,21.2395,27.2013
28255,16111,2016-02-18 10:55:00.000000 UTC,27670,21.2396,25.3347
28255,39261,2016-02-18 15:46:40.000000 UTC,14110,21.2396,26.0822
28255,39261,2016-02-18 05:05:00.000000 UTC,25510,21.24,26.9457
16111,39261,2016-02-07 16:16:40.000000 UTC,34510,21.2407,27.2825
28255,16111,2016-02-19 21:45:00.000000 UTC,25870,21.2409,27.0318
29093,39261,2016-02-01 19:31:40.000000 UTC,18670,21.241,27.0097
28255,39261,2016-02-23 22:00:00.000000 UTC,38050,21.2412,24.5377
39261,16111,2016-02-12 11:46:40.000000 UTC,43810,21.2418,27.6677
39261,29093,2016-02-13 04:30:00.000000 UTC,44470,21.2421,27.5992
28255,39261,2016-02-20 04:01:40.000000 UTC,4150,21.2422,23.6549
28255,29093,2016-02-18 16:35:00.000000 UTC,27310,21.2424,26.5208
16111,39261,2016-02-09 12:35:00.000000 UTC,34990,21.2437,27.2456
39261,16111,2016-02-12 20:45:00.000000 UTC,45490,21.2438,19.249
16111,39261,2016-02-12 02:50:00.000000 UTC,14830,21.2448,21.7762
29093,39261,2016-02-01 16:31:40.000000 UTC,36310,21.245,26.0835
39261,28255,2016-02-14 02:45:00.000000 UTC,38410,21.2461,26.8133
28255,29093,2016-02-23 03:20:00.000000 UTC,30370,21.2485,25.4675
16111,28255,2016-02-12 08:15:00.000000 UTC,36550,21.2486,27.0301
39261,16111,2016-02-16 21:20:00.000000 UTC,43990,21.249,27.6919
28255,39261,2016-02-18 04:46:40.000000 UTC,43510,21.2494,27.4764
16111,39261,2016-02-07 16:16:40.000000 UTC,38110,21.2501,27.0255
16111,28255,2016-02-07 04:46:40.000000 UTC,24670,21.2502,28.0059
16111,28255,2016-02-12 11:00:00.000000 UTC,31930,21.251,23.8797
39261,28255,2016-02-14 12:10:00.000000 UTC,36490,21.2512,23.1864
16111,29093,2016-02-07 03:15:00.000000 UTC,11530,21.2537,25.2228
39261,16111,2016-02-17 09:50:00.000000 UTC,29350,21.2539,27.9935
28255,39261,2016-02-18 16:35:00.000000 UTC,34090,21.2546,25.0384
39261,16111,2016-02-16 09:31:40.000000 UTC,29950,21.2553,28.5518
39261,28255,2016-02-12 20:01:40.000000 UTC,37930,21.2562,24.4564
28255,29093,2016-02-22 05:20:00.000000 UTC,12310,21.2563,25.6401
39261,16111,2016-02-17 17:40:00.000000 UTC,44170,21.2566,27.9095
28255,16111,2016-02-18 12:50:00.000000 UTC,42130,21.2568,27.183
28255,29093,2016-02-19 11:50:00.000000 UTC,19990,21.2573,26.6663
16111,28255,2016-02-08 04:55:00.000000 UTC,32950,21.258,26.3875
28255,39261,2016-02-22 22:15:00.000000 UTC,39010,21.2586,27.2843
16111,39261,2016-02-08 13:50:00.000000 UTC,38050,21.2593,27.4868
39261,28255,2016-02-13 04:30:00.000000 UTC,39790,21.2595,28.0964
28255,29093,2016-02-20 10:45:00.000000 UTC,32470,21.2595,27.5222
39261,29093,2016-02-16 21:20:00.000000 UTC,35170,21.2602,24.5523
28255,29093,2016-02-18 09:46:40.000000 UTC,39670,21.262,27.8586
16111,39261,2016-02-06 18:45:00.000000 UTC,34390,21.2643,27.0729
29093,39261,2016-02-01 09:45:00.000000 UTC,40150,21.2648,27.7416
16111,28255,2016-02-10 11:30:00.000000 UTC,32290,21.268,25.0439
16111,28255,2016-02-06 21:16:40.000000 UTC,11350,21.2697,26.6356
39261,28255,2016-02-13 10:55:00.000000 UTC,37150,21.2712,25.1097
16111,39261,2016-02-06 17:40:00.000000 UTC,34570,21.2713,28.5635
16111,28255,2016-02-10 00:40:00.000000 UTC,23170,21.2713,27.286
39261,16111,2016-02-14 13:50:00.000000 UTC,32830,21.2725,26.2673
29093,39261,2016-02-01 01:00:00.000000 UTC,34510,21.2729,27.101
39261,29093,2016-02-12 19:20:00.000000 UTC,38230,21.2737,28.6213
39261,28255,2016-02-12 23:05:00.000000 UTC,8290,21.2755,21.0991
16111,28255,2016-02-07 17:25:00.000000 UTC,5050,21.2757,21.2931
39261,29093,2016-02-14 08:55:00.000000 UTC,43330,21.2761,27.4826
39261,16111,2016-02-15 10:00:00.000000 UTC,48610,21.277,24.1039
28255,29093,2016-02-19 10:31:40.000000 UTC,35110,21.2785,26.3127
39261,28255,2016-02-14 22:35:00.000000 UTC,46990,21.2786,27.5114
28255,29093,2016-02-18 12:10:00.000000 UTC,29890,21.2793,24.806
28255,16111,2016-02-23 05:55:00.000000 UTC,34090,21.2794,24.8434
16111,28255,2016-02-08 10:45:00.000000 UTC,15790,21.2804,21.3702
39261,28255,2016-02-12 12:50:00.000000 UTC,40090,21.2813,27.0903
16111,39261,2016-02-08 15:25:00.000000 UTC,16810,21.2817,26.5543
39261,16111,2016-02-12 14:20:00.000000 UTC,43150,21.2834,27.7158
39261,28255,2016-02-12 20:01:40.000000 UTC,43210,21.2835,27.2718
28255,16111,2016-02-19 00:01:40.000000 UTC,30130,21.2839,24.5635
39261,29093,2016-02-13 14:30:00.000000 UTC,27610,21.2852,27.0275
16111,39261,2016-02-07 02:31:40.000000 UTC,17590,21.2861,21.2019
28255,29093,2016-02-19 09:15:00.000000 UTC,25990,21.2861,25.9545
16111,28255,2016-02-06 20:01:40.000000 UTC,35110,21.2866,26.1005
16111,39261,2016-02-08 17:01:40.000000 UTC,20650,21.2875,27.9835
29093,16111,2016-02-01 05:16:40.000000 UTC,31690,21.2882,27.389
28255,16111,2016-02-19 04:25:00.000000 UTC,10630,21.2888,27.2488
39261,28255,2016-02-18 01:45:00.000000 UTC,34630,21.2891,27.313
28255,16111,2016-02-19 15:55:00.000000 UTC,31150,21.2903,23.7441
16111,29093,2016-02-08 12:16:40.000000 UTC,19870,21.2929,26.9535
39261,28255,2016-02-13 22:25:00.000000 UTC,35770,21.293,28.1765
28255,39261,2016-02-18 13:31:40.000000 UTC,38590,21.293,24.6895
16111,39261,2016-02-07 19:46:40.000000 UTC,33550,21.2941,24.8069
39261,29093,2016-02-16 14:10:00.000000 UTC,38710,21.2952,27.6759
39261,28255,2016-02-12 12:31:40.000000 UTC,37330,21.2964,27.8675
28255,16111,2016-02-18 21:01:40.000000 UTC,37330,21.2968,28.5308
39261,29093,2016-02-14 02:45:00.000000 UTC,22810,21.2972,24.4969
16111,39261,2016-02-08 23:45:00.000000 UTC,31210,21.2977,26.5207
39261,28255,2016-02-14 12:10:00.000000 UTC,7750,21.2987,24.7592
39261,28255,2016-02-12 11:00:00.000000 UTC,38290,21.3013,24.6656
28255,39261,2016-02-20 14:16:40.000000 UTC,33790,21.3034,27.5668
28255,39261,2016-02-19 21:45:00.000000 UTC,29890,21.3036,26.9827
39261,16111,2016-02-12 15:15:00.000000 UTC,37810,21.3046,25.48
39261,29093,2016-02-15 20:16:40.000000 UTC,37270,21.3046,27.3535
39261,28255,2016-02-17 04:45:00.000000 UTC,32650,21.3049,27.6008
28255,29093,2016-02-21 18:05:00.000000 UTC,40570,21.3068,27.7214
28255,29093,2016-02-23 05:55:00.000000 UTC,13150,21.3068,26.2235
29093,28255,2016-02-03 02:50:00.000000 UTC,15190,21.3071,26.9238
28255,29093,2016-02-22 19:45:00.000000 UTC,37930,21.3076,27.3755
29093,16111,2016-02-01 16:31:40.000000 UTC,31750,21.3077,28.4979
28255,29093,2016-02-18 16:35:00.000000 UTC,29530,21.308,26.9933
28255,16111,2016-02-22 17:16:40.000000 UTC,20230,21.3086,23.4014
28255,39261,2016-02-18 04:35:00.000000 UTC,38350,21.3088,23.95
39261,29093,2016-02-16 14:10:00.000000 UTC,41770,21.3091,27.732
28255,39261,2016-02-18 18:16:40.000000 UTC,14170,21.3091,26.3149
29093,39261,2016-02-04 20:15:00.000000 UTC,37990,21.3092,24.2594
39261,28255,2016-02-12 11:46:40.000000 UTC,40330,21.3096,27.6481
28255,29093,2016-02-20 09:01:40.000000 UTC,40810,21.3114,29.6133
28255,16111,2016-02-18 07:50:00.000000 UTC,31570,21.3145,28.5314
39261,16111,2016-02-12 12:50:00.000000 UTC,16510,21.3148,21.3167
39261,29093,2016-02-16 07:15:00.000000 UTC,43450,21.3149,27.7671
39261,28255,2016-02-15 16:05:00.000000 UTC,46270,21.3151,27.5023
16111,29093,2016-02-06 22:15:00.000000 UTC,39130,21.3153,27.5897
16111,28255,2016-02-08 18:40:00.000000 UTC,39850,21.316,27.6997
39261,29093,2016-02-15 10:00:00.000000 UTC,31570,21.3166,27.5902
28255,39261,2016-02-22 03:01:40.000000 UTC,47590,21.3191,27.4065
29093,39261,2016-02-03 13:25:00.000000 UTC,7270,21.3218,25.2936
39261,28255,2016-02-15 12:00:00.000000 UTC,18310,21.3236,21.2719
29093,39261,2016-02-02 21:55:00.000000 UTC,34030,21.3242,27.5511
39261,29093,2016-02-16 21:20:00.000000 UTC,45730,21.326,27.7453
16111,28255,2016-02-08 13:50:00.000000 UTC,29410,21.3268,27.3719
29093,16111,2016-02-04 07:10:00.000000 UTC,38650,21.3283,27.8826
16111,39261,2016-02-06 23:55:00.000000 UTC,39550,21.329,26.7707
39261,28255,2016-02-12 11:35:00.000000 UTC,31630,21.3292,26.9992
39261,28255,2016-02-12 14:46:40.000000 UTC,32110,21.3297,24.5389
29093,28255,2016-02-02 18:46:40.000000 UTC,14350,21.3299,21.4327
29093,39261,2016-02-02 11:25:00.000000 UTC,6790,21.33,25.6062
29093,28255,2016-02-01 02:55:00.000000 UTC,12010,21.3305,20.1687
39261,29093,2016-02-15 18:10:00.000000 UTC,18850,21.3312,25.364
29093,39261,2016-02-05 15:15:00.000000 UTC,1570,21.3329,22.1597
16111,28255,2016-02-06 17:30:00.000000 UTC,44410,21.333,18.6087
39261,28255,2016-02-12 23:05:00.000000 UTC,39550,21.3344,26.6738
28255,39261,2016-02-20 14:16:40.000000 UTC,58990,21.3347,24.4677
28255,29093,2016-02-18 04:46:40.000000 UTC,37630,21.3349,27.7117
28255,16111,2016-02-19 20:15:00.000000 UTC,41350,21.3357,24.3685
39261,16111,2016-02-16 23:46:40.000000 UTC,5170,21.338,21.309
28255,39261,2016-02-20 19:46:40.000000 UTC,36610,21.3381,26.434
39261,28255,2016-02-17 09:50:00.000000 UTC,44530,21.3382,27.3863
29093,39261,2016-02-01 18:30:00.000000 UTC,13270,21.339,21.346
39261,28255,2016-02-13 21:01:40.000000 UTC,36910,21.3398,24.2644
39261,16111,2016-02-14 08:55:00.000000 UTC,43150,21.3398,27.5472
28255,39261,2016-02-18 12:10:00.000000 UTC,38170,21.3403,26.1139
28255,29093,2016-02-18 06:01:40.000000 UTC,20290,21.3409,26.6224
28255,29093,2016-02-22 22:15:00.000000 UTC,40570,21.3412,27.7651
28255,29093,2016-02-23 00:46:40.000000 UTC,37030,21.3412,27.6819
28255,29093,2016-02-20 21:40:00.000000 UTC,29890,21.3415,25.707
29093,16111,2016-02-04 15:46:40.000000 UTC,38410,21.3418,27.9104
28255,29093,2016-02-20 05:40:00.000000 UTC,41470,21.3421,29.6676
29093,28255,2016-02-01 01:00:00.000000 UTC,24430,21.3427,24.277
28255,16111,2016-02-21 01:31:40.000000 UTC,38830,21.3436,29.6935
29093,39261,2016-02-06 06:40:00.000000 UTC,21970,21.3448,26.764
16111,39261,2016-02-07 12:00:00.000000 UTC,8230,21.3465,21.4996
28255,39261,2016-02-18 06:20:00.000000 UTC,14470,21.3478,21.1162
16111,29093,2016-02-09 12:35:00.000000 UTC,31750,21.3481,27.2644
28255,39261,2016-02-18 04:40:00.000000 UTC,38110,21.3483,25.0017
16111,29093,2016-02-11 08:45:00.000000 UTC,36250,21.3494,27.5984
29093,39261,2016-02-01 20:35:00.000000 UTC,37390,21.3499,25.8367
16111,28255,2016-02-11 03:50:00.000000 UTC,45910,21.3499,13.6864
29093,39261,2016-02-01 01:15:00.000000 UTC,26110,21.3503,26.7125
28255,39261,2016-02-23 05:55:00.000000 UTC,32950,21.3511,25.8676
28255,16111,2016-02-19 20:15:00.000000 UTC,37630,21.3515,28.2589
16111,39261,2016-02-06 18:16:40.000000 UTC,37810,21.352,27.3169
39261,28255,2016-02-12 18:01:40.000000 UTC,39790,21.3521,26.7787
29093,28255,2016-02-02 11:25:00.000000 UTC,41650,21.3553,27.5399
29093,28255,2016-02-05 07:55:00.000000 UTC,3430,21.3554,21.4432
29093,28255,2016-02-04 07:10:00.000000 UTC,35890,21.3557,28.4608
29093,16111,2016-02-01 02:31:40.000000 UTC,35110,21.3568,27.4415
16111,29093,2016-02-08 12:16:40.000000 UTC,24910,21.3569,24.1025
28255,39261,2016-02-19 09:15:00.000000 UTC,46090,21.3578,15.9447
16111,28255,2016-02-10 09:16:40.000000 UTC,27190,21.3588,24.6257
39261,16111,2016-02-15 22:25:00.000000 UTC,35950,21.3591,28.3106
39261,28255,2016-02-13 04:30:00.000000 UTC,42550,21.3592,28.1455
29093,28255,2016-02-04 07:10:00.000000 UTC,38590,21.3597,28.4886
29093,16111,2016-02-05 10:20:00.000000 UTC,39670,21.361,24.9966
39261,28255,2016-02-16 21:20:00.000000 UTC,39790,21.361,24.5209
16111,39261,2016-02-07 21:00:00.000000 UTC,35890,21.3616,27.4542
16111,39261,2016-02-09 01:30:00.000000 UTC,31930,21.3639,27.3526
16111,39261,2016-02-10 09:16:40.000000 UTC,38350,21.3642,27.3477
39261,16111,2016-02-14 19:00:00.000000 UTC,40810,21.3644,26.29
29093,39261,2016-02-03 11:35:00.000000 UTC,40870,21.3659,27.6114
29093,39261,2016-02-02 03:30:00.000000 UTC,38530,21.366,28.1185
16111,39261,2016-02-09 16:30:00.000000 UTC,36130,21.3662,27.3577
39261,28255,2016-02-13 13:16:40.000000 UTC,42430,21.367,27.4062
28255,39261,2016-02-19 10:31:40.000000 UTC,44170,21.3679,29.028
16111,29093,2016-02-11 18:55:00.000000 UTC,26950,21.3686,24.4033
28255,39261,2016-02-21 15:55:00.000000 UTC,22750,21.3686,27.8651
16111,29093,2016-02-09 05:05:00.000000 UTC,31690,21.369,27.7096
39261,16111,2016-02-14 08:55:00.000000 UTC,34570,21.3709,27.9697
28255,29093,2016-02-18 12:50:00.000000 UTC,39550,21.3709,26.0035
28255,16111,2016-02-18 12:10:00.000000 UTC,42130,21.371,27.7975
39261,29093,2016-02-12 11:10:00.000000 UTC,39850,21.3739,27.6642
29093,39261,2016-02-04 18:00:00.000000 UTC,36970,21.3743,26.2456
16111,39261,2016-02-07 03:15:00.000000 UTC,11110,21.3744,21.4172
39261,28255,2016-02-13 23:50:00.000000 UTC,38590,21.3766,26.9939
16111,39261,2016-02-08 18:40:00.000000 UTC,29350,21.3768,24.7843
29093,28255,2016-02-02 11:25:00.000000 UTC,13750,21.377,23.8396
29093,28255,2016-02-01 21:40:00.000000 UTC,35410,21.3776,27.5105
29093,39261,2016-02-02 23:31:40.000000 UTC,26350,21.3785,24.6601
39261,28255,2016-02-14 01:16:40.000000 UTC,36790,21.3787,24.0516
39261,16111,2016-02-15 00:25:00.000000 UTC,44530,21.3795,28.0481
39261,28255,2016-02-17 23:01:40.000000 UTC,15130,21.3801,21.3742
39261,29093,2016-02-12 16:50:00.000000 UTC,47230,21.3807,27.782
29093,39261,2016-02-01 18:30:00.000000 UTC,36550,21.3812,26.9616
29093,16111,2016-02-06 01:25:00.000000 UTC,34750,21.3822,28.8091
28255,39261,2016-02-18 19:10:00.000000 UTC,32170,21.3823,26.8211
39261,16111,2016-02-13 08:40:00.000000 UTC,23710,21.3827,25.867
28255,16111,2016-02-23 08:31:40.000000 UTC,21550,21.3827,27.9207
28255,16111,2016-02-23 11:10:00.000000 UTC,38290,21.383,26.0497
39261,29093,2016-02-12 14:20:00.000000 UTC,42370,21.385,27.1373
28255,29093,2016-02-18 05:30:00.000000 UTC,37570,21.3859,28.0656
29093,39261,2016-02-01 10:30:00.000000 UTC,36970,21.3861,27.25
28255,39261,2016-02-18 05:05:00.000000 UTC,44890,21.3865,16.3222
39261,28255,2016-02-16 09:31:40.000000 UTC,39370,21.3873,27.8707
29093,39261,2016-02-02 11:25:00.000000 UTC,40930,21.3876,26.9956
39261,29093,2016-02-12 20:45:00.000000 UTC,35590,21.389,25.3257
39261,16111,2016-02-16 09:31:40.000000 UTC,9910,21.3896,24.5675
29093,39261,2016-02-03 08:00:00.000000 UTC,17530,21.3898,21.41
16111,28255,2016-02-09 22:35:00.000000 UTC,40510,21.3901,27.7969
16111,39261,2016-02-07 03:15:00.000000 UTC,40210,21.3911,27.7494
16111,29093,2016-02-10 09:16:40.000000 UTC,35590,21.3915,27.8221
29093,39261,2016-02-01 02:10:00.000000 UTC,26410,21.3921,26.5045
28255,16111,2016-02-22 12:25:00.000000 UTC,35890,21.3922,27.5265
16111,28255,2016-02-10 11:30:00.000000 UTC,42010,21.3928,16.4182
39261,16111,2016-02-17 15:01:40.000000 UTC,44890,21.3929,27.9204
39261,29093,2016-02-14 20:46:40.000000 UTC,37210,21.393,27.1869
29093,28255,2016-02-01 03:20:00.000000 UTC,13390,21.3941,26.4655
39261,28255,2016-02-15 20:16:40.000000 UTC,34990,21.3948,23.7701
28255,29093,2016-02-18 09:15:00.000000 UTC,39850,21.3951,27.5245
16111,29093,2016-02-09 14:31:40.000000 UTC,12730,21.396,26.957
16111,39261,2016-02-08 15:25:00.000000 UTC,35350,21.3965,28.2781
39261,29093,2016-02-17 07:16:40.000000 UTC,37630,21.3969,27.7767
39261,29093,2016-02-12 16:50:00.000000 UTC,47290,21.3972,27.5894
39261,28255,2016-02-12 20:45:00.000000 UTC,37570,21.3984,25.8786
28255,16111,2016-02-18 21:01:40.000000 UTC,36970,21.4004,27.3526
39261,28255,2016-02-12 11:00:00.000000 UTC,43150,21.4018,28.5563
28255,39261,2016-02-19 04:25:00.000000 UTC,38230,21.402,28.1707
28255,29093,2016-02-21 15:55:00.000000 UTC,31570,21.402,24.3724
28255,39261,2016-02-18 20:05:00.000000 UTC,57610,21.4026,19.7718
16111,39261,2016-02-07 04:46:40.000000 UTC,40630,21.4044,27.7977
28255,29093,2016-02-18 06:20:00.000000 UTC,35290,21.4045,25.49
16111,29093,2016-02-12 11:00:00.000000 UTC,36850,21.4053,27.9411
29093,39261,2016-02-01 13:46:40.000000 UTC,37870,21.4079,27.4449
16111,28255,2016-02-09 08:46:40.000000 UTC,31870,21.4084,25.1521
16111,28255,2016-02-07 08:10:00.000000 UTC,32470,21.4086,23.9858
39261,29093,2016-02-14 04:15:00.000000 UTC,40570,21.4092,24.9591
16111,28255,2016-02-07 11:00:00.000000 UTC,31990,21.4101,28.3894
39261,28255,2016-02-14 04:15:00.000000 UTC,47650,21.4112,27.8692
28255,29093,2016-02-23 22:00:00.000000 UTC,38290,21.4117,27.2933
16111,29093,2016-02-10 16:01:40.000000 UTC,32470,21.4118,27.2948
29093,28255,2016-02-02 04:45:00.000000 UTC,29050,21.4121,24.0532
28255,39261,2016-02-18 06:01:40.000000 UTC,44110,21.4152,25.6089
29093,28255,2016-02-04 05:05:00.000000 UTC,10330,21.416,21.4694
28255,16111,2016-02-18 06:20:00.000000 UTC,38230,21.416,26.116
39261,28255,2016-02-17 12:25:00.000000 UTC,39790,21.4172,16.4626
28255,39261,2016-02-19 00:01:40.000000 UTC,39010,21.4178,24.7545
39261,29093,2016-02-17 09:50:00.000000 UTC,42790,21.418,27.5984
29093,16111,2016-02-04 20:15:00.000000 UTC,36730,21.4185,28.8492
29093,39261,2016-02-01 16:31:40.000000 UTC,35650,21.419,28.2539
39261,28255,2016-02-13 05:30:00.000000 UTC,32890,21.4205,24.7657
28255,39261,2016-02-19 23:16:40.000000 UTC,43750,21.4209,27.445
29093,39261,2016-02-01 00:05:00.000000 UTC,31390,21.4222,28.2488
29093,39261,2016-02-01 00:01:40.000000 UTC,38050,21.423,26.2831
16111,28255,2016-02-07 11:00:00.000000 UTC,38410,21.4235,27.1162
28255,29093,2016-02-19 06:46:40.000000 UTC,41230,21.4254,27.4342
28255,39261,2016-02-19 21:45:00.000000 UTC,45250,21.4254,27.5576
39261,16111,2016-02-13 10:55:00.000000 UTC,16930,21.4283,21.4145
29093,28255,2016-02-04 11:25:00.000000 UTC,16270,21.4285,25.9973
29093,39261,2016-02-04 01:00:00.000000 UTC,38710,21.4288,26.05
39261,29093,2016-02-15 14:01:40.000000 UTC,14110,21.4289,26.1273
16111,39261,2016-02-06 19:40:00.000000 UTC,32710,21.4293,24.9753
39261,28255,2016-02-12 18:40:00.000000 UTC,43330,21.4296,27.0509
39261,29093,2016-02-17 02:15:00.000000 UTC,44590,21.4297,27.5664
28255,29093,2016-02-19 15:55:00.000000 UTC,51430,21.4298,24.7375
28255,16111,2016-02-18 15:00:00.000000 UTC,19210,21.4299,27.1222
29093,28255,2016-02-02 03:30:00.000000 UTC,18670,21.4308,27.1229
16111,39261,2016-02-07 03:15:00.000000 UTC,6190,21.4309,24.9075
29093,16111,2016-02-01 17:30:00.000000 UTC,40150,21.4312,28.1672
39261,29093,2016-02-16 02:46:40.000000 UTC,33130,21.4337,27.8206
16111,39261,2016-02-10 20:40:00.000000 UTC,29410,21.4339,27.4261
29093,28255,2016-02-01 16:31:40.000000 UTC,32530,21.4349,23.8577
39261,28255,2016-02-15 04:10:00.000000 UTC,5350,21.4352,26.2161
28255,39261,2016-02-18 04:30:00.000000 UTC,49570,21.4352,27.5039
29093,28255,2016-02-01 04:15:00.000000 UTC,41110,21.4356,27.3018
39261,28255,2016-02-12 16:50:00.000000 UTC,49270,21.4357,27.536
16111,29093,2016-02-08 23:45:00.000000 UTC,12370,21.4365,26.6913
28255,16111,2016-02-20 23:35:00.000000 UTC,39910,21.437,28.1032
39261,29093,2016-02-12 16:50:00.000000 UTC,38410,21.4377,27.3877
16111,39261,2016-02-07 05:35:00.000000 UTC,11230,21.4384,25.313
39261,28255,2016-02-13 02:35:00.000000 UTC,25210,21.4397,26.3195
39261,28255,2016-02-12 11:35:00.000000 UTC,37570,21.4398,27.2267
16111,29093,2016-02-08 22:01:40.000000 UTC,29230,21.4404,26.7501
29093,39261,2016-02-01 07:01:40.000000 UTC,15490,21.4412,27.0351
16111,28255,2016-02-07 21:00:00.000000 UTC,35170,21.4414,25.783
28255,39261,2016-02-18 04:40:00.000000 UTC,49510,21.4419,27.6994
39261,28255,2016-02-12 18:40:00.000000 UTC,38050,21.4435,24.1652
29093,28255,2016-02-01 02:31:40.000000 UTC,18910,21.4438,24.8096
16111,39261,2016-02-11 03:50:00.000000 UTC,13510,21.444,26.832
29093,28255,2016-02-02 03:30:00.000000 UTC,23410,21.4445,19.5143
16111,28255,2016-02-09 01:30:00.000000 UTC,7390,21.4446,21.4584
29093,28255,2016-02-04 03:01:40.000000 UTC,14410,21.4448,26.4552
16111,39261,2016-02-10 04:55:00.000000 UTC,33190,21.4474,25.6714
29093,16111,2016-02-04 05:05:00.000000 UTC,11650,21.449,21.7355
28255,16111,2016-02-20 10:45:00.000000 UTC,35830,21.4507,27.9614
16111,39261,2016-02-08 00:50:00.000000 UTC,36730,21.4547,26.6489
16111,39261,2016-02-08 03:31:40.000000 UTC,30970,21.4556,24.2724
29093,28255,2016-02-03 02:50:00.000000 UTC,31330,21.4557,14.9071
28255,16111,2016-02-18 21:01:40.000000 UTC,45610,21.4567,28.2306
16111,28255,2016-02-06 17:40:00.000000 UTC,39730,21.4569,28.7457
28255,39261,2016-02-18 04:30:00.000000 UTC,49510,21.4571,27.6819
29093,39261,2016-02-01 03:46:40.000000 UTC,6850,21.4576,19.8292
29093,39261,2016-02-01 12:05:00.000000 UTC,37330,21.4577,27.1108
29093,28255,2016-02-02 02:16:40.000000 UTC,36070,21.4581,26.4821
29093,28255,2016-02-01 00:01:40.000000 UTC,35050,21.4596,23.7454
29093,28255,2016-02-01 14:40:00.000000 UTC,33130,21.4597,24.3872
16111,39261,2016-02-10 00:40:00.000000 UTC,19390,21.46,21.5246
29093,28255,2016-02-01 02:10:00.000000 UTC,13510,21.4603,27.8305
39261,29093,2016-02-13 08:40:00.000000 UTC,43450,21.4605,27.7995
28255,16111,2016-02-23 08:31:40.000000 UTC,20110,21.4612,13.7395
28255,39261,2016-02-19 03:16:40.000000 UTC,26890,21.4616,25.0255
16111,39261,2016-02-10 23:01:40.000000 UTC,6490,21.4618,24.9819
29093,39261,2016-02-01 14:40:00.000000 UTC,33730,21.4626,27.2184
39261,16111,2016-02-12 18:40:00.000000 UTC,47530,21.4629,27.9696
28255,39261,2016-02-19 13:10:00.000000 UTC,9310,21.4629,24.5323
29093,16111,2016-02-02 01:05:00.000000 UTC,31510,21.463,28.362
39261,28255,2016-02-12 16:50:00.000000 UTC,39970,21.4633,27.1897
39261,28255,2016-02-12 20:45:00.000000 UTC,33670,21.4634,26.4827
28255,16111,2016-02-22 03:01:40.000000 UTC,39790,21.4637,26.4456
39261,28255,2016-02-12 13:55:00.000000 UTC,39970,21.4658,26.8935
28255,39261,2016-02-18 20:05:00.000000 UTC,16630,21.4666,26.6113
28255,39261,2016-02-21 15:55:00.000000 UTC,10990,21.4673,26.9461
28255,16111,2016-02-18 16:35:00.000000 UTC,36190,21.4688,24.9562
16111,28255,2016-02-09 22:35:00.000000 UTC,6850,21.4696,25.209
29093,39261,2016-02-04 07:10:00.000000 UTC,11950,21.4707,25.5717
29093,28255,2016-02-05 07:55:00.000000 UTC,14590,21.4711,26.2834
28255,16111,2016-02-19 20:15:00.000000 UTC,40990,21.4711,25.9786
16111,39261,2016-02-12 11:00:00.000000 UTC,31030,21.4714,27.7434
39261,28255,2016-02-14 05:46:40.000000 UTC,8230,21.4718,25.7473
16111,28255,2016-02-07 00:31:40.000000 UTC,36250,21.4724,25.8549
16111,28255,2016-02-10 11:30:00.000000 UTC,30070,21.4736,18.2069
29093,16111,2016-02-01 04:45:00.000000 UTC,35410,21.4738,25.876
16111,39261,2016-02-06 19:40:00.000000 UTC,15550,21.4742,20.0305
16111,28255,2016-02-06 22:15:00.000000 UTC,36010,21.4742,24.4496
16111,28255,2016-02-07 00:31:40.000000 UTC,35650,21.4744,27.9699
16111,28255,2016-02-11 18:55:00.000000 UTC,29050,21.4746,23.7627
39261,16111,2016-02-14 02:45:00.000000 UTC,22930,21.475,24.5176
16111,39261,2016-02-07 13:01:40.000000 UTC,37390,21.4751,26.2585
39261,28255,2016-02-12 15:45:00.000000 UTC,23830,21.4755,20.8207
16111,39261,2016-02-06 17:40:00.000000 UTC,43570,21.4757,27.7029
39261,16111,2016-02-12 17:25:00.000000 UTC,37270,21.4758,25.4305
16111,29093,2016-02-11 13:46:40.000000 UTC,33130,21.4759,27.6948
39261,16111,2016-02-12 22:16:40.000000 UTC,37930,21.4769,27.664
29093,39261,2016-02-01 19:31:40.000000 UTC,30730,21.4772,27.0663
39261,16111,2016-02-16 18:55:00.000000 UTC,7630,21.478,26.1475
29093,28255,2016-02-02 23:31:40.000000 UTC,31810,21.4785,28.7113
16111,39261,2016-02-07 04:00:00.000000 UTC,32770,21.4785,27.4941
29093,28255,2016-02-02 20:20:00.000000 UTC,8710,21.4787,21.6201
39261,28255,2016-02-15 10:00:00.000000 UTC,34510,21.4789,27.424
29093,16111,2016-02-02 11:25:00.000000 UTC,25750,21.479,28.6692
39261,28255,2016-02-12 15:15:00.000000 UTC,49270,21.4807,27.7348
16111,29093,2016-02-09 10:40:00.000000 UTC,35110,21.4817,27.251
16111,39261,2016-02-12 00:10:00.000000 UTC,37630,21.4819,26.2088
28255,39261,2016-02-18 15:00:00.000000 UTC,38050,21.4828,26.9634
29093,28255,2016-02-03 04:31:40.000000 UTC,39070,21.4832,28.1618
28255,16111,2016-02-18 04:40:00.000000 UTC,33370,21.4836,24.2104
29093,28255,2016-02-01 00:05:00.000000 UTC,33910,21.4838,28.2351
29093,28255,2016-02-02 20:20:00.000000 UTC,2470,21.4841,23.7724
16111,28255,2016-02-09 05:05:00.000000 UTC,25030,21.4843,24.683
28255,29093,2016-02-22 07:40:00.000000 UTC,20890,21.4843,27.7766
39261,29093,2016-02-17 09:50:00.000000 UTC,34030,21.4862,27.533
29093,28255,2016-02-01 04:45:00.000000 UTC,31990,21.4869,27.8519
39261,29093,2016-02-15 04:10:00.000000 UTC,30010,21.4872,27.5345
29093,16111,2016-02-02 15:45:00.000000 UTC,30190,21.4874,24.5138
16111,28255,2016-02-10 18:20:00.000000 UTC,22030,21.4875,24.2383
39261,28255,2016-02-12 12:31:40.000000 UTC,34270,21.4886,27.3517
39261,28255,2016-02-18 01:45:00.000000 UTC,40810,21.4889,28.1439
28255,39261,2016-02-20 21:40:00.000000 UTC,12430,21.4896,25.5889
39261,28255,2016-02-12 11:10:00.000000 UTC,49450,21.4905,27.7702
29093,16111,2016-02-01 01:50:00.000000 UTC,40570,21.491,28.1063
16111,29093,2016-02-07 21:00:00.000000 UTC,39610,21.4918,28.0767
39261,16111,2016-02-13 02:35:00.000000 UTC,7930,21.4921,21.4772
16111,39261,2016-02-07 02:31:40.000000 UTC,10630,21.4933,23.7736
39261,29093,2016-02-12 11:00:00.000000 UTC,39790,21.4934,27.2999
28255,39261,2016-02-22 12:25:00.000000 UTC,34330,21.4935,28.4198
28255,16111,2016-02-18 07:25:00.000000 UTC,34510,21.4965,27.5683
28255,16111,2016-02-18 20:05:00.000000 UTC,25990,21.5005,26.9749
16111,39261,2016-02-09 22:35:00.000000 UTC,31450,21.5017,25.8318
39261,16111,2016-02-14 13:50:00.000000 UTC,19510,21.503,27.0985
39261,16111,2016-02-12 13:31:40.000000 UTC,40150,21.5036,27.3782
16111,39261,2016-02-07 04:46:40.000000 UTC,37210,21.5041,27.1783
28255,39261,2016-02-21 20:16:40.000000 UTC,41950,21.5053,24.7572
29093,39261,2016-02-01 00:00:00.000000 UTC,38410,21.5055,24.7882
28255,16111,2016-02-20 16:05:00.000000 UTC,21250,21.506,24.2887
39261,16111,2016-02-12 11:25:00.000000 UTC,41110,21.5065,28.6464
28255,16111,2016-02-18 12:50:00.000000 UTC,47530,21.5069,27.9944
29093,28255,2016-02-01 05:50:00.000000 UTC,37990,21.5077,27.4814
39261,28255,2016-02-12 23:05:00.000000 UTC,31390,21.5086,26.1068
16111,28255,2016-02-06 17:35:00.000000 UTC,18790,21.5094,26.9844
28255,29093,2016-02-19 03:16:40.000000 UTC,36850,21.511,25.0362
39261,29093,2016-02-14 17:15:00.000000 UTC,35590,21.5119,27.6334
28255,29093,2016-02-23 11:10:00.000000 UTC,23050,21.5122,24.2073
29093,16111,2016-02-01 00:10:00.000000 UTC,9010,21.5126,24.5991
29093,39261,2016-02-02 04:45:00.000000 UTC,34810,21.5126,24.1898
16111,39261,2016-02-07 10:01:40.000000 UTC,42190,21.5134,27.7514
28255,29093,2016-02-21 01:31:40.000000 UTC,43810,21.5134,28.0107
39261,16111,2016-02-12 23:55:00.000000 UTC,28990,21.5135,28.8027
29093,39261,2016-02-04 01:00:00.000000 UTC,44290,21.5138,27.7932
16111,28255,2016-02-07 16:16:40.000000 UTC,29530,21.5141,24.4679
39261,29093,2016-02-15 08:01:40.000000 UTC,40330,21.5147,27.8781
16111,39261,2016-02-09 01:30:00.000000 UTC,32230,21.515,28.2792
29093,39261,2016-02-04 11:25:00.000000 UTC,11590,21.5151,23.1414
16111,39261,2016-02-12 05:31:40.000000 UTC,39130,21.5158,26.228
29093,28255,2016-02-03 21:01:40.000000 UTC,42730,21.5184,27.7075
29093,28255,2016-02-01 00:46:40.000000 UTC,38650,21.5187,18.9818
39261,28255,2016-02-12 21:30:00.000000 UTC,35470,21.519,27.3518
16111,29093,2016-02-07 10:01:40.000000 UTC,39370,21.5197,27.9597
28255,39261,2016-02-22 12:25:00.000000 UTC,38590,21.5204,27.2665
16111,28255,2016-02-08 18:40:00.000000 UTC,36490,21.5208,27.515
16111,28255,2016-02-07 15:10:00.000000 UTC,34210,21.521,23.7179
28255,39261,2016-02-22 05:20:00.000000 UTC,47650,21.521,27.6427
28255,39261,2016-02-20 14:16:40.000000 UTC,46030,21.5212,27.3542
39261,28255,2016-02-15 20:16:40.000000 UTC,40990,21.5215,23.9387
29093,16111,2016-02-01 02:10:00.000000 UTC,30190,21.523,24.1901
28255,39261,2016-02-20 05:40:00.000000 UTC,45490,21.5234,27.9185
28255,39261,2016-02-18 06:40:00.000000 UTC,13690,21.5244,26.2257
28255,29093,2016-02-18 04:31:40.000000 UTC,14230,21.5253,21.8437
16111,29093,2016-02-12 00:10:00.000000 UTC,21850,21.5255,26.037
28255,29093,2016-02-21 11:40:00.000000 UTC,30790,21.5264,26.7119
39261,28255,2016-02-14 15:31:40.000000 UTC,41770,21.5266,25.8284
29093,39261,2016-02-04 07:10:00.000000 UTC,39490,21.5274,28.6352
16111,28255,2016-02-07 16:16:40.000000 UTC,39910,21.528,26.3711
16111,39261,2016-02-08 04:55:00.000000 UTC,23830,21.5283,25.5508
16111,29093,2016-02-08 10:45:00.000000 UTC,31090,21.5283,27.1696
16111,39261,2016-02-06 23:20:00.000000 UTC,33610,21.5287,25.6469
29093,28255,2016-02-01 08:20:00.000000 UTC,29650,21.5293,28.3419
28255,29093,2016-02-23 00:46:40.000000 UTC,33010,21.5293,27.8261
39261,16111,2016-02-16 07:15:00.000000 UTC,32050,21.5302,21.9678
16111,28255,2016-02-11 06:16:40.000000 UTC,13990,21.5312,21.4948
29093,16111,2016-02-04 01:00:00.000000 UTC,35650,21.5318,27.7538
28255,39261,2016-02-18 07:01:40.000000 UTC,43990,21.5321,26.3183
39261,16111,2016-02-14 19:00:00.000000 UTC,46210,21.5327,27.2034
29093,28255,2016-02-01 10:30:00.000000 UTC,32590,21.5329,25.7198
16111,28255,2016-02-06 19:01:40.000000 UTC,28450,21.5334,27.5964
29093,16111,2016-02-05 22:50:00.000000 UTC,28090,21.5342,23.8155
29093,39261,2016-02-02 11:25:00.000000 UTC,37330,21.5347,27.3658
28255,29093,2016-02-20 17:55:00.000000 UTC,45550,21.5352,27.4112
16111,29093,2016-02-07 04:00:00.000000 UTC,36070,21.5354,27.9005
28255,16111,2016-02-19 20:15:00.000000 UTC,13510,21.5369,21.5246
39261,16111,2016-02-14 17:15:00.000000 UTC,31750,21.538,25.437
16111,28255,2016-02-08 23:45:00.000000 UTC,17410,21.5381,26.6002
28255,39261,2016-02-21 22:30:00.000000 UTC,29290,21.5384,27.0625
16111,29093,2016-02-08 02:10:00.000000 UTC,31090,21.5388,28.0477
16111,39261,2016-02-12 00:10:00.000000 UTC,37450,21.5401,26.8722
28255,39261,2016-02-20 14:16:40.000000 UTC,39910,21.5405,27.4565
16111,29093,2016-02-10 02:46:40.000000 UTC,31870,21.5421,26.2734
29093,28255,2016-02-01 18:30:00.000000 UTC,38170,21.5428,27.1122
29093,39261,2016-02-02 18:46:40.000000 UTC,36550,21.5428,27.618
39261,16111,2016-02-12 16:50:00.000000 UTC,42610,21.5436,27.1748
39261,16111,2016-02-12 13:55:00.000000 UTC,32650,21.5456,24.9155
39261,28255,2016-02-17 15:01:40.000000 UTC,49810,21.5461,28.78
29093,39261,2016-02-01 00:16:40.000000 UTC,43750,21.5462,27.859
29093,39261,2016-02-04 18:00:00.000000 UTC,37270,21.5465,25.0387
28255,16111,2016-02-20 02:25:00.000000 UTC,7810,21.5478,26.4096
28255,29093,2016-02-19 11:50:00.000000 UTC,37210,21.5495,28.1963
29093,39261,2016-02-01 01:50:00.000000 UTC,44170,21.5498,27.8011
29093,39261,2016-02-01 09:45:00.000000 UTC,40330,21.5514,27.1617
28255,39261,2016-02-19 18:46:40.000000 UTC,51130,21.5516,27.7629
29093,28255,2016-02-01 09:01:40.000000 UTC,42130,21.5542,27.2702
28255,39261,2016-02-18 08:16:40.000000 UTC,34270,21.5544,27.0261
29093,39261,2016-02-02 12:50:00.000000 UTC,34870,21.5548,28.0715
29093,39261,2016-02-01 07:40:00.000000 UTC,4030,21.5551,25.0183
29093,28255,2016-02-01 00:10:00.000000 UTC,12670,21.5556,26.1598
28255,16111,2016-02-23 19:15:00.000000 UTC,24790,21.5588,27.7511
29093,39261,2016-02-05 12:46:40.000000 UTC,26230,21.5607,28.137
16111,29093,2016-02-11 13:46:40.000000 UTC,33190,21.561,27.9113
39261,28255,2016-02-12 12:00:00.000000 UTC,39730,21.5617,25.6502
28255,29093,2016-02-20 19:46:40.000000 UTC,7690,21.5621,25.7288
29093,39261,2016-02-02 10:01:40.000000 UTC,17230,21.5636,21.5671
29093,28255,2016-02-03 01:10:00.000000 UTC,33190,21.5656,25.0852
29093,28255,2016-02-04 15:46:40.000000 UTC,40390,21.5663,28.6114
39261,29093,2016-02-12 13:10:00.000000 UTC,10330,21.5666,21.6777
28255,39261,2016-02-22 19:45:00.000000 UTC,48190,21.5675,27.7812
29093,39261,2016-02-05 12:46:40.000000 UTC,32230,21.5679,28.0399
28255,39261,2016-02-18 18:16:40.000000 UTC,34390,21.5684,25.9536
28255,29093,2016-02-20 09:01:40.000000 UTC,32230,21.5688,25.1
39261,29093,2016-02-14 10:31:40.000000 UTC,25930,21.5691,27.5443
16111,39261,2016-02-06 19:40:00.000000 UTC,8350,21.5695,25.7397
28255,29093,2016-02-20 02:25:00.000000 UTC,33610,21.5704,25.4704
29093,28255,2016-02-05 15:15:00.000000 UTC,39310,21.5705,28.7532
28255,29093,2016-02-18 16:35:00.000000 UTC,31270,21.5706,28.6084
16111,39261,2016-02-09 03:16:40.000000 UTC,38410,21.571,27.4652
28255,16111,2016-02-22 00:45:00.000000 UTC,34570,21.5715,26.8629
16111,39261,2016-02-07 06:25:00.000000 UTC,35290,21.572,26.9061
16111,28255,2016-02-06 21:45:00.000000 UTC,7510,21.5727,25.8667
29093,39261,2016-02-02 12:50:00.000000 UTC,35830,21.5731,24.5456
16111,29093,2016-02-07 19:46:40.000000 UTC,28510,21.5732,26.8916
39261,29093,2016-02-13 00:46:40.000000 UTC,36250,21.5735,26.2616
29093,39261,2016-02-01 15:35:00.000000 UTC,36490,21.5742,24.106
16111,29093,2016-02-09 20:31:40.000000 UTC,2170,21.5749,23.5995
29093,39261,2016-02-02 14:16:40.000000 UTC,36010,21.5768,25.3883
29093,39261,2016-02-02 15:45:00.000000 UTC,19390,21.5771,21.7186
16111,39261,2016-02-08 22:01:40.000000 UTC,34450,21.5782,26.966
39261,29093,2016-02-12 16:16:40.000000 UTC,47230,21.5787,28.2138
39261,29093,2016-02-13 04:30:00.000000 UTC,41590,21.5793,28.5453
39261,28255,2016-02-15 00:25:00.000000 UTC,47050,21.5793,27.0788
29093,39261,2016-02-04 11:25:00.000000 UTC,40870,21.5798,27.872
28255,39261,2016-02-18 13:31:40.000000 UTC,43630,21.5801,28.2993
28255,39261,2016-02-18 11:31:40.000000 UTC,40390,21.5804,27.0809
28255,29093,2016-02-18 04:46:40.000000 UTC,28870,21.5812,29.1794
39261,28255,2016-02-13 17:01:40.000000 UTC,39130,21.5815,27.8138
29093,16111,2016-02-06 01:25:00.000000 UTC,11650,21.5817,25.7881
28255,39261,2016-02-21 01:31:40.000000 UTC,43150,21.5826,27.4708
39261,29093,2016-02-12 11:01:40.000000 UTC,43330,21.5836,26.4932
28255,39261,2016-02-23 11:10:00.000000 UTC,48910,21.5844,27.7147
29093,16111,2016-02-01 12:55:00.000000 UTC,31810,21.5846,28.4745
16111,28255,2016-02-11 21:31:40.000000 UTC,36310,21.5854,27.036
16111,28255,2016-02-09 01:30:00.000000 UTC,13990,21.5857,25.8493
28255,16111,2016-02-19 10:31:40.000000 UTC,33250,21.5875,24.2117
28255,39261,2016-02-23 11:10:00.000000 UTC,43330,21.5875,26.0247
29093,16111,2016-02-01 09:01:40.000000 UTC,37330,21.5887,27.9343
28255,39261,2016-02-20 09:01:40.000000 UTC,4210,21.5894,24.4266
16111,39261,2016-02-08 09:15:00.000000 UTC,20710,21.5895,24.5301
29093,39261,2016-02-01 03:20:00.000000 UTC,39190,21.5896,25.1668
39261,16111,2016-02-13 04:30:00.000000 UTC,11350,21.5898,27.8168
16111,28255,2016-02-09 18:30:00.000000 UTC,49870,21.5902,18.0591
28255,39261,2016-02-21 07:31:40.000000 UTC,16810,21.5911,26.1677
16111,28255,2016-02-06 20:50:00.000000 UTC,37510,21.593,27.4907
28255,39261,2016-02-21 01:31:40.000000 UTC,46390,21.5936,27.7895
28255,16111,2016-02-21 20:16:40.000000 UTC,46690,21.5947,27.4284
16111,39261,2016-02-11 03:50:00.000000 UTC,33370,21.5956,24.5266
28255,39261,2016-02-21 15:55:00.000000 UTC,41770,21.596,24.8174
29093,28255,2016-02-01 03:20:00.000000 UTC,37390,21.5968,27.2543
39261,16111,2016-02-15 00:25:00.000000 UTC,44770,21.5984,27.2412
29093,16111,2016-02-02 07:20:00.000000 UTC,31330,21.5988,28.2902
28255,16111,2016-02-22 14:50:00.000000 UTC,39370,21.5989,27.9337
28255,39261,2016-02-20 16:05:00.000000 UTC,52090,21.6004,27.6391
39261,28255,2016-02-15 14:01:40.000000 UTC,5590,21.6013,21.6292
29093,28255,2016-02-01 01:31:40.000000 UTC,22570,21.6014,27.2145
28255,39261,2016-02-21 05:30:00.000000 UTC,52630,21.6015,27.7454
39261,16111,2016-02-12 23:55:00.000000 UTC,37030,21.6017,25.8206
39261,28255,2016-02-13 13:16:40.000000 UTC,48250,21.6021,27.9803
29093,28255,2016-02-05 17:45:00.000000 UTC,32650,21.6022,28.1176
16111,39261,2016-02-07 07:16:40.000000 UTC,18970,21.6026,21.6618
29093,16111,2016-02-01 20:35:00.000000 UTC,35170,21.6028,25.1262
39261,28255,2016-02-12 12:31:40.000000 UTC,40450,21.6034,28.1868
29093,39261,2016-02-04 01:00:00.000000 UTC,38950,21.6058,25.0782
16111,28255,2016-02-08 17:01:40.000000 UTC,34270,21.6058,24.4335
39261,16111,2016-02-13 13:16:40.000000 UTC,24370,21.6062,25.4193
16111,39261,2016-02-11 08:45:00.000000 UTC,39310,21.6068,26.1899
29093,39261,2016-02-01 00:35:00.000000 UTC,26410,21.607,24.6477
16111,28255,2016-02-12 05:31:40.000000 UTC,46030,21.6073,20.1161
39261,29093,2016-02-17 04:45:00.000000 UTC,39130,21.6085,24.2714
28255,39261,2016-02-23 11:10:00.000000 UTC,48550,21.6085,28.6838
39261,28255,2016-02-16 23:46:40.000000 UTC,29590,21.6098,26.6522
39261,29093,2016-02-15 14:01:40.000000 UTC,14710,21.61,21.7454
29093,39261,2016-02-01 13:46:40.000000 UTC,41350,21.6105,27.2079
39261,29093,2016-02-12 14:20:00.000000 UTC,4390,21.6109,21.463
39261,16111,2016-02-16 11:50:00.000000 UTC,35710,21.6109,25.9527
28255,39261,2016-02-20 14:16:40.000000 UTC,24070,21.6109,24.7386
28255,29093,2016-02-19 08:00:00.000000 UTC,37510,21.6114,26.5878
29093,16111,2016-02-01 00:05:00.000000 UTC,20650,21.6118,27.0508
29093,28255,2016-02-05 12:46:40.000000 UTC,17530,21.6135,25.2311
16111,39261,2016-02-06 18:30:00.000000 UTC,43810,21.6137,27.8288
28255,39261,2016-02-18 11:31:40.000000 UTC,40450,21.6141,27.2728
16111,28255,2016-02-06 21:45:00.000000 UTC,41230,21.6149,27.2536
28255,39261,2016-02-21 07:31:40.000000 UTC,31210,21.615,26.672
16111,39261,2016-02-11 16:20:00.000000 UTC,34930,21.6158,27.7724
28255,16111,2016-02-18 10:55:00.000000 UTC,37690,21.6159,23.8548
16111,39261,2016-02-12 11:00:00.000000 UTC,24970,21.6174,27.6525
16111,39261,2016-02-07 23:31:40.000000 UTC,35770,21.6182,24.2546
16111,29093,2016-02-08 12:16:40.000000 UTC,34150,21.6188,28.7081
29093,28255,2016-02-02 23:31:40.000000 UTC,34690,21.6196,26.9529
28255,39261,2016-02-23 08:31:40.000000 UTC,48910,21.6228,27.2646
39261,28255,2016-02-12 20:45:00.000000 UTC,37510,21.6229,26.1059
28255,16111,2016-02-20 07:20:00.000000 UTC,40510,21.623,27.6106
39261,16111,2016-02-15 06:05:00.000000 UTC,48610,21.6236,28.284
39261,28255,2016-02-12 20:01:40.000000 UTC,34030,21.6257,27.4545
28255,39261,2016-02-21 18:05:00.000000 UTC,47110,21.6259,27.7676
39261,16111,2016-02-14 04:15:00.000000 UTC,17290,21.6268,21.6257
28255,39261,2016-02-23 19:15:00.000000 UTC,56650,21.6271,16.9984
29093,16111,2016-02-02 01:05:00.000000 UTC,40030,21.6274,27.8746
39261,29093,2016-02-14 17:15:00.000000 UTC,47830,21.6274,24.1806
39261,28255,2016-02-14 20:46:40.000000 UTC,46630,21.6277,28.7125
29093,28255,2016-02-01 00:05:00.000000 UTC,24730,21.6298,26.5869
16111,28255,2016-02-07 00:31:40.000000 UTC,35590,21.63,28.1464
28255,39261,2016-02-18 07:01:40.000000 UTC,49570,21.6303,27.9458
39261,29093,2016-02-15 00:25:00.000000 UTC,42010,21.631,27.4666
29093,39261,2016-02-02 03:30:00.000000 UTC,35410,21.6317,27.6688
39261,28255,2016-02-17 17:40:00.000000 UTC,40450,21.6322,25.9228
28255,16111,2016-02-18 06:01:40.000000 UTC,37630,21.6322,28.4929
28255,16111,2016-02-22 00:45:00.000000 UTC,39130,21.6328,29.8618
29093,28255,2016-02-01 09:01:40.000000 UTC,38530,21.6332,27.0491
16111,29093,2016-02-07 06:25:00.000000 UTC,33790,21.6334,27.2266
28255,16111,2016-02-19 11:50:00.000000 UTC,42910,21.6354,25.9099
39261,28255,2016-02-13 13:16:40.000000 UTC,8830,21.636,25.5841
29093,28255,2016-02-04 07:10:00.000000 UTC,44890,21.6367,27.6755
16111,28255,2016-02-12 02:50:00.000000 UTC,37450,21.6378,26.671
28255,16111,2016-02-18 04:31:40.000000 UTC,34690,21.6379,25.756
39261,28255,2016-02-12 18:40:00.000000 UTC,45790,21.6392,27.2064
29093,28255,2016-02-04 20:15:00.000000 UTC,7870,21.6396,25.0013
28255,39261,2016-02-18 12:10:00.000000 UTC,49810,21.642,27.8748
39261,16111,2016-02-17 07:16:40.000000 UTC,32770,21.6424,27.7225
39261,29093,2016-02-17 20:20:00.000000 UTC,42790,21.6429,27.9209
39261,16111,2016-02-18 01:45:00.000000 UTC,47650,21.643,27.9339
16111,29093,2016-02-11 06:16:40.000000 UTC,41890,21.6435,27.419
28255,39261,2016-02-18 04:55:00.000000 UTC,40150,21.644,27.2075
16111,39261,2016-02-07 22:15:00.000000 UTC,33430,21.6444,27.9703
39261,28255,2016-02-12 11:25:00.000000 UTC,39670,21.6447,25.2942
28255,16111,2016-02-22 17:16:40.000000 UTC,26350,21.6449,19.4981
28255,16111,2016-02-18 14:15:00.000000 UTC,33130,21.6451,27.999
28255,29093,2016-02-18 14:15:00.000000 UTC,44710,21.6452,26.89
29093,28255,2016-02-05 22:50:00.000000 UTC,35950,21.6459,25.0858
28255,16111,2016-02-18 04:30:00.000000 UTC,49330,21.6468,28.2483
29093,39261,2016-02-01 01:15:00.000000 UTC,40690,21.6476,27.5165
29093,28255,2016-02-03 11:35:00.000000 UTC,5230,21.6481,26.6272
16111,39261,2016-02-10 16:01:40.000000 UTC,36790,21.6488,27.411
16111,29093,2016-02-11 06:16:40.000000 UTC,41710,21.6492,28.0311
29093,16111,2016-02-02 23:31:40.000000 UTC,6370,21.6494,25.2868
16111,29093,2016-02-07 03:15:00.000000 UTC,39310,21.6498,27.5108
28255,16111,2016-02-20 07:20:00.000000 UTC,43570,21.6507,28.1016
39261,29093,2016-02-14 20:46:40.000000 UTC,51670,21.651,28.0177
16111,28255,2016-02-06 23:55:00.000000 UTC,38170,21.6516,27.2646
28255,29093,2016-02-18 07:01:40.000000 UTC,7390,21.6523,21.618
28255,39261,2016-02-21 03:30:00.000000 UTC,12130,21.6543,21.7711
16111,29093,2016-02-11 11:15:00.000000 UTC,25810,21.6547,23.4475
16111,29093,2016-02-08 07:46:40.000000 UTC,36730,21.6549,27.7077
39261,28255,2016-02-15 08:01:40.000000 UTC,23530,21.655,23.2878
16111,39261,2016-02-06 22:15:00.000000 UTC,44890,21.6553,27.6868
39261,29093,2016-02-12 11:16:40.000000 UTC,48430,21.6557,28.2196
28255,16111,2016-02-18 08:16:40.000000 UTC,37930,21.6561,25.5761
16111,39261,2016-02-11 13:46:40.000000 UTC,36910,21.6563,27.358
28255,39261,2016-02-20 14:16:40.000000 UTC,38290,21.6567,16.4565
29093,28255,2016-02-01 19:31:40.000000 UTC,38710,21.6569,26.0309
39261,29093,2016-02-12 13:55:00.000000 UTC,39190,21.6571,27.6555
16111,29093,2016-02-07 15:10:00.000000 UTC,29950,21.6574,24.2595
28255,39261,2016-02-21 09:35:00.000000 UTC,37030,21.6596,25.7882
16111,28255,2016-02-06 21:16:40.000000 UTC,7390,21.6606,25.8216
16111,28255,2016-02-08 00:50:00.000000 UTC,53410,21.6611,28.2309
28255,16111,2016-02-22 19:45:00.000000 UTC,46810,21.6611,28.1663
29093,16111,2016-02-01 21:40:00.000000 UTC,29110,21.6612,26.8242
29093,39261,2016-02-01 22:46:40.000000 UTC,34270,21.6618,27.8474
29093,16111,2016-02-02 07:20:00.000000 UTC,39850,21.6618,27.9398
16111,39261,2016-02-07 23:31:40.000000 UTC,28030,21.662,26.8838
28255,39261,2016-02-22 14:50:00.000000 UTC,37870,21.6631,24.1962
29093,39261,2016-02-01 02:55:00.000000 UTC,8830,21.6634,25.0132
28255,39261,2016-02-19 14:31:40.000000 UTC,50950,21.6638,27.8734
16111,29093,2016-02-06 23:55:00.000000 UTC,35950,21.664,27.9115
39261,28255,2016-02-12 11:00:00.000000 UTC,43030,21.664,28.8323
39261,28255,2016-02-12 19:20:00.000000 UTC,50530,21.6641,17.72
28255,39261,2016-02-22 12:25:00.000000 UTC,36490,21.6655,25.0228
39261,29093,2016-02-16 09:31:40.000000 UTC,40030,21.6656,28.3914
28255,16111,2016-02-18 07:50:00.000000 UTC,33970,21.6657,25.8017
28255,39261,2016-02-18 12:50:00.000000 UTC,33790,21.6657,24.3375
16111,39261,2016-02-10 02:46:40.000000 UTC,24550,21.6664,26.5771
28255,16111,2016-02-21 22:30:00.000000 UTC,14110,21.6664,21.6569
39261,16111,2016-02-12 14:20:00.000000 UTC,48670,21.6665,28.0967
39261,16111,2016-02-12 11:05:00.000000 UTC,49510,21.6666,28.158
16111,39261,2016-02-09 18:30:00.000000 UTC,33970,21.6674,27.7402
28255,29093,2016-02-18 04:55:00.000000 UTC,36970,21.6674,25.2713
28255,29093,2016-02-20 12:30:00.000000 UTC,50650,21.6677,28.9231
29093,16111,2016-02-03 15:16:40.000000 UTC,33850,21.6681,26.2252
28255,29093,2016-02-20 10:45:00.000000 UTC,29230,21.6688,29.4056
39261,29093,2016-02-13 17:01:40.000000 UTC,38350,21.6699,27.6194
16111,29093,2016-02-10 09:16:40.000000 UTC,26830,21.67,27.6584
28255,39261,2016-02-23 19:15:00.000000 UTC,43270,21.672,27.4058
29093,28255,2016-02-01 00:46:40.000000 UTC,4990,21.6723,25.7653
29093,16111,2016-02-02 03:30:00.000000 UTC,34990,21.6723,25.239
29093,16111,2016-02-01 13:46:40.000000 UTC,37030,21.6728,27.286
39261,28255,2016-02-13 12:05:00.000000 UTC,45490,21.6728,28.5008
28255,39261,2016-02-18 20:05:00.000000 UTC,37930,21.6735,28.0042
16111,29093,2016-02-09 16:30:00.000000 UTC,37630,21.6741,27.9518
39261,29093,2016-02-13 17:01:40.000000 UTC,15610,21.6742,26.3326
29093,39261,2016-02-06 04:01:40.000000 UTC,20830,21.6746,28.4215
28255,39261,2016-02-21 22:30:00.000000 UTC,42190,21.6751,24.2329
28255,16111,2016-02-19 21:45:00.000000 UTC,40930,21.6752,24.7603
28255,39261,2016-02-18 10:55:00.000000 UTC,42130,21.6773,16.5066
39261,28255,2016-02-15 00:25:00.000000 UTC,18010,21.6774,22.0704
39261,16111,2016-02-15 04:10:00.000000 UTC,35110,21.6777,28.1075
28255,39261,2016-02-21 18:05:00.000000 UTC,11950,21.6782,21.7125
16111,39261,2016-02-07 05:35:00.000000 UTC,24190,21.679,18.9068
28255,16111,2016-02-20 05:40:00.000000 UTC,40990,21.6792,27.9848
16111,39261,2016-02-07 01:10:00.000000 UTC,35890,21.6793,25.9518
29093,16111,2016-02-01 01:15:00.000000 UTC,40690,21.6817,27.7195
29093,28255,2016-02-02 10:01:40.000000 UTC,34870,21.6817,28.7931
28255,39261,2016-02-20 02:25:00.000000 UTC,42190,21.682,27.5198
16111,29093,2016-02-07 19:46:40.000000 UTC,12850,21.6822,19.1011
29093,28255,2016-02-02 01:05:00.000000 UTC,25870,21.6824,18.4852
16111,39261,2016-02-07 03:15:00.000000 UTC,36430,21.6829,25.8726
16111,28255,2016-02-07 09:05:00.000000 UTC,43810,21.6833,27.6772
16111,28255,2016-02-12 02:50:00.000000 UTC,41230,21.6843,27.0803
29093,28255,2016-02-02 02:16:40.000000 UTC,4870,21.6849,21.725
39261,29093,2016-02-14 15:31:40.000000 UTC,24790,21.6876,27.3265
29093,28255,2016-02-02 23:31:40.000000 UTC,20110,21.6878,28.0741
16111,28255,2016-02-11 03:50:00.000000 UTC,35890,21.6895,26.4404
28255,16111,2016-02-18 11:31:40.000000 UTC,39130,21.6898,27.6098
16111,39261,2016-02-12 00:10:00.000000 UTC,43270,21.6899,27.7605
39261,16111,2016-02-12 11:10:00.000000 UTC,49510,21.6902,28.077
29093,16111,2016-02-06 01:25:00.000000 UTC,6070,21.6903,25.7161
39261,28255,2016-02-14 17:15:00.000000 UTC,35170,21.6906,27.5844
16111,29093,2016-02-07 11:00:00.000000 UTC,39490,21.6909,27.5835
28255,16111,2016-02-18 12:10:00.000000 UTC,47650,21.6912,28.1811
28255,39261,2016-02-22 17:16:40.000000 UTC,48070,21.6919,27.8755
29093,16111,2016-02-01 12:55:00.000000 UTC,40450,21.6923,27.5466
16111,28255,2016-02-07 16:16:40.000000 UTC,45430,21.6926,28.0473
16111,39261,2016-02-10 02:46:40.000000 UTC,38290,21.6931,24.633
39261,29093,2016-02-12 17:25:00.000000 UTC,37630,21.6932,24.7439
29093,39261,2016-02-02 03:30:00.000000 UTC,17050,21.6942,26.4604
16111,39261,2016-02-12 00:10:00.000000 UTC,38050,21.6947,24.4556
28255,16111,2016-02-20 04:01:40.000000 UTC,41290,21.6948,27.773
29093,39261,2016-02-02 18:46:40.000000 UTC,27430,21.6952,28.1179
28255,16111,2016-02-22 03:01:40.000000 UTC,50590,21.6953,28.129
39261,29093,2016-02-13 07:35:00.000000 UTC,34090,21.6967,23.7022
28255,16111,2016-02-20 00:50:00.000000 UTC,43630,21.6975,27.9316
29093,16111,2016-02-04 05:05:00.000000 UTC,6070,21.6976,21.8106
16111,28255,2016-02-08 12:16:40.000000 UTC,38110,21.6995,28.2967
29093,16111,2016-02-06 14:45:00.000000 UTC,42790,21.6996,28.0925
16111,29093,2016-02-06 17:40:00.000000 UTC,35710,21.6997,27.624
39261,29093,2016-02-12 15:15:00.000000 UTC,53170,21.7005,28.1729
29093,28255,2016-02-03 23:00:00.000000 UTC,20290,21.7012,21.8487
16111,39261,2016-02-07 23:31:40.000000 UTC,11530,21.7016,21.7656
39261,28255,2016-02-14 07:20:00.000000 UTC,53590,21.7019,27.6946
29093,39261,2016-02-02 07:20:00.000000 UTC,31990,21.7028,15.2125
28255,29093,2016-02-20 00:50:00.000000 UTC,34450,21.703,27.6059
16111,39261,2016-02-08 02:10:00.000000 UTC,41290,21.7042,25.5957
39261,29093,2016-02-15 06:05:00.000000 UTC,49450,21.7045,28.0051
39261,28255,2016-02-12 23:55:00.000000 UTC,42550,21.7048,28.6369
28255,39261,2016-02-19 03:16:40.000000 UTC,41110,21.7058,27.1962
29093,16111,2016-02-01 20:35:00.000000 UTC,36910,21.7065,27.5913
28255,39261,2016-02-19 14:31:40.000000 UTC,15790,21.7067,21.6883
28255,16111,2016-02-19 04:25:00.000000 UTC,39250,21.7078,24.5919
39261,16111,2016-02-12 17:25:00.000000 UTC,20050,21.7079,27.0399
39261,28255,2016-02-12 11:00:00.000000 UTC,27670,21.7094,24.2411
39261,16111,2016-02-12 11:01:40.000000 UTC,41350,21.7101,29.0736
39261,28255,2016-02-12 20:01:40.000000 UTC,37030,21.7106,27.7725
28255,39261,2016-02-18 05:30:00.000000 UTC,43930,21.7107,26.2802
28255,39261,2016-02-19 08:00:00.000000 UTC,41050,21.7109,26.3285
29093,39261,2016-02-05 22:50:00.000000 UTC,38590,21.7111,25.0425
29093,39261,2016-02-06 14:45:00.000000 UTC,32230,21.7132,25.9598
39261,16111,2016-02-16 05:00:00.000000 UTC,39250,21.7136,26.4797
39261,16111,2016-02-17 02:15:00.000000 UTC,43390,21.7139,24.899
39261,29093,2016-02-13 19:40:00.000000 UTC,46810,21.7141,26.5129
29093,28255,2016-02-01 14:40:00.000000 UTC,32170,21.7147,23.6625
16111,29093,2016-02-10 23:01:40.000000 UTC,30910,21.7147,25.0423
39261,28255,2016-02-12 11:35:00.000000 UTC,43930,21.7149,26.029
39261,29093,2016-02-12 15:15:00.000000 UTC,53230,21.715,27.9898
16111,28255,2016-02-08 10:45:00.000000 UTC,33370,21.7154,15.4735
16111,28255,2016-02-09 12:35:00.000000 UTC,38770,21.7155,25.2627
28255,29093,2016-02-20 16:05:00.000000 UTC,51370,21.7168,28.1117
16111,28255,2016-02-06 23:55:00.000000 UTC,47230,21.7171,28.7995
29093,39261,2016-02-01 00:00:00.000000 UTC,25570,21.7174,27.516
29093,39261,2016-02-02 20:20:00.000000 UTC,13570,21.7174,23.7867
29093,28255,2016-02-02 23:31:40.000000 UTC,34930,21.718,27.7749
29093,28255,2016-02-01 20:35:00.000000 UTC,44470,21.7187,27.6973
29093,28255,2016-02-01 00:05:00.000000 UTC,50410,21.7198,20.122
16111,39261,2016-02-09 20:31:40.000000 UTC,5470,21.72,21.7833
28255,16111,2016-02-21 18:05:00.000000 UTC,29770,21.72,29.0751
39261,29093,2016-02-12 14:46:40.000000 UTC,9370,21.7208,19.9734
29093,39261,2016-02-04 13:35:00.000000 UTC,37990,21.7222,26.9916
16111,29093,2016-02-11 01:25:00.000000 UTC,32350,21.7224,25.7814
16111,28255,2016-02-09 08:46:40.000000 UTC,33310,21.7225,25.1607
16111,39261,2016-02-06 22:15:00.000000 UTC,22690,21.7228,23.6266
16111,28255,2016-02-07 01:50:00.000000 UTC,6730,21.7234,25.3384
39261,28255,2016-02-13 12:05:00.000000 UTC,45370,21.7245,28.1801
16111,39261,2016-02-07 00:31:40.000000 UTC,39850,21.725,26.4521
16111,28255,2016-02-06 17:40:00.000000 UTC,46030,21.7253,27.9491
39261,28255,2016-02-14 04:15:00.000000 UTC,53650,21.7259,27.8973
16111,39261,2016-02-08 02:10:00.000000 UTC,41110,21.7262,26.2938
28255,16111,2016-02-20 04:01:40.000000 UTC,31750,21.7266,28.1612
16111,39261,2016-02-06 20:50:00.000000 UTC,28210,21.7267,23.6176
39261,16111,2016-02-13 18:20:00.000000 UTC,37690,21.7279,25.4725
16111,28255,2016-02-07 12:00:00.000000 UTC,13030,21.7281,21.6247
16111,28255,2016-02-10 11:30:00.000000 UTC,38410,21.7282,24.6619
29093,28255,2016-02-02 17:15:00.000000 UTC,19570,21.7289,24.6806
16111,29093,2016-02-07 12:00:00.000000 UTC,28330,21.7291,26.8007
39261,28255,2016-02-17 17:40:00.000000 UTC,46810,21.7291,27.5079
39261,28255,2016-02-17 09:50:00.000000 UTC,50530,21.7294,27.4222
28255,16111,2016-02-19 11:50:00.000000 UTC,48130,21.7294,27.5114
28255,16111,2016-02-18 08:16:40.000000 UTC,37870,21.7298,25.8361
16111,39261,2016-02-08 18:40:00.000000 UTC,39790,21.7303,26.2387
16111,28255,2016-02-07 03:15:00.000000 UTC,38890,21.7316,27.0984
29093,28255,2016-02-03 19:05:00.000000 UTC,38710,21.7317,26.6188
39261,29093,2016-02-12 18:40:00.000000 UTC,52390,21.7323,28.0671
39261,16111,2016-02-13 19:40:00.000000 UTC,52150,21.7325,28.0355
29093,39261,2016-02-04 15:46:40.000000 UTC,39130,21.734,28.8396
16111,28255,2016-02-10 07:05:00.000000 UTC,42130,21.7344,28.9342
28255,16111,2016-02-22 14:50:00.000000 UTC,29710,21.7347,24.4495
29093,28255,2016-02-01 20:35:00.000000 UTC,44590,21.7348,27.3015
16111,39261,2016-02-06 20:01:40.000000 UTC,28150,21.7353,24.5251
39261,28255,2016-02-12 17:25:00.000000 UTC,20410,21.7354,21.7482
28255,29093,2016-02-18 05:30:00.000000 UTC,43150,21.7366,28.0785
29093,28255,2016-02-01 01:31:40.000000 UTC,12910,21.7367,25.9673
39261,28255,2016-02-14 12:10:00.000000 UTC,42850,21.7372,17.0612
28255,39261,2016-02-23 13:50:00.000000 UTC,55030,21.7379,27.8197
29093,16111,2016-02-02 14:16:40.000000 UTC,34750,21.7399,25.0714
29093,16111,2016-02-01 02:31:40.000000 UTC,40210,21.7406,29.1465
29093,39261,2016-02-03 15:16:40.000000 UTC,7750,21.7406,25.4672
29093,28255,2016-02-03 19:05:00.000000 UTC,38890,21.7407,27.2436
28255,29093,2016-02-18 10:55:00.000000 UTC,45130,21.7412,27.7403
39261,28255,2016-02-18 01:45:00.000000 UTC,28450,21.7418,26.3475
39261,16111,2016-02-16 23:46:40.000000 UTC,28870,21.7419,26.6025
28255,39261,2016-02-18 09:15:00.000000 UTC,49930,21.7429,27.0448
28255,16111,2016-02-23 05:55:00.000000 UTC,39610,21.7431,25.4554
16111,29093,2016-02-07 12:00:00.000000 UTC,35410,21.7438,24.2001
16111,39261,2016-02-12 02:50:00.000000 UTC,40690,21.7438,27.8241
39261,28255,2016-02-14 04:15:00.000000 UTC,53710,21.7439,27.72
28255,16111,2016-02-21 15:55:00.000000 UTC,41950,21.7442,27.801
16111,39261,2016-02-06 19:01:40.000000 UTC,14770,21.7443,21.7727
28255,39261,2016-02-19 11:50:00.000000 UTC,51790,21.7453,24.3819
28255,39261,2016-02-19 01:05:00.000000 UTC,50470,21.7467,27.5765
16111,28255,2016-02-10 02:46:40.000000 UTC,37930,21.7477,26.7182
39261,28255,2016-02-13 22:25:00.000000 UTC,36730,21.7479,24.8451
39261,28255,2016-02-14 19:00:00.000000 UTC,46990,21.7485,27.9727
16111,29093,2016-02-11 08:45:00.000000 UTC,36790,21.7488,25.3187
39261,29093,2016-02-16 14:10:00.000000 UTC,52210,21.7489,30.1229
16111,39261,2016-02-08 12:16:40.000000 UTC,43570,21.7492,27.8707
28255,39261,2016-02-18 17:25:00.000000 UTC,14170,21.7499,26.1282
28255,39261,2016-02-18 04:31:40.000000 UTC,49990,21.75,26.1223
28255,16111,2016-02-18 04:30:00.000000 UTC,41110,21.7516,28.8862
28255,16111,2016-02-18 08:16:40.000000 UTC,33490,21.752,24.0716
16111,39261,2016-02-08 15:25:00.000000 UTC,44470,21.7523,27.8707
16111,39261,2016-02-09 10:40:00.000000 UTC,37990,21.7524,27.187
39261,29093,2016-02-17 04:45:00.000000 UTC,15850,21.753,27.3061
16111,29093,2016-02-12 08:15:00.000000 UTC,33070,21.7533,25.4342
39261,29093,2016-02-16 21:20:00.000000 UTC,45370,21.7546,28.7763
28255,39261,2016-02-18 04:30:00.000000 UTC,55570,21.7555,27.7388
16111,29093,2016-02-08 22:01:40.000000 UTC,37210,21.7558,28.1589
28255,39261,2016-02-19 09:15:00.000000 UTC,44830,21.7561,27.2746
39261,29093,2016-02-12 11:05:00.000000 UTC,45490,21.7565,27.7917
16111,39261,2016-02-06 21:16:40.000000 UTC,28690,21.7566,25.4289
39261,29093,2016-02-13 00:46:40.000000 UTC,42250,21.7568,27.8501
28255,39261,2016-02-19 17:20:00.000000 UTC,41770,21.759,27.46
28255,39261,2016-02-19 21:45:00.000000 UTC,51310,21.76,27.626
39261,16111,2016-02-12 11:00:00.000000 UTC,43450,21.7603,29.3557
29093,28255,2016-02-01 22:46:40.000000 UTC,38710,21.7605,28.3244
16111,29093,2016-02-09 18:30:00.000000 UTC,40810,21.7607,27.9146
16111,28255,2016-02-08 12:16:40.000000 UTC,35110,21.7608,27.927
16111,29093,2016-02-07 17:25:00.000000 UTC,35530,21.7609,24.2441
39261,28255,2016-02-17 23:01:40.000000 UTC,40150,21.7616,25.6903
29093,16111,2016-02-01 04:45:00.000000 UTC,31930,21.7625,28.0505
39261,29093,2016-02-13 15:45:00.000000 UTC,44410,21.7634,28.2505
28255,29093,2016-02-20 21:40:00.000000 UTC,39070,21.7634,27.5872
39261,16111,2016-02-13 04:30:00.000000 UTC,50470,21.7637,28.2462
39261,28255,2016-02-12 11:35:00.000000 UTC,31570,21.7646,27.2038
16111,29093,2016-02-07 22:15:00.000000 UTC,25270,21.7649,27.5116
39261,16111,2016-02-14 01:16:40.000000 UTC,28330,21.7649,27.4448
28255,39261,2016-02-20 23:35:00.000000 UTC,52390,21.7653,27.8239
29093,28255,2016-02-02 01:05:00.000000 UTC,33250,21.7664,28.1081
28255,16111,2016-02-20 09:01:40.000000 UTC,42430,21.7669,29.9589
28255,29093,2016-02-21 20:16:40.000000 UTC,45670,21.7672,28.2225
29093,39261,2016-02-01 01:15:00.000000 UTC,44170,21.7685,27.3252
29093,28255,2016-02-02 17:15:00.000000 UTC,31810,21.7716,23.6132
28255,39261,2016-02-21 09:35:00.000000 UTC,52150,21.7717,29.4665
39261,28255,2016-02-12 21:30:00.000000 UTC,37930,21.7726,24.2094
16111,29093,2016-02-08 23:45:00.000000 UTC,13090,21.7743,21.779
16111,28255,2016-02-08 02:10:00.000000 UTC,20530,21.7747,26.6162
29093,28255,2016-02-02 07:20:00.000000 UTC,40990,21.7748,26.8145
16111,29093,2016-02-06 20:50:00.000000 UTC,44770,21.7751,27.6368
16111,39261,2016-02-08 02:10:00.000000 UTC,34390,21.7752,28.3505
39261,28255,2016-02-17 12:25:00.000000 UTC,50050,21.7752,28.4323
39261,29093,2016-02-13 17:01:40.000000 UTC,38770,21.7753,28.8877
28255,16111,2016-02-19 18:46:40.000000 UTC,51910,21.7755,28.4225
29093,16111,2016-02-06 04:01:40.000000 UTC,42910,21.7756,28.6265
28255,29093,2016-02-22 14:50:00.000000 UTC,3610,21.7757,21.8359
29093,28255,2016-02-06 14:45:00.000000 UTC,44530,21.7759,28.1481
39261,16111,2016-02-13 19:40:00.000000 UTC,46930,21.7762,26.5718
39261,28255,2016-02-12 23:55:00.000000 UTC,13870,21.7767,23.7788
29093,28255,2016-02-04 01:00:00.000000 UTC,38290,21.7768,24.9437
29093,39261,2016-02-01 08:20:00.000000 UTC,39970,21.777,27.1776
16111,28255,2016-02-09 14:31:40.000000 UTC,14950,21.7771,26.7641
39261,28255,2016-02-12 12:31:40.000000 UTC,49570,21.7772,27.2335
29093,39261,2016-02-02 21:55:00.000000 UTC,20290,21.7786,21.8784
16111,29093,2016-02-07 04:46:40.000000 UTC,34030,21.7787,26.0473
28255,29093,2016-02-22 07:40:00.000000 UTC,29230,21.7804,27.6702
39261,28255,2016-02-14 10:31:40.000000 UTC,37450,21.7805,24.188
16111,28255,2016-02-07 19:46:40.000000 UTC,57370,21.7815,30.2555
16111,28255,2016-02-09 06:55:00.000000 UTC,14650,21.7819,21.8145
28255,39261,2016-02-19 17:20:00.000000 UTC,37450,21.7823,26.9136
28255,29093,2016-02-20 05:40:00.000000 UTC,38890,21.7825,26.9436
29093,28255,2016-02-01 03:20:00.000000 UTC,41290,21.783,25.947
28255,39261,2016-02-18 12:50:00.000000 UTC,50290,21.7841,26.3261
39261,16111,2016-02-13 00:46:40.000000 UTC,14950,21.7845,27.6019
39261,28255,2016-02-13 09:46:40.000000 UTC,8530,21.7848,21.6159
29093,39261,2016-02-02 17:15:00.000000 UTC,13030,21.785,21.8373
29093,28255,2016-02-05 07:55:00.000000 UTC,26830,21.7854,24.7453
28255,29093,2016-02-18 04:40:00.000000 UTC,43210,21.7856,27.6705
29093,16111,2016-02-01 04:15:00.000000 UTC,46150,21.7861,28.0961
29093,16111,2016-02-04 11:25:00.000000 UTC,38650,21.7861,27.5035
28255,16111,2016-02-20 10:45:00.000000 UTC,46990,21.7863,27.1984
39261,28255,2016-02-14 08:55:00.000000 UTC,41410,21.7867,27.956
28255,16111,2016-02-21 13:46:40.000000 UTC,9790,21.7867,21.7757
16111,39261,2016-02-07 13:01:40.000000 UTC,36550,21.7869,28.8489
39261,16111,2016-02-13 15:45:00.000000 UTC,12550,21.787,23.2024
29093,39261,2016-02-02 12:50:00.000000 UTC,12670,21.7871,21.7926
39261,28255,2016-02-12 11:46:40.000000 UTC,55390,21.7871,27.8463
39261,29093,2016-02-14 02:45:00.000000 UTC,41290,21.7871,26.4658
16111,29093,2016-02-07 23:31:40.000000 UTC,36370,21.7877,27.2364
39261,28255,2016-02-13 00:46:40.000000 UTC,45490,21.7894,27.0335
29093,39261,2016-02-02 20:20:00.000000 UTC,25270,21.7896,25.8532
39261,28255,2016-02-15 04:10:00.000000 UTC,13750,21.7896,27.4357
29093,16111,2016-02-01 02:55:00.000000 UTC,37510,21.7904,28.0058
39261,29093,2016-02-12 15:45:00.000000 UTC,19390,21.7907,27.2358
28255,39261,2016-02-18 12:50:00.000000 UTC,50350,21.7922,26.1139
39261,29093,2016-02-13 01:40:00.000000 UTC,41830,21.7932,27.1208
29093,39261,2016-02-03 09:46:40.000000 UTC,36190,21.7943,24.0628
39261,29093,2016-02-17 09:50:00.000000 UTC,48430,21.7955,27.7249
29093,39261,2016-02-01 20:35:00.000000 UTC,43330,21.7963,26.4227
16111,39261,2016-02-06 22:15:00.000000 UTC,28630,21.7965,23.7263
39261,28255,2016-02-13 21:01:40.000000 UTC,38650,21.7971,26.7033
16111,39261,2016-02-10 11:30:00.000000 UTC,39430,21.7987,25.6305
29093,39261,2016-02-03 08:00:00.000000 UTC,42670,21.7989,27.7077
28255,29093,2016-02-18 05:16:40.000000 UTC,46150,21.7989,28.1878
29093,28255,2016-02-01 02:10:00.000000 UTC,38890,21.7992,25.6419
39261,29093,2016-02-16 14:10:00.000000 UTC,47530,21.8006,27.458
16111,28255,2016-02-06 23:55:00.000000 UTC,41950,21.8012,26.4622
39261,28255,2016-02-14 15:31:40.000000 UTC,36730,21.8012,19.4478
16111,28255,2016-02-06 18:30:00.000000 UTC,57790,21.8022,29.2557
16111,29093,2016-02-10 07:05:00.000000 UTC,26230,21.8033,25.368
29093,39261,2016-02-02 18:46:40.000000 UTC,36730,21.8035,27.0284
39261,29093,2016-02-14 02:45:00.000000 UTC,41710,21.8036,27.933
29093,16111,2016-02-03 06:15:00.000000 UTC,7750,21.8037,26.0642
28255,39261,2016-02-18 07:01:40.000000 UTC,46270,21.8037,27.3511
39261,28255,2016-02-13 21:01:40.000000 UTC,18430,21.8041,26.4507
28255,39261,2016-02-20 10:45:00.000000 UTC,4090,21.8049,25.2708
39261,28255,2016-02-13 19:40:00.000000 UTC,53710,21.8053,28.7263
28255,39261,2016-02-18 21:01:40.000000 UTC,56290,21.8055,27.7147
29093,39261,2016-02-06 06:40:00.000000 UTC,40510,21.806,25.4862
16111,39261,2016-02-07 08:10:00.000000 UTC,35950,21.8071,26.3971
39261,29093,2016-02-12 23:55:00.000000 UTC,42310,21.8074,27.3625
28255,39261,2016-02-21 22:30:00.000000 UTC,13510,21.8074,25.8063
16111,28255,2016-02-12 11:00:00.000000 UTC,33850,21.8084,27.9686
28255,16111,2016-02-22 00:45:00.000000 UTC,42490,21.8085,27.8967
39261,28255,2016-02-17 12:25:00.000000 UTC,50590,21.8105,26.8063
16111,39261,2016-02-06 17:35:00.000000 UTC,27370,21.8111,23.9223
16111,29093,2016-02-12 08:15:00.000000 UTC,26230,21.8122,24.0859
28255,29093,2016-02-23 00:46:40.000000 UTC,7930,21.8122,21.7855
16111,29093,2016-02-08 04:55:00.000000 UTC,20050,21.8123,28.5543
28255,39261,2016-02-18 20:05:00.000000 UTC,50230,21.8128,27.6457
39261,16111,2016-02-13 18:20:00.000000 UTC,46870,21.8136,28.067
39261,28255,2016-02-17 20:20:00.000000 UTC,46570,21.814,27.0503
29093,28255,2016-02-01 11:16:40.000000 UTC,48610,21.8148,27.3656
16111,29093,2016-02-08 10:45:00.000000 UTC,30970,21.815,26.6949
29093,39261,2016-02-01 01:15:00.000000 UTC,33910,21.8152,24.4172
39261,29093,2016-02-17 20:20:00.000000 UTC,51310,21.8165,28.4063
29093,16111,2016-02-01 17:30:00.000000 UTC,45190,21.8172,29.878
16111,28255,2016-02-06 18:45:00.000000 UTC,40450,21.8174,27.4471
16111,28255,2016-02-08 10:45:00.000000 UTC,31750,21.8183,28.2505
28255,39261,2016-02-19 11:50:00.000000 UTC,29230,21.8197,26.0988
29093,28255,2016-02-04 20:15:00.000000 UTC,1630,21.8199,22.1016
29093,39261,2016-02-01 07:01:40.000000 UTC,28810,21.82,20.1461
28255,29093,2016-02-18 07:25:00.000000 UTC,37090,21.8205,27.7529
16111,39261,2016-02-10 00:40:00.000000 UTC,10030,21.8206,23.1082
39261,29093,2016-02-17 09:50:00.000000 UTC,39730,21.8208,27.9583
16111,39261,2016-02-07 09:05:00.000000 UTC,32530,21.8214,27.3515
39261,29093,2016-02-13 07:35:00.000000 UTC,50590,21.8214,13.5362
28255,29093,2016-02-20 12:30:00.000000 UTC,18490,21.8233,26.7539
29093,39261,2016-02-02 14:16:40.000000 UTC,7510,21.8237,25.8835
16111,28255,2016-02-08 09:15:00.000000 UTC,43210,21.8239,28.8155
16111,39261,2016-02-11 03:50:00.000000 UTC,33550,21.824,25.3196
29093,28255,2016-02-03 02:50:00.000000 UTC,39610,21.8248,24.9463
16111,39261,2016-02-09 20:31:40.000000 UTC,40810,21.8248,27.1877
39261,28255,2016-02-14 08:55:00.000000 UTC,44590,21.8255,28.3266
29093,28255,2016-02-01 09:01:40.000000 UTC,13930,21.8256,21.8248
39261,16111,2016-02-12 16:50:00.000000 UTC,53590,21.8266,28.1549
29093,39261,2016-02-06 06:40:00.000000 UTC,27970,21.8269,26.8993
39261,16111,2016-02-12 22:16:40.000000 UTC,37390,21.8274,25.5353
39261,28255,2016-02-12 15:45:00.000000 UTC,43870,21.8276,25.6309
39261,28255,2016-02-14 19:00:00.000000 UTC,40870,21.8277,28.2532
39261,28255,2016-02-17 02:15:00.000000 UTC,41770,21.8281,28.0795
16111,39261,2016-02-08 12:16:40.000000 UTC,15910,21.8287,26.4757
39261,28255,2016-02-12 15:45:00.000000 UTC,49690,21.8287,26.3502
28255,39261,2016-02-22 07:40:00.000000 UTC,46090,21.8296,17.3511
28255,39261,2016-02-19 08:00:00.000000 UTC,45010,21.8297,26.4978
28255,39261,2016-02-22 12:25:00.000000 UTC,29530,21.83,28.1833
16111,39261,2016-02-07 08:10:00.000000 UTC,37510,21.8303,24.6716
29093,39261,2016-02-01 00:01:40.000000 UTC,43750,21.8304,27.6317
39261,28255,2016-02-17 02:15:00.000000 UTC,35650,21.8304,27.4291
39261,28255,2016-02-15 20:16:40.000000 UTC,48850,21.8309,27.8934
28255,16111,2016-02-21 11:40:00.000000 UTC,31870,21.8314,26.8975
16111,29093,2016-02-09 20:31:40.000000 UTC,37810,21.8323,28.2414
29093,16111,2016-02-05 22:50:00.000000 UTC,28450,21.833,25.6428
16111,39261,2016-02-06 18:45:00.000000 UTC,43750,21.8345,28.1939
16111,29093,2016-02-09 05:05:00.000000 UTC,13210,21.8346,21.9297
28255,16111,2016-02-21 03:30:00.000000 UTC,24550,21.8348,25.8618
39261,29093,2016-02-12 21:30:00.000000 UTC,8770,21.8354,25.9782
16111,28255,2016-02-07 09:05:00.000000 UTC,36190,21.836,17.6699
16111,28255,2016-02-07 06:25:00.000000 UTC,20650,21.8365,17.3431
16111,28255,2016-02-11 21:31:40.000000 UTC,28510,21.8366,24.6549
29093,39261,2016-02-06 01:25:00.000000 UTC,39310,21.8368,24.95
28255,16111,2016-02-18 23:00:00.000000 UTC,50770,21.8372,28.3217
28255,39261,2016-02-19 11:50:00.000000 UTC,51730,21.8373,24.6281
39261,16111,2016-02-14 01:16:40.000000 UTC,36010,21.8378,26.035
39261,28255,2016-02-17 12:25:00.000000 UTC,43870,21.8381,28.8234
29093,28255,2016-02-01 17:30:00.000000 UTC,40450,21.8386,27.6511
39261,28255,2016-02-18 01:45:00.000000 UTC,49990,21.839,26.9224
29093,28255,2016-02-01 04:45:00.000000 UTC,41770,21.8398,25.1985
39261,29093,2016-02-13 14:30:00.000000 UTC,21910,21.8398,26.7384
39261,16111,2016-02-12 16:16:40.000000 UTC,45130,21.8404,27.8944
28255,29093,2016-02-21 20:16:40.000000 UTC,45250,21.8407,29.3108
29093,39261,2016-02-05 00:50:00.000000 UTC,40870,21.8408,27.0857
16111,28255,2016-02-06 20:01:40.000000 UTC,46570,21.8408,28.0826
39261,28255,2016-02-13 13:16:40.000000 UTC,38410,21.841,24.5861
16111,39261,2016-02-11 06:16:40.000000 UTC,15010,21.8418,21.9011
28255,39261,2016-02-19 14:31:40.000000 UTC,47650,21.8423,27.4935
16111,28255,2016-02-11 03:50:00.000000 UTC,51850,21.8431,16.7553
28255,29093,2016-02-20 07:20:00.000000 UTC,38410,21.8437,26.3412
28255,16111,2016-02-21 03:30:00.000000 UTC,44710,21.8443,27.8904
16111,29093,2016-02-11 08:45:00.000000 UTC,38650,21.8444,27.9072
16111,39261,2016-02-07 04:00:00.000000 UTC,17230,21.8462,22.5131
28255,39261,2016-02-19 21:45:00.000000 UTC,23770,21.8464,26.6587
29093,39261,2016-02-01 17:30:00.000000 UTC,8110,21.8467,25.5237
39261,28255,2016-02-12 17:25:00.000000 UTC,43810,21.8483,25.5866
28255,39261,2016-02-19 02:10:00.000000 UTC,40570,21.8509,25.4579
29093,28255,2016-02-01 04:45:00.000000 UTC,25810,21.8512,26.9763
39261,16111,2016-02-12 18:01:40.000000 UTC,44710,21.8513,28.0021
39261,16111,2016-02-12 13:10:00.000000 UTC,40210,21.8514,27.2134
39261,28255,2016-02-15 02:16:40.000000 UTC,37630,21.8531,27.4897
39261,16111,2016-02-12 21:30:00.000000 UTC,14170,21.8532,21.8672
28255,39261,2016-02-18 18:16:40.000000 UTC,9610,21.8532,21.8493
28255,39261,2016-02-22 22:15:00.000000 UTC,48370,21.8536,27.6204
39261,28255,2016-02-12 11:10:00.000000 UTC,55450,21.854,27.7925
39261,28255,2016-02-13 14:30:00.000000 UTC,42130,21.8541,28.1318
28255,16111,2016-02-20 09:01:40.000000 UTC,16210,21.8542,21.8959
16111,39261,2016-02-10 11:30:00.000000 UTC,35110,21.8548,25.9214
28255,29093,2016-02-23 16:31:40.000000 UTC,39610,21.8554,28.1958
39261,29093,2016-02-16 23:46:40.000000 UTC,50770,21.8558,28.0058
16111,39261,2016-02-09 22:35:00.000000 UTC,40690,21.8561,29.2282
28255,16111,2016-02-20 17:55:00.000000 UTC,37690,21.8563,25.7571
28255,39261,2016-02-20 16:05:00.000000 UTC,52510,21.8571,26.2793
39261,16111,2016-02-12 23:05:00.000000 UTC,40930,21.8585,27.307
29093,16111,2016-02-01 06:25:00.000000 UTC,40090,21.8586,29.1884
29093,28255,2016-02-06 09:20:00.000000 UTC,49330,21.8592,28.2544
16111,29093,2016-02-06 18:30:00.000000 UTC,49690,21.8598,29.8587
39261,28255,2016-02-12 22:16:40.000000 UTC,37990,21.8599,23.7919
39261,28255,2016-02-12 11:00:00.000000 UTC,49810,21.86,26.6593
16111,28255,2016-02-08 20:20:00.000000 UTC,46150,21.8603,28.0542
28255,39261,2016-02-19 17:20:00.000000 UTC,41830,21.8604,27.6407
16111,29093,2016-02-07 02:31:40.000000 UTC,39130,21.8609,28.0131
39261,29093,2016-02-14 20:46:40.000000 UTC,42850,21.8617,27.4109
39261,28255,2016-02-17 15:01:40.000000 UTC,56170,21.8617,27.8583
16111,28255,2016-02-11 06:16:40.000000 UTC,42970,21.8618,24.4685
16111,39261,2016-02-06 17:31:40.000000 UTC,34270,21.8619,27.7863
29093,28255,2016-02-02 06:01:40.000000 UTC,14950,21.8645,28.102
28255,39261,2016-02-21 15:55:00.000000 UTC,38050,21.8647,28.229
16111,39261,2016-02-11 18:55:00.000000 UTC,42370,21.8651,25.4914
16111,39261,2016-02-12 00:10:00.000000 UTC,33730,21.8654,26.9966
28255,16111,2016-02-19 06:46:40.000000 UTC,44770,21.8655,13.6448
28255,39261,2016-02-18 04:46:40.000000 UTC,54850,21.8664,29.5098
39261,29093,2016-02-13 04:30:00.000000 UTC,12910,21.8668,26.3595
29093,16111,2016-02-01 00:10:00.000000 UTC,9070,21.867,24.9731
28255,39261,2016-02-22 10:01:40.000000 UTC,52210,21.8672,16.5363
16111,39261,2016-02-10 02:46:40.000000 UTC,30490,21.8674,26.9704
28255,16111,2016-02-20 07:20:00.000000 UTC,43750,21.8675,27.498
39261,29093,2016-02-14 19:00:00.000000 UTC,14710,21.8689,24.7739
28255,29093,2016-02-19 15:55:00.000000 UTC,44950,21.8691,27.9344
39261,28255,2016-02-15 22:25:00.000000 UTC,42550,21.8693,27.0397
16111,28255,2016-02-07 06:25:00.000000 UTC,39910,21.8701,28.0201
16111,39261,2016-02-11 11:15:00.000000 UTC,10390,21.8707,21.8505
28255,39261,2016-02-20 05:40:00.000000 UTC,51490,21.8716,28.1538
28255,39261,2016-02-23 19:15:00.000000 UTC,49510,21.8726,26.9097
39261,28255,2016-02-16 09:31:40.000000 UTC,24130,21.8728,26.0749
16111,39261,2016-02-11 21:31:40.000000 UTC,39190,21.873,27.6981
28255,39261,2016-02-23 08:31:40.000000 UTC,33490,21.8732,27.32
39261,28255,2016-02-13 13:16:40.000000 UTC,42610,21.8738,26.8228
28255,29093,2016-02-18 23:00:00.000000 UTC,45310,21.8743,28.102
39261,28255,2016-02-13 19:40:00.000000 UTC,51070,21.8745,28.4117
29093,16111,2016-02-01 21:40:00.000000 UTC,40030,21.8746,28.1631
39261,16111,2016-02-14 19:00:00.000000 UTC,45850,21.875,28.388
28255,39261,2016-02-20 09:01:40.000000 UTC,45670,21.8751,27.8068
28255,29093,2016-02-21 05:30:00.000000 UTC,54250,21.8752,28.4416
39261,16111,2016-02-14 04:15:00.000000 UTC,40870,21.8755,26.4119
16111,28255,2016-02-12 00:10:00.000000 UTC,37210,21.8756,28.02
39261,28255,2016-02-12 16:16:40.000000 UTC,55150,21.8756,28.0224
39261,28255,2016-02-12 11:01:40.000000 UTC,46210,21.8762,27.5635
29093,39261,2016-02-03 11:35:00.000000 UTC,46750,21.8764,28.2356
16111,39261,2016-02-07 01:10:00.000000 UTC,21670,21.8771,26.9783
39261,16111,2016-02-16 02:46:40.000000 UTC,48850,21.8773,27.9026
29093,16111,2016-02-02 01:05:00.000000 UTC,40810,21.8781,24.6108
28255,16111,2016-02-23 05:55:00.000000 UTC,33550,21.8783,27.1511
28255,39261,2016-02-19 05:35:00.000000 UTC,56590,21.8784,27.9138
39261,28255,2016-02-12 20:45:00.000000 UTC,8290,21.8788,21.97
16111,39261,2016-02-12 05:31:40.000000 UTC,44830,21.8791,27.5808
39261,28255,2016-02-15 18:10:00.000000 UTC,38530,21.8794,27.765
28255,39261,2016-02-19 11:50:00.000000 UTC,35350,21.8804,26.6786
39261,28255,2016-02-14 12:10:00.000000 UTC,1510,21.8807,21.835
16111,39261,2016-02-10 13:45:00.000000 UTC,34030,21.8809,25.468
28255,39261,2016-02-18 06:20:00.000000 UTC,38410,21.8817,24.0304
16111,29093,2016-02-08 04:55:00.000000 UTC,6790,21.8819,23.6695
39261,28255,2016-02-13 10:55:00.000000 UTC,31030,21.882,25.5036
29093,28255,2016-02-02 02:16:40.000000 UTC,42370,21.8823,27.8403
39261,29093,2016-02-12 14:46:40.000000 UTC,42730,21.8831,25.1425
28255,16111,2016-02-23 08:31:40.000000 UTC,38290,21.8833,28.1624
28255,16111,2016-02-21 15:55:00.000000 UTC,43150,21.8837,12.6119
16111,39261,2016-02-08 09:15:00.000000 UTC,39310,21.8845,27.4418
16111,28255,2016-02-08 12:16:40.000000 UTC,33250,21.8862,23.8246
28255,29093,2016-02-18 04:35:00.000000 UTC,46750,21.8863,26.5669
29093,16111,2016-02-04 22:31:40.000000 UTC,34990,21.8866,27.4674
28255,29093,2016-02-19 13:10:00.000000 UTC,38410,21.8871,28.4082
39261,28255,2016-02-13 23:50:00.000000 UTC,53590,21.8877,28.6206
39261,28255,2016-02-15 00:25:00.000000 UTC,52990,21.8886,27.301
39261,16111,2016-02-12 23:55:00.000000 UTC,43210,21.8888,28.2189
16111,29093,2016-02-10 09:16:40.000000 UTC,41170,21.8889,28.179
29093,16111,2016-02-02 02:16:40.000000 UTC,36490,21.8894,26.4067
39261,28255,2016-02-13 13:16:40.000000 UTC,44290,21.8902,24.5232
29093,39261,2016-02-01 13:46:40.000000 UTC,23710,21.8903,24.6133
16111,29093,2016-02-09 06:55:00.000000 UTC,37570,21.8907,28.5354
28255,39261,2016-02-22 07:40:00.000000 UTC,35530,21.891,27.6845
39261,28255,2016-02-12 16:50:00.000000 UTC,55210,21.8914,27.7408
28255,16111,2016-02-18 17:25:00.000000 UTC,13210,21.8915,26.5174
16111,39261,2016-02-11 21:31:40.000000 UTC,32290,21.8925,24.0242
28255,29093,2016-02-20 21:40:00.000000 UTC,44830,21.8929,27.3006
39261,28255,2016-02-14 07:20:00.000000 UTC,20590,21.8939,27.3665
29093,28255,2016-02-01 19:31:40.000000 UTC,20410,21.894,27.3146
16111,28255,2016-02-12 00:10:00.000000 UTC,5650,21.8942,21.7348
39261,29093,2016-02-14 12:10:00.000000 UTC,42550,21.8948,27.452
29093,28255,2016-02-06 09:20:00.000000 UTC,43990,21.8963,26.0152
16111,28255,2016-02-10 11:30:00.000000 UTC,38050,21.8972,26.1755
28255,16111,2016-02-19 04:25:00.000000 UTC,49630,21.8972,28.1591
29093,39261,2016-02-05 10:20:00.000000 UTC,5530,21.8979,21.8855
29093,39261,2016-02-06 06:40:00.000000 UTC,21910,21.8982,27.0093
39261,28255,2016-02-12 11:25:00.000000 UTC,46090,21.8982,27.1607
29093,28255,2016-02-05 15:15:00.000000 UTC,42550,21.8986,28.4129
29093,39261,2016-02-02 10:01:40.000000 UTC,42910,21.8988,27.1877
39261,28255,2016-02-18 04:30:00.000000 UTC,55570,21.8988,27.9317
28255,29093,2016-02-23 05:55:00.000000 UTC,40810,21.8993,24.5858
39261,16111,2016-02-14 08:55:00.000000 UTC,23170,21.8997,27.0043
28255,29093,2016-02-23 08:31:40.000000 UTC,29830,21.9001,27.4295
29093,39261,2016-02-01 08:20:00.000000 UTC,28630,21.9013,23.5776
28255,29093,2016-02-18 10:20:00.000000 UTC,50830,21.9015,28.0963
29093,28255,2016-02-02 20:20:00.000000 UTC,25930,21.9019,25.9858
29093,28255,2016-02-01 07:40:00.000000 UTC,12850,21.9028,21.9213
39261,29093,2016-02-18 01:45:00.000000 UTC,41590,21.9038,28.1899
28255,39261,2016-02-20 07:20:00.000000 UTC,41830,21.904,25.5465
29093,28255,2016-02-01 00:35:00.000000 UTC,36250,21.9046,25.1351
39261,29093,2016-02-13 21:01:40.000000 UTC,23770,21.9055,26.5668
29093,16111,2016-02-01 22:46:40.000000 UTC,37150,21.9065,28.5888
16111,39261,2016-02-06 21:45:00.000000 UTC,41230,21.9065,27.2071
16111,29093,2016-02-07 13:01:40.000000 UTC,39070,21.9065,29.1643
29093,16111,2016-02-01 06:25:00.000000 UTC,46030,21.9071,28.2981
29093,28255,2016-02-04 05:05:00.000000 UTC,40930,21.9072,27.234
28255,29093,2016-02-23 16:31:40.000000 UTC,47350,21.9073,30.0145
29093,16111,2016-02-02 11:25:00.000000 UTC,7810,21.9075,22.1871
16111,29093,2016-02-08 13:50:00.000000 UTC,14170,21.9077,26.4556
28255,39261,2016-02-21 01:31:40.000000 UTC,52390,21.9077,28.0266
29093,39261,2016-02-05 20:16:40.000000 UTC,43330,21.908,27.6832
28255,39261,2016-02-20 05:40:00.000000 UTC,51550,21.9082,27.985
39261,28255,2016-02-13 08:40:00.000000 UTC,45490,21.9097,28.1284
29093,39261,2016-02-04 07:10:00.000000 UTC,45550,21.9104,28.7184
28255,16111,2016-02-18 05:45:00.000000 UTC,32830,21.9105,25.6661
28255,29093,2016-02-21 11:40:00.000000 UTC,13930,21.9107,26.5283
16111,29093,2016-02-12 08:15:00.000000 UTC,39130,21.9111,27.5019
39261,16111,2016-02-13 13:16:40.000000 UTC,45250,21.9111,28.1571
29093,16111,2016-02-02 12:50:00.000000 UTC,13870,21.9115,25.8447
29093,28255,2016-02-02 02:16:40.000000 UTC,42190,21.9117,27.2653
28255,29093,2016-02-21 03:30:00.000000 UTC,49330,21.9123,27.2536
16111,28255,2016-02-08 03:31:40.000000 UTC,40510,21.9132,27.9127
28255,16111,2016-02-21 15:55:00.000000 UTC,36310,21.9143,27.7988
28255,29093,2016-02-23 05:55:00.000000 UTC,33550,21.9147,27.1639
28255,16111,2016-02-21 20:16:40.000000 UTC,31690,21.9159,24.9466
28255,16111,2016-02-18 04:31:40.000000 UTC,54970,21.9175,28.2016
28255,39261,2016-02-18 19:10:00.000000 UTC,54550,21.9175,17.7144
29093,28255,2016-02-01 21:40:00.000000 UTC,41410,21.9183,27.8336
28255,29093,2016-02-18 12:50:00.000000 UTC,49750,21.9188,29.5811
29093,28255,2016-02-05 10:20:00.000000 UTC,48970,21.9198,17.0415
28255,29093,2016-02-18 19:10:00.000000 UTC,58870,21.9198,28.6851
29093,39261,2016-02-01 00:10:00.000000 UTC,44590,21.9208,24.6486
29093,16111,2016-02-03 11:35:00.000000 UTC,13510,21.9209,27.2195
16111,39261,2016-02-07 11:00:00.000000 UTC,36910,21.9216,25.7424
29093,16111,2016-02-01 00:05:00.000000 UTC,23530,21.9217,28.7954
16111,28255,2016-02-08 02:10:00.000000 UTC,38770,21.9221,28.2457
16111,28255,2016-02-06 19:20:00.000000 UTC,43090,21.9228,27.6121
16111,29093,2016-02-07 22:15:00.000000 UTC,34870,21.9228,24.2255
39261,29093,2016-02-13 19:40:00.000000 UTC,57670,21.9245,28.1618
16111,28255,2016-02-07 03:15:00.000000 UTC,25090,21.926,24.6573
29093,28255,2016-02-04 09:16:40.000000 UTC,35830,21.927,26.8373
16111,28255,2016-02-07 14:05:00.000000 UTC,41470,21.9272,27.1868
29093,39261,2016-02-02 14:16:40.000000 UTC,1090,21.9275,24.2484
16111,39261,2016-02-12 08:15:00.000000 UTC,45670,21.9276,27.465
29093,39261,2016-02-06 12:01:40.000000 UTC,36010,21.9278,24.7424
29093,28255,2016-02-01 00:25:00.000000 UTC,23170,21.9293,23.0155
28255,16111,2016-02-22 00:45:00.000000 UTC,42610,21.93,28.2839
39261,28255,2016-02-12 20:01:40.000000 UTC,49330,21.9312,26.9192
16111,29093,2016-02-06 19:01:40.000000 UTC,24850,21.9319,28.6515
28255,29093,2016-02-22 03:01:40.000000 UTC,55630,21.9319,28.3498
39261,16111,2016-02-16 14:10:00.000000 UTC,1810,21.9321,23.7764
28255,39261,2016-02-20 04:01:40.000000 UTC,5110,21.9325,22.0517
29093,39261,2016-02-01 03:20:00.000000 UTC,34810,21.9326,26.0668
29093,16111,2016-02-01 12:55:00.000000 UTC,35290,21.9327,25.5342
39261,28255,2016-02-15 04:10:00.000000 UTC,31570,21.9332,27.2106
28255,16111,2016-02-18 04:30:00.000000 UTC,43210,21.934,29.5141
39261,28255,2016-02-12 19:20:00.000000 UTC,49390,21.9341,26.8819
16111,29093,2016-02-10 02:46:40.000000 UTC,37510,21.9345,26.5789
16111,28255,2016-02-06 18:30:00.000000 UTC,40810,21.9354,25.9317
29093,39261,2016-02-01 09:45:00.000000 UTC,42850,21.936,27.7353
29093,16111,2016-02-02 01:05:00.000000 UTC,25690,21.9361,27.4068
29093,28255,2016-02-03 15:16:40.000000 UTC,23830,21.9362,26.6228
39261,29093,2016-02-13 06:31:40.000000 UTC,46450,21.9378,27.79
29093,28255,2016-02-05 22:50:00.000000 UTC,37510,21.9391,25.9234
29093,39261,2016-02-04 11:25:00.000000 UTC,36970,21.9392,25.3708
39261,28255,2016-02-17 04:45:00.000000 UTC,41710,21.9394,28.309
39261,28255,2016-02-12 11:16:40.000000 UTC,15490,21.9395,21.9202
39261,29093,2016-02-15 22:25:00.000000 UTC,12070,21.9397,26.1853
28255,29093,2016-02-19 14:31:40.000000 UTC,45550,21.9411,26.7184
28255,39261,2016-02-20 07:20:00.000000 UTC,51610,21.9418,28.0161
28255,29093,2016-02-20 05:40:00.000000 UTC,44770,21.9421,28.0243
16111,39261,2016-02-07 11:00:00.000000 UTC,8410,21.9422,25.7017
16111,29093,2016-02-10 18:20:00.000000 UTC,38230,21.9422,27.7744
16111,39261,2016-02-07 19:46:40.000000 UTC,29470,21.9424,27.023
28255,39261,2016-02-19 01:05:00.000000 UTC,40990,21.9425,27.1455
16111,39261,2016-02-07 04:00:00.000000 UTC,42850,21.9427,26.7385
29093,39261,2016-02-01 00:10:00.000000 UTC,49750,21.943,28.013
39261,28255,2016-02-15 00:25:00.000000 UTC,49630,21.943,27.809
28255,39261,2016-02-18 20:05:00.000000 UTC,22630,21.9434,26.5111
39261,16111,2016-02-15 02:16:40.000000 UTC,33370,21.9435,25.7799
28255,39261,2016-02-20 23:35:00.000000 UTC,30250,21.9447,24.0716
28255,39261,2016-02-21 18:05:00.000000 UTC,33550,21.9457,28.9533
39261,29093,2016-02-14 19:00:00.000000 UTC,31930,21.9462,26.6956
29093,39261,2016-02-01 12:55:00.000000 UTC,41530,21.9464,25.7813
39261,28255,2016-02-17 07:16:40.000000 UTC,35410,21.9467,27.3358
28255,29093,2016-02-18 07:01:40.000000 UTC,51490,21.9467,28.1073
29093,28255,2016-02-04 09:16:40.000000 UTC,40150,21.9469,24.4617
16111,39261,2016-02-11 06:16:40.000000 UTC,37690,21.947,28.9065
39261,16111,2016-02-16 02:46:40.000000 UTC,43990,21.9472,24.8613
28255,39261,2016-02-20 05:40:00.000000 UTC,48370,21.9477,27.7255
29093,39261,2016-02-01 12:05:00.000000 UTC,46990,21.9481,27.27
39261,28255,2016-02-14 04:15:00.000000 UTC,36670,21.9486,23.9292
16111,39261,2016-02-06 20:25:00.000000 UTC,39070,21.9497,24.7702
28255,39261,2016-02-22 22:15:00.000000 UTC,47410,21.9498,29.8134
39261,28255,2016-02-13 21:01:40.000000 UTC,52330,21.9502,29.201
29093,39261,2016-02-02 07:20:00.000000 UTC,33430,21.9504,28.05
39261,29093,2016-02-13 19:40:00.000000 UTC,51610,21.951,29.2027
39261,28255,2016-02-13 21:01:40.000000 UTC,58330,21.9511,27.6083
29093,39261,2016-02-01 02:31:40.000000 UTC,50410,21.9514,27.9295
29093,28255,2016-02-02 21:55:00.000000 UTC,26650,21.9523,24.1391
16111,28255,2016-02-07 23:31:40.000000 UTC,24730,21.9526,17.2357
39261,28255,2016-02-13 09:46:40.000000 UTC,43390,21.954,24.3671
16111,39261,2016-02-12 05:31:40.000000 UTC,29470,21.9543,27.6037
16111,28255,2016-02-06 19:01:40.000000 UTC,31390,21.9553,28.0913
39261,29093,2016-02-17 12:25:00.000000 UTC,47350,21.9557,28.941
29093,39261,2016-02-01 04:45:00.000000 UTC,29530,21.9559,27.2028
28255,29093,2016-02-18 09:46:40.000000 UTC,50890,21.9564,28.2913
16111,39261,2016-02-10 00:40:00.000000 UTC,20110,21.9565,25.9626
39261,29093,2016-02-13 04:30:00.000000 UTC,44050,21.9569,28.8081
39261,28255,2016-02-16 07:15:00.000000 UTC,45730,21.9569,27.1664
28255,16111,2016-02-19 21:45:00.000000 UTC,39970,21.9572,28.4288
29093,28255,2016-02-03 04:31:40.000000 UTC,11830,21.9573,26.3014
29093,28255,2016-02-04 18:00:00.000000 UTC,19090,21.9575,22.3248
16111,39261,2016-02-12 08:15:00.000000 UTC,16330,21.9591,22.0354
28255,29093,2016-02-22 12:25:00.000000 UTC,41110,21.9594,28.7958
29093,28255,2016-02-01 03:20:00.000000 UTC,43630,21.96,28.3235
29093,28255,2016-02-02 15:45:00.000000 UTC,38950,21.9613,26.8952
29093,28255,2016-02-03 23:00:00.000000 UTC,39610,21.9617,27.0648
29093,28255,2016-02-01 23:55:00.000000 UTC,45250,21.962,27.4866
28255,39261,2016-02-20 16:05:00.000000 UTC,36310,21.962,25.8351
39261,16111,2016-02-12 11:05:00.000000 UTC,55090,21.9622,28.321
28255,39261,2016-02-20 07:20:00.000000 UTC,48430,21.9626,27.6937
39261,28255,2016-02-12 12:50:00.000000 UTC,44110,21.9627,25.1792
29093,39261,2016-02-02 20:20:00.000000 UTC,42970,21.9635,27.8333
16111,28255,2016-02-11 08:45:00.000000 UTC,48610,21.9641,28.1269
39261,29093,2016-02-16 07:15:00.000000 UTC,43990,21.9644,25.715
16111,28255,2016-02-07 18:35:00.000000 UTC,42670,21.9647,27.6148
29093,39261,2016-02-01 01:50:00.000000 UTC,34030,21.9665,24.3819
16111,29093,2016-02-08 04:55:00.000000 UTC,39970,21.9665,27.4684
28255,39261,2016-02-23 11:10:00.000000 UTC,49330,21.9665,26.3377
16111,39261,2016-02-07 12:00:00.000000 UTC,43510,21.9676,24.8724
39261,28255,2016-02-16 14:10:00.000000 UTC,41410,21.9677,25.1647
39261,28255,2016-02-13 14:30:00.000000 UTC,21010,21.9679,26.1091
28255,29093,2016-02-18 14:15:00.000000 UTC,41770,21.9684,29.0574
39261,29093,2016-02-17 17:40:00.000000 UTC,57670,21.9692,28.3895
29093,39261,2016-02-02 04:45:00.000000 UTC,9370,21.9702,25.2201
16111,39261,2016-02-07 06:25:00.000000 UTC,41290,21.9702,27.2138
16111,29093,2016-02-11 06:16:40.000000 UTC,33010,21.9702,27.9722
28255,39261,2016-02-23 16:31:40.000000 UTC,9370,21.9708,26.5285
16111,39261,2016-02-07 03:15:00.000000 UTC,42970,21.9722,27.8984
29093,28255,2016-02-01 15:35:00.000000 UTC,33910,21.9724,26.7177
16111,39261,2016-02-06 19:01:40.000000 UTC,43990,21.9725,27.6433
29093,39261,2016-02-01 02:31:40.000000 UTC,44050,21.9727,28.6772
16111,39261,2016-02-09 18:30:00.000000 UTC,33910,21.9731,27.9241
39261,16111,2016-02-12 14:20:00.000000 UTC,54250,21.9734,28.2629
16111,28255,2016-02-06 20:01:40.000000 UTC,41230,21.9738,25.7208
39261,16111,2016-02-16 16:31:40.000000 UTC,47710,21.9746,27.8572
39261,16111,2016-02-16 21:20:00.000000 UTC,12370,21.9746,24.3488
28255,39261,2016-02-19 23:16:40.000000 UTC,4090,21.9747,21.9443
29093,16111,2016-02-04 09:16:40.000000 UTC,39010,21.9749,26.1987
16111,39261,2016-02-06 19:01:40.000000 UTC,34030,21.9749,25.3719
29093,16111,2016-02-01 00:46:40.000000 UTC,30370,21.976,23.4342
28255,16111,2016-02-18 14:15:00.000000 UTC,35890,21.9768,28.1583
16111,28255,2016-02-11 13:46:40.000000 UTC,40450,21.9774,27.2707
28255,29093,2016-02-19 06:46:40.000000 UTC,27310,21.9776,29.0445
28255,16111,2016-02-23 05:55:00.000000 UTC,35650,21.9776,26.5615
39261,16111,2016-02-13 19:40:00.000000 UTC,47290,21.978,25.0764
29093,28255,2016-02-05 03:10:00.000000 UTC,39610,21.9782,27.1624
39261,28255,2016-02-17 04:45:00.000000 UTC,38590,21.9786,27.7994
28255,29093,2016-02-20 17:55:00.000000 UTC,56530,21.979,28.5764
28255,39261,2016-02-20 04:01:40.000000 UTC,48310,21.9792,27.753
16111,29093,2016-02-09 20:31:40.000000 UTC,40990,21.9797,27.605
39261,28255,2016-02-15 04:10:00.000000 UTC,40630,21.98,27.8819
28255,16111,2016-02-18 06:01:40.000000 UTC,28990,21.9803,26.414
28255,29093,2016-02-19 01:05:00.000000 UTC,42010,21.9806,28.6773
16111,28255,2016-02-11 21:31:40.000000 UTC,39730,21.981,27.8761
29093,16111,2016-02-06 17:30:00.000000 UTC,33310,21.9811,24.7514
39261,28255,2016-02-13 07:35:00.000000 UTC,42130,21.9811,28.8497
29093,16111,2016-02-01 22:46:40.000000 UTC,34150,21.9815,28.8679
16111,29093,2016-02-07 06:25:00.000000 UTC,39370,21.9815,27.6118
28255,29093,2016-02-18 08:45:00.000000 UTC,51070,21.9817,28.3226
28255,16111,2016-02-19 05:35:00.000000 UTC,54910,21.9817,28.3445
29093,39261,2016-02-02 23:31:40.000000 UTC,40330,21.9835,27.305
29093,16111,2016-02-02 21:55:00.000000 UTC,7870,21.9837,25.8288
16111,29093,2016-02-12 05:31:40.000000 UTC,27490,21.9837,25.7227
28255,29093,2016-02-21 09:35:00.000000 UTC,53470,21.9845,28.2874
28255,16111,2016-02-18 04:35:00.000000 UTC,40330,21.9852,26.2813
28255,16111,2016-02-18 07:50:00.000000 UTC,43810,21.9864,24.9296
28255,39261,2016-02-19 17:20:00.000000 UTC,40990,21.9874,24.6036
39261,16111,2016-02-16 09:31:40.000000 UTC,41230,21.9879,28.4836
29093,16111,2016-02-04 01:00:00.000000 UTC,29410,21.988,24.6938
28255,39261,2016-02-18 09:15:00.000000 UTC,56650,21.9884,24.7063
29093,16111,2016-02-05 22:50:00.000000 UTC,9850,21.9886,26.9213
39261,28255,2016-02-16 23:46:40.000000 UTC,48010,21.9887,28.7944
28255,39261,2016-02-21 15:55:00.000000 UTC,48430,21.9897,17.466
39261,28255,2016-02-15 10:00:00.000000 UTC,47350,21.9898,24.4067
39261,28255,2016-02-15 04:10:00.000000 UTC,37630,21.9901,27.7187
28255,16111,2016-02-20 02:25:00.000000 UTC,49570,21.9902,30.0236
29093,28255,2016-02-02 14:16:40.000000 UTC,37150,21.9908,23.978
28255,16111,2016-02-20 21:40:00.000000 UTC,46150,21.9916,27.5172
16111,39261,2016-02-06 20:50:00.000000 UTC,50650,21.9922,27.4095
28255,16111,2016-02-23 19:15:00.000000 UTC,42250,21.9923,25.4308
29093,16111,2016-02-03 23:00:00.000000 UTC,24730,21.9931,28.4302
39261,29093,2016-02-18 01:45:00.000000 UTC,55810,21.9939,28.0296
29093,16111,2016-02-02 23:31:40.000000 UTC,36370,21.9941,28.1718
29093,28255,2016-02-02 18:46:40.000000 UTC,39970,21.9942,28.1919
28255,39261,2016-02-22 17:16:40.000000 UTC,54070,21.9946,28.1061
16111,29093,2016-02-09 16:30:00.000000 UTC,7870,21.9951,21.9448
29093,16111,2016-02-05 22:50:00.000000 UTC,37750,21.9952,27.3662
16111,39261,2016-02-06 17:31:40.000000 UTC,33310,21.9958,24.0355
39261,28255,2016-02-13 21:01:40.000000 UTC,16630,21.9958,23.3032
29093,16111,2016-02-03 09:46:40.000000 UTC,35530,21.996,25.7074
39261,16111,2016-02-13 04:30:00.000000 UTC,13690,21.9964,26.4548
39261,16111,2016-02-15 20:16:40.000000 UTC,7510,21.9967,22.2045
28255,29093,2016-02-19 09:15:00.000000 UTC,46390,21.9969,27.5991
29093,39261,2016-02-02 03:30:00.000000 UTC,23410,21.9972,27.6538
16111,39261,2016-02-07 02:31:40.000000 UTC,40210,21.9972,27.1748
29093,39261,2016-02-01 03:20:00.000000 UTC,21430,21.9974,22.0565
39261,16111,2016-02-13 23:50:00.000000 UTC,51010,21.9983,28.2479
39261,28255,2016-02-14 07:20:00.000000 UTC,53290,21.9983,28.5347
28255,29093,2016-02-20 14:16:40.000000 UTC,37570,21.9984,28.2194
39261,16111,2016-02-12 21:30:00.000000 UTC,43690,21.9985,27.6102
16111,29093,2016-02-07 19:46:40.000000 UTC,7870,21.9986,26.1406
29093,39261,2016-02-01 14:40:00.000000 UTC,12250,21.9987,22.0824
28255,39261,2016-02-21 22:30:00.000000 UTC,41350,21.9988,27.3707
39261,28255,2016-02-17 04:45:00.000000 UTC,44650,21.9991,27.6723
29093,39261,2016-02-01 14:40:00.000000 UTC,37270,21.9993,24.4798
16111,39261,2016-02-06 20:25:00.000000 UTC,40870,22.0004,27.2184
16111,39261,2016-02-07 15:10:00.000000 UTC,19570,22.0021,27.1396
28255,39261,2016-02-19 00:01:40.000000 UTC,51130,22.0027,25.0175
29093,39261,2016-02-02 21:55:00.000000 UTC,39670,22.0043,26.402
39261,28255,2016-02-12 16:16:40.000000 UTC,45550,22.0043,26.0268
39261,29093,2016-02-17 09:50:00.000000 UTC,42490,22.0044,28.5563
16111,39261,2016-02-06 17:31:40.000000 UTC,40510,22.0053,28.5872
28255,16111,2016-02-21 11:40:00.000000 UTC,30250,22.0055,27.9542
16111,28255,2016-02-06 17:55:00.000000 UTC,17230,22.0061,22.1252
28255,16111,2016-02-19 15:55:00.000000 UTC,42730,22.0062,15.0632
39261,16111,2016-02-16 02:46:40.000000 UTC,43210,22.0065,27.9128
39261,28255,2016-02-16 02:46:40.000000 UTC,22930,22.008,21.9849
16111,29093,2016-02-07 10:01:40.000000 UTC,35890,22.0081,26.6156
16111,28255,2016-02-11 13:46:40.000000 UTC,40270,22.0111,26.6397
29093,16111,2016-02-01 16:31:40.000000 UTC,39970,22.012,28.8269
28255,39261,2016-02-19 00:01:40.000000 UTC,40150,22.0121,24.0432
29093,28255,2016-02-03 13:25:00.000000 UTC,41530,22.0138,26.2601
29093,16111,2016-02-05 15:15:00.000000 UTC,43750,22.0142,26.7736
39261,28255,2016-02-15 02:16:40.000000 UTC,41650,22.0148,24.4867
39261,28255,2016-02-13 23:50:00.000000 UTC,50830,22.0149,28.2971
39261,16111,2016-02-16 14:10:00.000000 UTC,51430,22.0149,28.0538
29093,39261,2016-02-03 09:46:40.000000 UTC,16510,22.0154,26.3436
29093,16111,2016-02-01 22:46:40.000000 UTC,45610,22.016,28.3468
16111,28255,2016-02-10 11:30:00.000000 UTC,19870,22.0161,27.0287
28255,39261,2016-02-21 18:05:00.000000 UTC,53170,22.0169,27.8298
16111,39261,2016-02-08 17:01:40.000000 UTC,41530,22.0177,27.5593
16111,39261,2016-02-08 15:25:00.000000 UTC,44830,22.0178,26.6846
16111,28255,2016-02-06 18:45:00.000000 UTC,36430,22.0181,25.3244
29093,28255,2016-02-05 00:50:00.000000 UTC,39010,22.0182,26.6183
16111,39261,2016-02-09 05:05:00.000000 UTC,37090,22.0182,24.4774
39261,29093,2016-02-16 00:35:00.000000 UTC,56230,22.0183,28.316
28255,16111,2016-02-20 12:30:00.000000 UTC,37030,22.0185,27.1611
28255,16111,2016-02-21 20:16:40.000000 UTC,47170,22.0185,25.5597
16111,28255,2016-02-06 18:16:40.000000 UTC,41110,22.0193,24.4221
29093,39261,2016-02-06 14:45:00.000000 UTC,45010,22.0196,28.7664
29093,39261,2016-02-01 20:35:00.000000 UTC,43630,22.02,25.2591
16111,28255,2016-02-07 03:15:00.000000 UTC,48250,22.0203,28.1697
28255,39261,2016-02-18 13:31:40.000000 UTC,49630,22.0211,28.526
28255,16111,2016-02-18 04:30:00.000000 UTC,55150,22.0221,27.6325
29093,39261,2016-02-04 07:10:00.000000 UTC,30070,22.0222,25.7854
16111,39261,2016-02-09 06:55:00.000000 UTC,39670,22.0223,28.2132
16111,29093,2016-02-08 13:50:00.000000 UTC,36910,22.0226,27.8002
28255,39261,2016-02-19 11:50:00.000000 UTC,47890,22.0228,28.4963
16111,39261,2016-02-07 03:15:00.000000 UTC,42790,22.0231,27.3176
29093,28255,2016-02-04 07:10:00.000000 UTC,29230,22.0243,25.8243
29093,28255,2016-02-04 11:25:00.000000 UTC,4750,22.0244,23.8111
39261,29093,2016-02-13 17:01:40.000000 UTC,44110,22.0244,28.2133
16111,28255,2016-02-08 20:20:00.000000 UTC,46330,22.0245,27.4921
16111,29093,2016-02-11 06:16:40.000000 UTC,47350,22.0246,28.1606
39261,28255,2016-02-13 05:30:00.000000 UTC,43510,22.025,24.7333
29093,39261,2016-02-01 17:30:00.000000 UTC,42970,22.0266,24.7016
39261,28255,2016-02-16 18:55:00.000000 UTC,5170,22.0268,22.2638
28255,39261,2016-02-22 10:01:40.000000 UTC,51010,22.0274,28.8852
39261,29093,2016-02-14 10:31:40.000000 UTC,43750,22.0283,24.2479
16111,28255,2016-02-08 02:10:00.000000 UTC,38710,22.0284,28.0697
29093,16111,2016-02-01 00:00:00.000000 UTC,40630,22.029,28.026
28255,16111,2016-02-21 05:30:00.000000 UTC,55330,22.0292,28.4764
28255,39261,2016-02-18 18:16:40.000000 UTC,26110,22.031,26.819
16111,28255,2016-02-08 10:45:00.000000 UTC,10450,22.0311,25.828
28255,39261,2016-02-23 16:31:40.000000 UTC,43090,22.0313,27.5531
28255,16111,2016-02-18 04:30:00.000000 UTC,44590,22.0315,24.8065
28255,16111,2016-02-18 05:05:00.000000 UTC,43750,22.0317,27.7047
39261,28255,2016-02-14 02:45:00.000000 UTC,36670,22.0319,24.26
28255,16111,2016-02-22 00:45:00.000000 UTC,45550,22.032,27.9322
29093,28255,2016-02-02 11:25:00.000000 UTC,7990,22.0321,25.735
28255,29093,2016-02-22 22:15:00.000000 UTC,51790,22.0324,28.1917
16111,28255,2016-02-06 18:16:40.000000 UTC,44590,22.0326,17.0073
29093,28255,2016-02-06 04:01:40.000000 UTC,38470,22.033,25.524
39261,16111,2016-02-16 02:46:40.000000 UTC,40390,22.0337,28.3488
39261,28255,2016-02-15 22:25:00.000000 UTC,40930,22.034,23.8824
28255,39261,2016-02-19 04:25:00.000000 UTC,21430,22.034,21.7164
16111,39261,2016-02-11 01:25:00.000000 UTC,8410,22.0342,22.1566
28255,29093,2016-02-18 04:55:00.000000 UTC,44830,22.0345,27.6248
28255,39261,2016-02-18 07:25:00.000000 UTC,39430,22.035,23.9617
28255,39261,2016-02-22 22:15:00.000000 UTC,53470,22.0355,29.9224
28255,39261,2016-02-18 15:00:00.000000 UTC,4330,22.036,29.5536
39261,29093,2016-02-13 09:46:40.000000 UTC,27550,22.0366,19.7291
39261,28255,2016-02-15 18:10:00.000000 UTC,40090,22.0366,27.6948
39261,16111,2016-02-13 22:25:00.000000 UTC,48430,22.0367,28.1319
39261,16111,2016-02-16 23:46:40.000000 UTC,43090,22.0367,28.5607
29093,39261,2016-02-03 11:35:00.000000 UTC,43750,22.0374,28.3292
29093,16111,2016-02-01 09:45:00.000000 UTC,46030,22.0376,28.0414
28255,16111,2016-02-18 05:45:00.000000 UTC,40510,22.0386,27.9026
39261,29093,2016-02-12 11:46:40.000000 UTC,59650,22.0388,28.2139
29093,39261,2016-02-01 00:25:00.000000 UTC,8590,22.0397,22.0459
29093,28255,2016-02-01 22:46:40.000000 UTC,17590,22.0402,26.7479
16111,39261,2016-02-11 01:25:00.000000 UTC,12970,22.0409,26.1548
39261,29093,2016-02-15 18:10:00.000000 UTC,32470,22.041,28.2417
39261,28255,2016-02-14 08:55:00.000000 UTC,37630,22.0411,24.6764
28255,39261,2016-02-20 12:30:00.000000 UTC,58810,22.0411,24.8917
28255,39261,2016-02-18 07:25:00.000000 UTC,42070,22.0413,28.5268
28255,16111,2016-02-19 00:01:40.000000 UTC,21190,22.0413,24.2898
28255,39261,2016-02-20 09:01:40.000000 UTC,48490,22.042,27.6573
28255,39261,2016-02-23 19:15:00.000000 UTC,44590,22.0427,17.7442
28255,39261,2016-02-18 10:55:00.000000 UTC,50590,22.0428,24.9039
29093,39261,2016-02-03 04:31:40.000000 UTC,41950,22.0434,28.2823
39261,28255,2016-02-15 06:05:00.000000 UTC,36970,22.0438,25.6711
29093,16111,2016-02-01 21:40:00.000000 UTC,36970,22.0441,27.7819
29093,28255,2016-02-03 08:00:00.000000 UTC,10330,22.0442,26.8472
29093,39261,2016-02-03 21:01:40.000000 UTC,14950,22.0444,22.4854
28255,16111,2016-02-19 20:15:00.000000 UTC,57310,22.0453,28.1138
39261,16111,2016-02-16 14:10:00.000000 UTC,48430,22.0456,28.1237
16111,28255,2016-02-11 01:25:00.000000 UTC,13750,22.0469,27.2524
29093,28255,2016-02-01 02:31:40.000000 UTC,43450,22.0475,28.2993
28255,29093,2016-02-19 11:50:00.000000 UTC,32950,22.048,15.411
16111,28255,2016-02-10 13:45:00.000000 UTC,40150,22.0481,25.2906
28255,16111,2016-02-18 16:35:00.000000 UTC,56410,22.0484,27.608
28255,39261,2016-02-18 13:31:40.000000 UTC,46570,22.0488,27.4393
28255,16111,2016-02-21 20:16:40.000000 UTC,57670,22.0495,28.3585
29093,39261,2016-02-01 13:46:40.000000 UTC,35590,22.0496,26.006
29093,39261,2016-02-01 18:30:00.000000 UTC,44950,22.0504,27.1666
16111,28255,2016-02-07 03:15:00.000000 UTC,20230,22.0506,22.0692
16111,28255,2016-02-07 00:31:40.000000 UTC,41590,22.0507,28.1992
28255,29093,2016-02-19 11:50:00.000000 UTC,45550,22.0513,28.5038
16111,39261,2016-02-06 17:46:40.000000 UTC,40030,22.0514,26.9221
28255,16111,2016-02-18 18:16:40.000000 UTC,37270,22.0525,26.226
28255,39261,2016-02-21 07:31:40.000000 UTC,47470,22.0534,24.9325
39261,28255,2016-02-12 11:46:40.000000 UTC,55090,22.0537,28.6686
29093,28255,2016-02-03 21:01:40.000000 UTC,45670,22.0543,28.7476
39261,28255,2016-02-13 08:40:00.000000 UTC,48310,22.0545,28.3952
16111,39261,2016-02-06 18:05:00.000000 UTC,38470,22.0547,24.5005
16111,28255,2016-02-08 03:31:40.000000 UTC,28630,22.0548,23.8912
29093,39261,2016-02-06 04:01:40.000000 UTC,27970,22.0549,23.9908
16111,29093,2016-02-10 20:40:00.000000 UTC,25150,22.0552,24.8941
16111,39261,2016-02-06 17:35:00.000000 UTC,8290,22.0553,22.065
29093,16111,2016-02-01 07:01:40.000000 UTC,29230,22.0561,27.9295
29093,28255,2016-02-03 11:35:00.000000 UTC,43570,22.0563,28.3579
28255,16111,2016-02-19 14:31:40.000000 UTC,52990,22.0568,28.1427
39261,16111,2016-02-13 02:35:00.000000 UTC,42250,22.0571,27.2038
39261,29093,2016-02-15 04:10:00.000000 UTC,49930,22.0578,28.0247
29093,28255,2016-02-01 16:31:40.000000 UTC,40450,22.0581,28.2723
39261,29093,2016-02-17 09:50:00.000000 UTC,21130,22.0594,22.0759
39261,28255,2016-02-16 02:46:40.000000 UTC,20350,22.0597,18.1886
16111,39261,2016-02-11 08:45:00.000000 UTC,10630,22.0602,23.7613
29093,28255,2016-02-01 02:31:40.000000 UTC,46870,22.0616,26.9651
39261,29093,2016-02-12 11:35:00.000000 UTC,48550,22.0617,27.5571
28255,16111,2016-02-18 13:31:40.000000 UTC,52930,22.0621,28.3344
16111,29093,2016-02-07 04:00:00.000000 UTC,16510,22.0622,28.3117
16111,28255,2016-02-10 09:16:40.000000 UTC,33970,22.0624,28.0943
28255,16111,2016-02-19 05:35:00.000000 UTC,40210,22.0626,25.8133
39261,16111,2016-02-17 17:40:00.000000 UTC,40510,22.0629,25.3528
16111,39261,2016-02-07 23:31:40.000000 UTC,42490,22.0633,27.2686
16111,39261,2016-02-12 11:00:00.000000 UTC,37090,22.0635,28.0312
16111,29093,2016-02-07 05:35:00.000000 UTC,41830,22.0651,28.4009
16111,28255,2016-02-09 03:16:40.000000 UTC,44470,22.0652,27.6235
16111,29093,2016-02-11 13:46:40.000000 UTC,38770,22.0654,27.9414
16111,39261,2016-02-12 08:15:00.000000 UTC,4090,22.066,24.1935
29093,28255,2016-02-01 01:50:00.000000 UTC,36610,22.0661,25.5042
29093,28255,2016-02-02 12:50:00.000000 UTC,42490,22.0664,25.6275
28255,16111,2016-02-19 05:35:00.000000 UTC,44170,22.0681,26.5134
28255,39261,2016-02-22 00:45:00.000000 UTC,53350,22.0685,28.1265
39261,28255,2016-02-12 16:50:00.000000 UTC,27490,22.0696,24.4497
39261,29093,2016-02-14 15:31:40.000000 UTC,53110,22.0699,27.3966
39261,16111,2016-02-12 11:46:40.000000 UTC,49030,22.0706,28.9311
39261,28255,2016-02-12 19:20:00.000000 UTC,52090,22.0706,28.4862
28255,39261,2016-02-20 09:01:40.000000 UTC,48430,22.0709,27.4731
16111,28255,2016-02-06 17:40:00.000000 UTC,51970,22.071,28.1633
16111,29093,2016-02-06 18:30:00.000000 UTC,44530,22.0711,28.3605
16111,28255,2016-02-10 11:30:00.000000 UTC,53830,22.0712,28.7686
28255,16111,2016-02-18 21:01:40.000000 UTC,56770,22.0713,28.5572
16111,39261,2016-02-08 15:25:00.000000 UTC,16090,22.0718,22.0866
28255,16111,2016-02-22 05:20:00.000000 UTC,44110,22.0721,29.1383
29093,28255,2016-02-01 14:40:00.000000 UTC,8050,22.0729,24.6373
39261,28255,2016-02-12 12:50:00.000000 UTC,45670,22.0729,25.9551
28255,39261,2016-02-19 10:31:40.000000 UTC,51130,22.0729,26.6613
29093,28255,2016-02-02 20:20:00.000000 UTC,39490,22.075,25.2555
29093,28255,2016-02-01 05:50:00.000000 UTC,41950,22.0755,25.4385
28255,39261,2016-02-18 05:30:00.000000 UTC,8290,22.0762,22.0884
16111,39261,2016-02-11 18:55:00.000000 UTC,53710,22.0765,28.3044
16111,28255,2016-02-09 06:55:00.000000 UTC,39610,22.0769,28.2636
39261,29093,2016-02-18 01:45:00.000000 UTC,18790,22.0777,26.8692
16111,28255,2016-02-08 15:25:00.000000 UTC,45310,22.078,26.9449
16111,28255,2016-02-11 06:16:40.000000 UTC,37570,22.0782,9.62896
39261,16111,2016-02-14 12:10:00.000000 UTC,38770,22.0785,26.173
39261,29093,2016-02-17 09:50:00.000000 UTC,28210,22.0786,26.6111
28255,39261,2016-02-20 14:16:40.000000 UTC,47350,22.0788,17.6188
39261,29093,2016-02-17 02:15:00.000000 UTC,50530,22.0795,26.6518
28255,16111,2016-02-18 12:50:00.000000 UTC,58570,22.0796,28.6825
28255,16111,2016-02-23 05:55:00.000000 UTC,45190,22.0805,25.7338
39261,28255,2016-02-18 01:45:00.000000 UTC,46630,22.0808,27.9149
39261,16111,2016-02-12 22:16:40.000000 UTC,9790,22.0814,27.2377
28255,16111,2016-02-18 04:31:40.000000 UTC,16750,22.0814,22.0643
39261,16111,2016-02-15 16:05:00.000000 UTC,57190,22.0826,28.3902
29093,28255,2016-02-03 15:16:40.000000 UTC,37750,22.0829,26.1064
28255,39261,2016-02-18 06:01:40.000000 UTC,46450,22.0831,28.003
39261,28255,2016-02-14 20:46:40.000000 UTC,53470,22.0832,26.1885
16111,39261,2016-02-09 10:40:00.000000 UTC,19810,22.0834,27.2506
28255,29093,2016-02-18 05:16:40.000000 UTC,51970,22.084,27.7025
28255,39261,2016-02-18 19:10:00.000000 UTC,2890,22.0844,22.21
28255,29093,2016-02-21 07:31:40.000000 UTC,43150,22.0853,26.1241
28255,39261,2016-02-18 05:45:00.000000 UTC,46030,22.0859,26.7182
39261,29093,2016-02-15 16:05:00.000000 UTC,52330,22.0864,29.1634
16111,29093,2016-02-11 13:46:40.000000 UTC,38650,22.0865,27.5039
16111,28255,2016-02-07 06:25:00.000000 UTC,8290,22.0871,22.1075
29093,39261,2016-02-03 02:50:00.000000 UTC,33610,22.0873,23.3019
28255,29093,2016-02-19 06:46:40.000000 UTC,46750,22.0881,27.9501
28255,16111,2016-02-18 20:05:00.000000 UTC,47170,22.0883,15.018
39261,29093,2016-02-14 02:45:00.000000 UTC,44710,22.089,27.9933
28255,39261,2016-02-19 03:16:40.000000 UTC,40450,22.0903,24.7495
28255,39261,2016-02-20 16:05:00.000000 UTC,36250,22.0907,25.6001
28255,29093,2016-02-18 21:01:40.000000 UTC,45550,22.0913,27.6725
39261,28255,2016-02-13 13:16:40.000000 UTC,54430,22.0914,27.4723
29093,39261,2016-02-02 18:46:40.000000 UTC,36790,22.0916,26.82
16111,28255,2016-02-11 18:55:00.000000 UTC,51190,22.0919,27.6287
16111,29093,2016-02-12 11:00:00.000000 UTC,22390,22.0923,27.3245
16111,29093,2016-02-08 10:45:00.000000 UTC,45610,22.0928,28.2741
28255,39261,2016-02-23 05:55:00.000000 UTC,18670,22.0929,26.6691
29093,39261,2016-02-02 17:15:00.000000 UTC,37030,22.0932,24.2763
28255,39261,2016-02-19 14:31:40.000000 UTC,45670,22.0935,25.0689
29093,39261,2016-02-01 04:45:00.000000 UTC,21790,22.0936,22.0777
16111,28255,2016-02-09 20:31:40.000000 UTC,28990,22.0936,23.4838
28255,16111,2016-02-19 05:35:00.000000 UTC,48670,22.0936,29.8676
29093,28255,2016-02-01 00:16:40.000000 UTC,51970,22.0939,28.3466
39261,28255,2016-02-15 12:00:00.000000 UTC,58270,22.0948,28.0018
28255,39261,2016-02-23 03:20:00.000000 UTC,45250,22.095,27.4508
16111,29093,2016-02-08 04:55:00.000000 UTC,36310,22.0955,26.3715
29093,16111,2016-02-06 01:25:00.000000 UTC,48370,22.0962,29.2953
16111,28255,2016-02-08 10:45:00.000000 UTC,43630,22.0963,28.6592
28255,29093,2016-02-18 05:05:00.000000 UTC,37930,22.0968,28.7803
29093,16111,2016-02-02 14:16:40.000000 UTC,40030,22.097,26.7005
28255,39261,2016-02-20 00:50:00.000000 UTC,46030,22.0976,25.3459
16111,29093,2016-02-09 14:31:40.000000 UTC,43630,22.098,29.3753
39261,28255,2016-02-16 07:15:00.000000 UTC,57490,22.0983,27.9433
16111,29093,2016-02-06 19:01:40.000000 UTC,39010,22.0985,27.7061
39261,16111,2016-02-16 16:31:40.000000 UTC,41650,22.0986,25.8924
28255,39261,2016-02-18 09:46:40.000000 UTC,55870,22.0988,27.5407
16111,39261,2016-02-07 04:00:00.000000 UTC,36430,22.0991,24.966
29093,28255,2016-02-05 03:10:00.000000 UTC,7810,22.0994,25.3544
28255,16111,2016-02-20 04:01:40.000000 UTC,46930,22.0999,28.1019
39261,28255,2016-02-12 11:46:40.000000 UTC,9490,22.1006,22.1519
39261,28255,2016-02-17 09:50:00.000000 UTC,38170,22.1012,28.3454
29093,28255,2016-02-03 13:25:00.000000 UTC,43630,22.1015,27.4468
39261,16111,2016-02-17 02:15:00.000000 UTC,39730,22.1026,28.1058
28255,39261,2016-02-18 14:15:00.000000 UTC,39790,22.1033,24.2634
16111,29093,2016-02-07 03:15:00.000000 UTC,41710,22.1034,28.2322
16111,29093,2016-02-10 16:01:40.000000 UTC,38290,22.1034,28.2009
39261,28255,2016-02-17 17:40:00.000000 UTC,46270,22.1036,25.6022
16111,29093,2016-02-07 11:00:00.000000 UTC,41890,22.1043,28.1755
39261,28255,2016-02-12 11:05:00.000000 UTC,14650,22.1044,22.0847
16111,28255,2016-02-07 18:35:00.000000 UTC,57310,22.1048,29.7995
39261,28255,2016-02-17 23:01:40.000000 UTC,54250,22.1049,19.2116
16111,29093,2016-02-07 04:46:40.000000 UTC,41770,22.1053,28.3027
39261,29093,2016-02-15 20:16:40.000000 UTC,51190,22.1053,29.351
28255,39261,2016-02-22 07:40:00.000000 UTC,55150,22.1058,18.1169
28255,29093,2016-02-21 05:30:00.000000 UTC,59890,22.1059,28.5308
39261,29093,2016-02-13 07:35:00.000000 UTC,39790,22.1066,24.4009
16111,28255,2016-02-07 04:00:00.000000 UTC,38530,22.107,25.0191
39261,28255,2016-02-12 11:46:40.000000 UTC,27850,22.1077,25.1307
29093,39261,2016-02-03 13:25:00.000000 UTC,43870,22.1078,27.3634
16111,29093,2016-02-08 07:46:40.000000 UTC,42430,22.1078,28.1399
28255,39261,2016-02-19 01:05:00.000000 UTC,50830,22.1084,26.3974
28255,39261,2016-02-19 13:10:00.000000 UTC,47710,22.109,27.8368
28255,39261,2016-02-19 21:45:00.000000 UTC,45430,22.1091,26.9961
39261,29093,2016-02-12 11:35:00.000000 UTC,14650,22.1093,27.4431
28255,39261,2016-02-18 07:01:40.000000 UTC,52390,22.11,27.7734
39261,28255,2016-02-12 20:45:00.000000 UTC,43990,22.111,24.2589
28255,29093,2016-02-20 04:01:40.000000 UTC,53650,22.112,28.4882
39261,29093,2016-02-12 23:05:00.000000 UTC,45850,22.1142,27.3272
28255,39261,2016-02-20 19:46:40.000000 UTC,46270,22.1146,27.3583
16111,29093,2016-02-08 18:40:00.000000 UTC,42730,22.1159,28.2158
39261,16111,2016-02-13 08:40:00.000000 UTC,46570,22.1162,28.4976
39261,28255,2016-02-15 04:10:00.000000 UTC,36910,22.1163,25.1379
39261,28255,2016-02-13 07:35:00.000000 UTC,45250,22.1173,27.1609
16111,39261,2016-02-06 21:45:00.000000 UTC,40990,22.1178,26.3632
16111,28255,2016-02-08 18:40:00.000000 UTC,51730,22.1191,28.1483
29093,39261,2016-02-01 00:16:40.000000 UTC,40030,22.1194,26.2111
29093,16111,2016-02-01 03:20:00.000000 UTC,25630,22.1196,24.5839
29093,39261,2016-02-01 02:10:00.000000 UTC,33610,22.1199,17.945
16111,29093,2016-02-10 23:01:40.000000 UTC,38410,22.1204,27.9703
39261,28255,2016-02-18 01:45:00.000000 UTC,16450,22.1223,25.9828
39261,29093,2016-02-16 18:55:00.000000 UTC,57490,22.1225,28.3372
39261,16111,2016-02-12 18:40:00.000000 UTC,49990,22.1227,27.7323
29093,39261,2016-02-04 01:00:00.000000 UTC,44890,22.1236,25.7077
28255,16111,2016-02-21 07:31:40.000000 UTC,36670,22.1238,17.0433
39261,28255,2016-02-12 13:10:00.000000 UTC,45970,22.124,26.997
29093,28255,2016-02-04 18:00:00.000000 UTC,21670,22.1241,18.1703
39261,28255,2016-02-12 19:20:00.000000 UTC,54730,22.1243,28.7999
16111,39261,2016-02-11 21:31:40.000000 UTC,41890,22.1246,29.3539
28255,29093,2016-02-23 19:15:00.000000 UTC,47710,22.1254,27.849
39261,29093,2016-02-12 16:16:40.000000 UTC,58450,22.1272,28.595
16111,39261,2016-02-07 17:25:00.000000 UTC,39070,22.1279,24.4699
39261,28255,2016-02-13 08:40:00.000000 UTC,51610,22.1285,28.6993
28255,16111,2016-02-20 04:01:40.000000 UTC,31810,22.1288,29.4531
29093,39261,2016-02-01 00:05:00.000000 UTC,37390,22.1295,28.4614
29093,39261,2016-02-05 12:46:40.000000 UTC,41290,22.1296,28.001
29093,16111,2016-02-02 10:01:40.000000 UTC,50770,22.13,28.8635
29093,28255,2016-02-02 12:50:00.000000 UTC,38770,22.1307,28.2421
28255,39261,2016-02-20 09:01:40.000000 UTC,34390,22.1307,24.515
39261,29093,2016-02-13 05:30:00.000000 UTC,55270,22.1309,28.6614
29093,16111,2016-02-06 09:20:00.000000 UTC,48610,22.1311,27.9318
16111,39261,2016-02-08 02:10:00.000000 UTC,43810,22.1313,28.8953
28255,29093,2016-02-19 11:50:00.000000 UTC,36910,22.1317,27.2047
29093,28255,2016-02-01 03:46:40.000000 UTC,11410,22.132,26.0821
28255,29093,2016-02-18 06:01:40.000000 UTC,43090,22.1329,28.1999
16111,28255,2016-02-07 00:31:40.000000 UTC,38590,22.1334,28.2441
29093,28255,2016-02-01 18:30:00.000000 UTC,44230,22.1335,26.9659
29093,28255,2016-02-01 03:20:00.000000 UTC,52630,22.1336,28.3029
39261,29093,2016-02-15 04:10:00.000000 UTC,50230,22.1336,26.9676
29093,28255,2016-02-01 01:00:00.000000 UTC,46750,22.134,26.2201
16111,28255,2016-02-06 22:15:00.000000 UTC,44050,22.1343,28.4124
28255,16111,2016-02-20 05:40:00.000000 UTC,49690,22.1349,27.7459
29093,28255,2016-02-01 20:35:00.000000 UTC,50230,22.1353,28.4611
29093,28255,2016-02-01 00:01:40.000000 UTC,33970,22.1362,28.0159
39261,28255,2016-02-15 20:16:40.000000 UTC,54850,22.1362,28.144
29093,39261,2016-02-04 20:15:00.000000 UTC,14830,22.1363,22.2281
29093,39261,2016-02-05 15:15:00.000000 UTC,48130,22.1365,27.5918
16111,39261,2016-02-06 21:16:40.000000 UTC,35050,22.1375,27.0109
29093,39261,2016-02-01 00:05:00.000000 UTC,40990,22.1376,29.2133
28255,39261,2016-02-20 09:01:40.000000 UTC,45850,22.1376,27.2588
28255,16111,2016-02-20 07:20:00.000000 UTC,26590,22.1379,28.4495
39261,28255,2016-02-15 16:05:00.000000 UTC,57730,22.138,29.0017
28255,16111,2016-02-23 11:10:00.000000 UTC,54670,22.1381,28.0214
39261,16111,2016-02-16 00:35:00.000000 UTC,11170,22.1383,22.1326
28255,16111,2016-02-20 16:05:00.000000 UTC,52510,22.1387,29.0891
29093,28255,2016-02-01 15:35:00.000000 UTC,39190,22.1397,24.2415
28255,16111,2016-02-22 10:01:40.000000 UTC,50830,22.1401,25.2807
29093,28255,2016-02-03 17:10:00.000000 UTC,48190,22.1402,26.7916
29093,28255,2016-02-05 15:15:00.000000 UTC,16750,22.1409,22.094
16111,29093,2016-02-06 17:35:00.000000 UTC,50110,22.1414,28.4348
39261,29093,2016-02-17 15:01:40.000000 UTC,37810,22.1424,25.3043
16111,39261,2016-02-08 22:01:40.000000 UTC,46270,22.1426,28.1164
16111,28255,2016-02-06 22:15:00.000000 UTC,47350,22.1427,27.2491
29093,39261,2016-02-03 02:50:00.000000 UTC,45010,22.1429,26.6779
39261,16111,2016-02-12 12:31:40.000000 UTC,46330,22.1432,28.6571
28255,16111,2016-02-19 15:55:00.000000 UTC,46990,22.1441,28.2918
28255,16111,2016-02-18 15:46:40.000000 UTC,47350,22.1442,26.2849
16111,39261,2016-02-07 23:31:40.000000 UTC,42730,22.1444,28.0339
28255,16111,2016-02-19 02:10:00.000000 UTC,26350,22.1449,29.6072
28255,16111,2016-02-20 09:01:40.000000 UTC,45850,22.1451,28.193
28255,29093,2016-02-18 06:40:00.000000 UTC,57970,22.1454,25.3732
29093,28255,2016-02-05 12:46:40.000000 UTC,39010,22.1455,28.1197
29093,28255,2016-02-01 02:31:40.000000 UTC,37570,22.1458,28.3464
16111,29093,2016-02-12 02:50:00.000000 UTC,37090,22.1458,26.1509
16111,29093,2016-02-07 13:01:40.000000 UTC,39910,22.1461,26.1734
16111,28255,2016-02-07 11:00:00.000000 UTC,27010,22.1473,24.3887
28255,39261,2016-02-18 13:31:40.000000 UTC,43450,22.1474,28.7353
29093,39261,2016-02-02 01:05:00.000000 UTC,37870,22.1484,28.1446
16111,39261,2016-02-10 11:30:00.000000 UTC,35350,22.1484,26.8238
39261,29093,2016-02-17 02:15:00.000000 UTC,38710,22.1489,28.175
29093,28255,2016-02-04 11:25:00.000000 UTC,45850,22.1491,27.5331
39261,29093,2016-02-12 18:01:40.000000 UTC,49570,22.1491,28.2903
28255,16111,2016-02-18 07:01:40.000000 UTC,43810,22.1493,25.8208
28255,39261,2016-02-20 09:01:40.000000 UTC,51670,22.1508,28.0447
29093,28255,2016-02-03 11:35:00.000000 UTC,13330,22.1516,26.5173
28255,29093,2016-02-18 04:46:40.000000 UTC,57490,22.1516,28.5134
39261,28255,2016-02-17 23:01:40.000000 UTC,47290,22.1524,29.3864
28255,16111,2016-02-18 15:00:00.000000 UTC,41530,22.1528,27.6426
28255,39261,2016-02-22 17:16:40.000000 UTC,53410,22.1529,29.6512
28255,16111,2016-02-18 06:01:40.000000 UTC,40330,22.1534,27.483
16111,39261,2016-02-08 00:50:00.000000 UTC,46990,22.1536,25.626
28255,39261,2016-02-22 14:50:00.000000 UTC,42250,22.1537,26.6834
16111,28255,2016-02-07 03:15:00.000000 UTC,45130,22.1538,28.2008
39261,28255,2016-02-13 01:40:00.000000 UTC,44830,22.1544,24.7817
16111,28255,2016-02-10 13:45:00.000000 UTC,54130,22.1554,30.9013
28255,39261,2016-02-22 05:20:00.000000 UTC,59650,22.1555,28.0988
29093,28255,2016-02-02 20:20:00.000000 UTC,47770,22.1563,26.0124
16111,28255,2016-02-07 04:46:40.000000 UTC,45430,22.1567,28.0095
29093,28255,2016-02-05 20:16:40.000000 UTC,43150,22.1569,27.0626
29093,28255,2016-02-01 21:40:00.000000 UTC,4690,22.1571,22.1439
39261,16111,2016-02-13 02:35:00.000000 UTC,55150,22.1571,26.7187
16111,28255,2016-02-07 23:31:40.000000 UTC,39550,22.1574,27.4304
28255,16111,2016-02-20 00:50:00.000000 UTC,21250,22.1575,26.0821
28255,16111,2016-02-20 23:35:00.000000 UTC,48130,22.1589,28.1015
29093,16111,2016-02-01 21:40:00.000000 UTC,42670,22.1594,28.3275
28255,39261,2016-02-22 22:15:00.000000 UTC,51070,22.1601,27.6239
39261,29093,2016-02-13 19:40:00.000000 UTC,48910,22.1604,27.7742
28255,16111,2016-02-20 21:40:00.000000 UTC,46090,22.1605,27.7222
29093,39261,2016-02-01 04:15:00.000000 UTC,56710,22.1608,28.5287
28255,29093,2016-02-18 07:50:00.000000 UTC,48190,22.1611,27.7705
29093,16111,2016-02-05 10:20:00.000000 UTC,55450,22.1613,25.4775
16111,39261,2016-02-09 10:40:00.000000 UTC,44590,22.1614,25.2741
28255,29093,2016-02-19 04:25:00.000000 UTC,52990,22.1614,27.7298
29093,16111,2016-02-03 11:35:00.000000 UTC,50530,22.1624,27.4859
16111,28255,2016-02-06 18:16:40.000000 UTC,19150,22.1629,27.7803
39261,16111,2016-02-18 04:30:00.000000 UTC,58090,22.1632,28.3063
29093,39261,2016-02-02 18:46:40.000000 UTC,48490,22.1633,28.3131
16111,28255,2016-02-06 17:55:00.000000 UTC,14650,22.1635,24.5512
39261,16111,2016-02-14 19:00:00.000000 UTC,8530,22.1636,22.1049
28255,29093,2016-02-22 05:20:00.000000 UTC,55150,22.1639,28.3967
28255,16111,2016-02-19 17:20:00.000000 UTC,43750,22.164,28.1034
29093,39261,2016-02-06 14:45:00.000000 UTC,54010,22.1646,28.1535
29093,28255,2016-02-03 08:00:00.000000 UTC,42130,22.1647,25.9888
28255,16111,2016-02-18 09:46:40.000000 UTC,35590,22.1656,28.1855
28255,29093,2016-02-20 05:40:00.000000 UTC,4810,22.1658,30.032
28255,39261,2016-02-21 18:05:00.000000 UTC,43270,22.166,25.4383
39261,29093,2016-02-12 16:50:00.000000 UTC,8710,22.1666,22.0008
29093,28255,2016-02-01 06:25:00.000000 UTC,44170,22.1667,27.9994
29093,16111,2016-02-01 19:31:40.000000 UTC,40210,22.1667,27.8365
39261,29093,2016-02-13 21:01:40.000000 UTC,46450,22.1667,26.559
28255,39261,2016-02-18 04:30:00.000000 UTC,55090,22.1667,28.9905
16111,39261,2016-02-07 10:01:40.000000 UTC,53710,22.1671,29.4744
28255,16111,2016-02-21 11:40:00.000000 UTC,39250,22.1671,25.558
16111,28255,2016-02-09 01:30:00.000000 UTC,44350,22.1677,28.4899
28255,16111,2016-02-19 13:10:00.000000 UTC,37150,22.1689,25.1211
29093,39261,2016-02-02 06:01:40.000000 UTC,40690,22.1695,19.5958
39261,29093,2016-02-15 20:16:40.000000 UTC,56890,22.1695,29.3107
39261,28255,2016-02-14 08:55:00.000000 UTC,14410,22.1698,26.8865
39261,28255,2016-02-15 10:00:00.000000 UTC,24370,22.1698,22.2402
39261,16111,2016-02-12 23:05:00.000000 UTC,46510,22.1714,27.5111
39261,16111,2016-02-13 01:40:00.000000 UTC,40690,22.1714,25.561
29093,16111,2016-02-01 07:40:00.000000 UTC,18970,22.1729,22.2214
16111,29093,2016-02-08 15:25:00.000000 UTC,42850,22.1729,28.8475
28255,16111,2016-02-20 09:01:40.000000 UTC,5770,22.1734,22.9216
16111,28255,2016-02-07 03:15:00.000000 UTC,44890,22.1739,27.4332
16111,39261,2016-02-09 01:30:00.000000 UTC,47830,22.1741,26.1321
29093,39261,2016-02-02 03:30:00.000000 UTC,10870,22.1743,25.752
28255,39261,2016-02-20 09:01:40.000000 UTC,48550,22.1744,27.8366
28255,39261,2016-02-18 05:16:40.000000 UTC,55270,22.1757,28.7519
39261,29093,2016-02-15 16:05:00.000000 UTC,58330,22.176,28.1963
29093,39261,2016-02-01 00:10:00.000000 UTC,49450,22.1761,28.846
16111,28255,2016-02-08 03:31:40.000000 UTC,38770,22.1766,27.2641
29093,39261,2016-02-01 01:15:00.000000 UTC,34990,22.1767,28.2816
39261,28255,2016-02-16 14:10:00.000000 UTC,57310,22.1778,27.5838
28255,16111,2016-02-18 08:16:40.000000 UTC,39010,22.1778,24.0791
39261,28255,2016-02-12 11:10:00.000000 UTC,49990,22.1781,25.9761
28255,39261,2016-02-18 10:55:00.000000 UTC,54190,22.1786,16.1803
29093,39261,2016-02-03 02:50:00.000000 UTC,26530,22.179,27.5761
39261,28255,2016-02-13 08:40:00.000000 UTC,49210,22.1799,25.4795
28255,39261,2016-02-19 15:55:00.000000 UTC,35770,22.18,27.5239
39261,16111,2016-02-14 12:10:00.000000 UTC,25450,22.1816,27.4543
16111,29093,2016-02-09 06:55:00.000000 UTC,46090,22.182,28.422
28255,39261,2016-02-18 07:25:00.000000 UTC,30010,22.1823,28.3391
28255,16111,2016-02-19 04:25:00.000000 UTC,55270,22.1824,28.1325
29093,28255,2016-02-02 06:01:40.000000 UTC,12370,22.1828,22.1655
28255,39261,2016-02-19 09:15:00.000000 UTC,50830,22.1828,27.5303
39261,16111,2016-02-17 12:25:00.000000 UTC,51850,22.1839,25.4311
39261,29093,2016-02-18 01:45:00.000000 UTC,38590,22.1847,28.5485
16111,39261,2016-02-06 22:46:40.000000 UTC,15130,22.1856,26.3315
39261,16111,2016-02-13 15:45:00.000000 UTC,58690,22.1868,28.495
16111,28255,2016-02-09 20:31:40.000000 UTC,42250,22.1869,26.3061
16111,29093,2016-02-08 00:50:00.000000 UTC,36490,22.187,27.5733
16111,28255,2016-02-06 23:20:00.000000 UTC,37510,22.188,25.3492
16111,28255,2016-02-07 22:15:00.000000 UTC,34750,22.1894,28.2618
29093,28255,2016-02-01 00:01:40.000000 UTC,46570,22.1902,26.0669
29093,39261,2016-02-01 00:00:00.000000 UTC,39670,22.1905,24.9517
28255,29093,2016-02-20 21:40:00.000000 UTC,48730,22.191,17.1424
29093,16111,2016-02-02 20:20:00.000000 UTC,8290,22.1911,27.4704
29093,16111,2016-02-04 03:01:40.000000 UTC,39010,22.1918,26.8657
16111,29093,2016-02-11 18:55:00.000000 UTC,53170,22.1926,28.7829
29093,28255,2016-02-05 17:45:00.000000 UTC,26710,22.1932,29.2197
28255,29093,2016-02-22 00:45:00.000000 UTC,50650,22.1936,27.504
16111,39261,2016-02-06 21:16:40.000000 UTC,14590,22.1937,26.8527
39261,28255,2016-02-16 11:50:00.000000 UTC,9970,22.1938,25.9862
39261,29093,2016-02-16 09:31:40.000000 UTC,59770,22.1943,28.1861
39261,29093,2016-02-13 21:01:40.000000 UTC,7570,22.1948,22.2092
39261,28255,2016-02-14 10:31:40.000000 UTC,54370,22.1957,24.3838
28255,39261,2016-02-18 06:40:00.000000 UTC,37750,22.1962,26.7517
39261,28255,2016-02-16 14:10:00.000000 UTC,47410,22.1964,25.5504
28255,16111,2016-02-18 09:15:00.000000 UTC,31450,22.1968,27.9578
39261,16111,2016-02-12 20:01:40.000000 UTC,44350,22.1975,28.5027
16111,28255,2016-02-06 18:45:00.000000 UTC,46390,22.1978,27.6896
29093,28255,2016-02-01 18:30:00.000000 UTC,49990,22.1981,27.7859
29093,28255,2016-02-01 23:55:00.000000 UTC,16210,22.1983,22.556
29093,39261,2016-02-02 01:05:00.000000 UTC,34810,22.1993,27.6504
28255,16111,2016-02-23 08:31:40.000000 UTC,14650,22.1999,29.49
16111,29093,2016-02-07 12:00:00.000000 UTC,39850,22.2,26.1886
39261,29093,2016-02-12 11:05:00.000000 UTC,59770,22.2005,28.4528
28255,29093,2016-02-20 07:20:00.000000 UTC,58270,22.2013,29.5359
29093,39261,2016-02-01 00:05:00.000000 UTC,50050,22.2014,26.9701
16111,39261,2016-02-07 01:50:00.000000 UTC,26110,22.2015,26.2656
16111,28255,2016-02-10 13:45:00.000000 UTC,38950,22.2015,24.6768
16111,28255,2016-02-06 18:30:00.000000 UTC,46630,22.2017,26.6781
16111,39261,2016-02-09 22:35:00.000000 UTC,53290,22.2021,28.1539
39261,16111,2016-02-16 23:46:40.000000 UTC,17710,22.2022,26.6833
39261,28255,2016-02-13 04:30:00.000000 UTC,55210,22.2032,26.0905
16111,29093,2016-02-06 19:40:00.000000 UTC,35770,22.204,27.6206
29093,28255,2016-02-04 05:05:00.000000 UTC,29530,22.2044,28.4868
39261,28255,2016-02-15 10:00:00.000000 UTC,35950,22.2046,19.2515
16111,28255,2016-02-11 01:25:00.000000 UTC,39250,22.2048,28.3938
29093,28255,2016-02-04 05:05:00.000000 UTC,50470,22.2053,27.6773
16111,39261,2016-02-12 00:10:00.000000 UTC,39850,22.2068,27.5158
29093,39261,2016-02-03 11:35:00.000000 UTC,46570,22.2076,28.727
39261,29093,2016-02-12 17:25:00.000000 UTC,47470,22.2076,26.5691
28255,29093,2016-02-19 20:15:00.000000 UTC,52270,22.2076,28.1137
28255,39261,2016-02-18 04:55:00.000000 UTC,46270,22.2081,27.6604
29093,39261,2016-02-05 22:50:00.000000 UTC,40270,22.2083,26.4075
16111,39261,2016-02-07 02:31:40.000000 UTC,46150,22.2084,27.6574
16111,29093,2016-02-08 02:10:00.000000 UTC,46030,22.2086,25.6823
16111,39261,2016-02-07 09:05:00.000000 UTC,33010,22.2088,28.7516
39261,29093,2016-02-18 01:45:00.000000 UTC,49990,22.209,28.4584
16111,39261,2016-02-10 23:01:40.000000 UTC,36790,22.2099,25.0496
28255,29093,2016-02-22 19:45:00.000000 UTC,57850,22.211,28.6512
29093,16111,2016-02-01 01:31:40.000000 UTC,52630,22.2112,24.9599
39261,16111,2016-02-12 18:01:40.000000 UTC,50350,22.2114,28.304
29093,28255,2016-02-01 01:00:00.000000 UTC,45730,22.2116,29.2661
28255,29093,2016-02-18 12:10:00.000000 UTC,39850,22.2134,25.2079
16111,39261,2016-02-07 18:35:00.000000 UTC,56590,22.2135,28.245
39261,28255,2016-02-14 07:20:00.000000 UTC,59290,22.2135,28.555
39261,16111,2016-02-14 17:15:00.000000 UTC,37990,22.214,28.1457
28255,39261,2016-02-21 03:30:00.000000 UTC,24190,22.214,22.4097
29093,39261,2016-02-03 13:25:00.000000 UTC,18130,22.2141,22.258
28255,29093,2016-02-23 08:31:40.000000 UTC,38350,22.2141,28.2635
39261,29093,2016-02-17 04:45:00.000000 UTC,46150,22.2143,26.6793
29093,16111,2016-02-03 01:10:00.000000 UTC,34150,22.2144,26.4974
29093,28255,2016-02-01 00:46:40.000000 UTC,36310,22.2145,25.1973
29093,39261,2016-02-01 14:40:00.000000 UTC,19090,22.215,22.2476
16111,39261,2016-02-07 18:35:00.000000 UTC,47290,22.2151,27.8912
28255,39261,2016-02-18 05:05:00.000000 UTC,50170,22.216,25.6465
29093,39261,2016-02-02 01:05:00.000000 UTC,34150,22.2162,25.2177
16111,28255,2016-02-10 11:30:00.000000 UTC,59410,22.2165,30.9016
16111,28255,2016-02-06 17:46:40.000000 UTC,46690,22.2169,25.6907
39261,28255,2016-02-12 13:55:00.000000 UTC,51970,22.2171,27.4983
29093,28255,2016-02-04 11:25:00.000000 UTC,45910,22.2178,27.3344
16111,28255,2016-02-08 06:20:00.000000 UTC,45550,22.2181,28.0255
16111,39261,2016-02-08 22:01:40.000000 UTC,36190,22.2181,24.5322
28255,39261,2016-02-19 01:05:00.000000 UTC,10570,22.2184,25.566
28255,29093,2016-02-19 01:05:00.000000 UTC,53650,22.2186,27.7666
39261,16111,2016-02-13 19:40:00.000000 UTC,49630,22.2188,29.5261
16111,39261,2016-02-07 08:10:00.000000 UTC,42550,22.2209,24.3542
28255,29093,2016-02-18 23:00:00.000000 UTC,50890,22.2214,28.0884
29093,16111,2016-02-03 11:35:00.000000 UTC,50230,22.2219,28.5198
28255,29093,2016-02-23 03:20:00.000000 UTC,23110,22.222,25.5082
16111,29093,2016-02-10 23:01:40.000000 UTC,38470,22.2222,28.1669
29093,39261,2016-02-01 01:00:00.000000 UTC,55990,22.2224,28.2278
28255,39261,2016-02-18 06:01:40.000000 UTC,52690,22.2226,28.7133
39261,29093,2016-02-13 23:50:00.000000 UTC,51370,22.2227,26.9688
16111,29093,2016-02-08 09:15:00.000000 UTC,42430,22.2231,28.0082
29093,28255,2016-02-01 05:16:40.000000 UTC,43630,22.2234,27.1231
28255,39261,2016-02-20 14:16:40.000000 UTC,22810,22.2246,22.2376
29093,39261,2016-02-04 18:00:00.000000 UTC,43390,22.2249,24.9506
29093,39261,2016-02-01 00:35:00.000000 UTC,40630,22.2252,28.082
28255,29093,2016-02-23 00:46:40.000000 UTC,48370,22.2252,28.2664
16111,29093,2016-02-11 21:31:40.000000 UTC,38530,22.2259,26.2168
28255,29093,2016-02-23 08:31:40.000000 UTC,53890,22.2259,18.5329
29093,16111,2016-02-01 00:01:40.000000 UTC,46210,22.2264,28.2283
16111,39261,2016-02-06 17:40:00.000000 UTC,30970,22.2265,28.8985
16111,29093,2016-02-10 00:40:00.000000 UTC,40930,22.2265,28.0465
28255,29093,2016-02-19 08:00:00.000000 UTC,57010,22.2266,30.2048
29093,28255,2016-02-03 02:50:00.000000 UTC,20950,22.2268,27.6337
16111,29093,2016-02-07 03:15:00.000000 UTC,41590,22.2274,27.8327
39261,28255,2016-02-17 09:50:00.000000 UTC,48850,22.2274,18.0584
39261,16111,2016-02-18 04:30:00.000000 UTC,58030,22.2282,28.4909
28255,39261,2016-02-19 13:10:00.000000 UTC,50830,22.2284,28.0031
16111,39261,2016-02-08 20:20:00.000000 UTC,51970,22.2287,27.8311
28255,39261,2016-02-18 07:25:00.000000 UTC,9250,22.2287,22.2266
16111,39261,2016-02-08 10:45:00.000000 UTC,49030,22.2288,28.4182
28255,16111,2016-02-18 10:55:00.000000 UTC,49210,22.2297,13.1137
28255,29093,2016-02-22 00:45:00.000000 UTC,47530,22.2304,28.3874
29093,39261,2016-02-01 15:35:00.000000 UTC,35710,22.2311,27.2335
16111,29093,2016-02-08 18:40:00.000000 UTC,28270,22.2312,29.757
28255,16111,2016-02-22 19:45:00.000000 UTC,49510,22.2313,28.4077
16111,39261,2016-02-07 15:10:00.000000 UTC,2350,22.2329,22.2679
39261,28255,2016-02-14 13:50:00.000000 UTC,6550,22.233,22.2699
16111,29093,2016-02-06 17:30:00.000000 UTC,30250,22.2335,28.0184
39261,29093,2016-02-12 16:50:00.000000 UTC,49690,22.2352,27.785
28255,16111,2016-02-18 21:01:40.000000 UTC,56590,22.2355,29.072
16111,39261,2016-02-07 23:31:40.000000 UTC,34150,22.2361,26.7303
29093,28255,2016-02-01 12:05:00.000000 UTC,54670,22.2366,27.6981
39261,28255,2016-02-14 02:45:00.000000 UTC,18910,22.2372,22.2507
28255,16111,2016-02-22 00:45:00.000000 UTC,36190,22.2372,24.8224
29093,16111,2016-02-01 09:45:00.000000 UTC,51490,22.2373,28.6202
28255,29093,2016-02-19 05:35:00.000000 UTC,47350,22.238,26.7847
39261,16111,2016-02-18 01:45:00.000000 UTC,41770,22.2394,28.6564
39261,28255,2016-02-16 18:55:00.000000 UTC,53830,22.2409,27.9789
29093,39261,2016-02-01 23:55:00.000000 UTC,46570,22.2412,28.1683
39261,29093,2016-02-12 16:16:40.000000 UTC,58570,22.2428,28.2269
39261,28255,2016-02-14 04:15:00.000000 UTC,56410,22.2431,27.8499
28255,29093,2016-02-18 13:31:40.000000 UTC,55870,22.2432,28.094
16111,28255,2016-02-08 22:01:40.000000 UTC,32950,22.2434,28.9868
29093,28255,2016-02-01 00:10:00.000000 UTC,49210,22.2445,29.2115
16111,29093,2016-02-06 17:31:40.000000 UTC,50170,22.245,28.2383
29093,28255,2016-02-06 09:20:00.000000 UTC,39730,22.2456,26.0526
39261,28255,2016-02-12 11:25:00.000000 UTC,46270,22.2457,27.7163
28255,16111,2016-02-19 15:55:00.000000 UTC,44290,22.2457,28.7778
29093,28255,2016-02-03 21:01:40.000000 UTC,54550,22.2458,28.3266
29093,39261,2016-02-02 21:55:00.000000 UTC,37570,22.2462,26.9301
28255,16111,2016-02-18 04:35:00.000000 UTC,14290,22.2485,29.594
39261,16111,2016-02-16 14:10:00.000000 UTC,7570,22.2486,22.3497
29093,16111,2016-02-01 23:55:00.000000 UTC,8530,22.2487,26.4037
29093,28255,2016-02-04 07:10:00.000000 UTC,47830,22.2488,28.8579
29093,28255,2016-02-04 09:16:40.000000 UTC,21550,22.2495,26.9452
28255,39261,2016-02-20 05:40:00.000000 UTC,57610,22.2495,28.0354
16111,29093,2016-02-09 14:31:40.000000 UTC,26170,22.2506,26.9829
16111,29093,2016-02-07 00:31:40.000000 UTC,38890,22.2518,28.7512
39261,28255,2016-02-14 19:00:00.000000 UTC,3190,22.2522,29.6662
29093,39261,2016-02-01 08:20:00.000000 UTC,42070,22.2523,26.2961
39261,29093,2016-02-12 11:10:00.000000 UTC,45190,22.2526,26.7893
39261,28255,2016-02-13 17:01:40.000000 UTC,47950,22.2526,28.4043
28255,39261,2016-02-19 21:45:00.000000 UTC,48190,22.2526,28.1724
29093,39261,2016-02-01 02:31:40.000000 UTC,49990,22.2534,29.0436
29093,28255,2016-02-05 12:46:40.000000 UTC,40030,22.2539,24.3359
16111,29093,2016-02-12 00:10:00.000000 UTC,39010,22.2548,27.7839
39261,16111,2016-02-12 12:31:40.000000 UTC,43330,22.2548,28.6269
39261,29093,2016-02-14 05:46:40.000000 UTC,52150,22.2551,27.9347
29093,39261,2016-02-05 22:50:00.000000 UTC,9490,22.2552,22.2316
29093,39261,2016-02-06 14:45:00.000000 UTC,38230,22.2553,26.1206
28255,39261,2016-02-19 08:00:00.000000 UTC,4690,22.2565,29.4843
29093,28255,2016-02-02 08:40:00.000000 UTC,43690,22.2576,27.7919
29093,39261,2016-02-05 00:50:00.000000 UTC,46930,22.2582,27.367
16111,39261,2016-02-06 18:45:00.000000 UTC,46630,22.2583,28.0366
16111,39261,2016-02-06 18:45:00.000000 UTC,46510,22.2586,27.6687
28255,39261,2016-02-18 19:10:00.000000 UTC,56590,22.2594,26.5258
16111,39261,2016-02-08 10:45:00.000000 UTC,46150,22.2595,28.7601
39261,28255,2016-02-12 23:55:00.000000 UTC,49090,22.2602,27.1634
39261,28255,2016-02-15 14:01:40.000000 UTC,56290,22.2608,30.5934
29093,16111,2016-02-02 18:46:40.000000 UTC,41950,22.2609,27.9068
29093,28255,2016-02-04 13:35:00.000000 UTC,48910,22.2627,28.0819
29093,39261,2016-02-01 01:50:00.000000 UTC,56230,22.2629,28.1112
28255,39261,2016-02-19 09:15:00.000000 UTC,22390,22.2633,22.3358
28255,39261,2016-02-21 15:55:00.000000 UTC,53710,22.2634,25.7474
16111,28255,2016-02-07 08:10:00.000000 UTC,34090,22.2636,26.9237
28255,39261,2016-02-19 18:46:40.000000 UTC,15910,22.264,22.1671
29093,39261,2016-02-01 22:46:40.000000 UTC,9430,22.2641,24.4509
28255,39261,2016-02-21 13:46:40.000000 UTC,59410,22.2644,26.658
29093,28255,2016-02-01 00:05:00.000000 UTC,18790,22.2647,26.832
28255,29093,2016-02-18 13:31:40.000000 UTC,32890,22.2648,28.8947
29093,39261,2016-02-01 06:25:00.000000 UTC,44890,22.265,29.049
28255,39261,2016-02-18 05:45:00.000000 UTC,46330,22.2654,27.6828
16111,28255,2016-02-07 16:16:40.000000 UTC,51550,22.2655,27.7119
28255,16111,2016-02-19 05:35:00.000000 UTC,46030,22.2657,26.9455
28255,39261,2016-02-20 14:16:40.000000 UTC,30130,22.2658,25.2194
28255,39261,2016-02-18 20:05:00.000000 UTC,43930,22.2668,28.2424
29093,16111,2016-02-04 22:31:40.000000 UTC,38950,22.268,25.0711
28255,16111,2016-02-18 04:46:40.000000 UTC,22330,22.2686,22.26
29093,39261,2016-02-01 03:20:00.000000 UTC,56530,22.2692,28.3551
29093,39261,2016-02-01 16:31:40.000000 UTC,53950,22.2692,28.1385
29093,16111,2016-02-02 21:55:00.000000 UTC,41890,22.2698,27.9762
28255,29093,2016-02-20 21:40:00.000000 UTC,30070,22.2701,26.4688
29093,28255,2016-02-01 00:25:00.000000 UTC,52150,22.2703,27.9062
29093,28255,2016-02-03 06:15:00.000000 UTC,40150,22.2703,25.669
16111,39261,2016-02-09 20:31:40.000000 UTC,52630,22.2705,28.2568
29093,39261,2016-02-01 00:01:40.000000 UTC,50050,22.2708,26.917
29093,16111,2016-02-03 08:00:00.000000 UTC,50410,22.2709,28.209
28255,29093,2016-02-19 06:46:40.000000 UTC,50830,22.2714,15.1844
28255,16111,2016-02-20 12:30:00.000000 UTC,52210,22.2715,29.0441
39261,28255,2016-02-13 17:01:40.000000 UTC,51130,22.2717,28.3573
39261,16111,2016-02-13 14:30:00.000000 UTC,53470,22.272,28.1951
16111,28255,2016-02-08 04:55:00.000000 UTC,13630,22.2723,22.3112
39261,16111,2016-02-17 23:01:40.000000 UTC,31810,22.2727,26.7502
29093,28255,2016-02-01 04:45:00.000000 UTC,44050,22.2732,28.6161
39261,16111,2016-02-17 07:16:40.000000 UTC,49930,22.2734,29.3524
39261,16111,2016-02-16 16:31:40.000000 UTC,53350,22.2739,28.157
29093,28255,2016-02-02 08:40:00.000000 UTC,40390,22.2745,29.2646
39261,29093,2016-02-12 20:01:40.000000 UTC,49390,22.275,29.1465
16111,29093,2016-02-09 20:31:40.000000 UTC,43450,22.2755,28.4454
29093,28255,2016-02-01 00:16:40.000000 UTC,5290,22.2758,22.2796
29093,39261,2016-02-01 00:16:40.000000 UTC,46210,22.2761,26.9675
39261,29093,2016-02-18 01:45:00.000000 UTC,35170,22.2766,24.9363
29093,39261,2016-02-01 21:40:00.000000 UTC,25810,22.2768,24.2634
16111,39261,2016-02-06 18:16:40.000000 UTC,49810,22.2768,27.8631
29093,28255,2016-02-06 01:25:00.000000 UTC,53470,22.2769,28.79
28255,16111,2016-02-18 07:50:00.000000 UTC,33730,22.2771,24.6938
28255,39261,2016-02-20 07:20:00.000000 UTC,57670,22.2771,28.0664
28255,39261,2016-02-20 23:35:00.000000 UTC,55450,22.2773,28.6723
16111,28255,2016-02-10 02:46:40.000000 UTC,44290,22.2774,28.2503
39261,16111,2016-02-13 06:31:40.000000 UTC,52570,22.2778,28.1856
39261,29093,2016-02-15 02:16:40.000000 UTC,41710,22.278,27.902
16111,28255,2016-02-12 05:31:40.000000 UTC,37690,22.2791,25.0377
16111,39261,2016-02-12 11:00:00.000000 UTC,43270,22.2799,28.6292
39261,28255,2016-02-15 08:01:40.000000 UTC,55090,22.2803,27.3162
39261,28255,2016-02-14 10:31:40.000000 UTC,45910,22.2808,16.7742
28255,39261,2016-02-21 01:31:40.000000 UTC,55270,22.2813,27.949
29093,16111,2016-02-03 15:16:40.000000 UTC,35230,22.2814,25.0971
16111,29093,2016-02-12 05:31:40.000000 UTC,36550,22.2823,28.2891
16111,28255,2016-02-10 07:05:00.000000 UTC,41950,22.2825,29.3515
39261,16111,2016-02-14 08:55:00.000000 UTC,34390,22.2825,27.3584
39261,29093,2016-02-16 18:55:00.000000 UTC,46990,22.283,25.1544
39261,28255,2016-02-12 23:55:00.000000 UTC,54850,22.2836,27.9198
39261,28255,2016-02-13 04:30:00.000000 UTC,57730,22.2838,28.6871
29093,28255,2016-02-01 18:30:00.000000 UTC,50050,22.2844,27.5992
29093,39261,2016-02-05 07:55:00.000000 UTC,36730,22.2845,27.3891
39261,28255,2016-02-13 18:20:00.000000 UTC,54250,22.2849,27.3675
29093,16111,2016-02-06 09:20:00.000000 UTC,45430,22.2865,28.1934
29093,28255,2016-02-01 16:31:40.000000 UTC,46690,22.287,29.1862
39261,16111,2016-02-12 16:50:00.000000 UTC,47470,22.287,29.4718
39261,29093,2016-02-14 13:50:00.000000 UTC,33190,22.2871,26.8307
28255,16111,2016-02-20 02:25:00.000000 UTC,40930,22.2876,24.9021
16111,39261,2016-02-09 05:05:00.000000 UTC,44890,22.2885,27.5177
39261,28255,2016-02-13 14:30:00.000000 UTC,22690,22.2896,29.7659
29093,39261,2016-02-01 13:46:40.000000 UTC,49930,22.2899,27.7954
16111,28255,2016-02-07 04:00:00.000000 UTC,8530,22.2904,22.2947
29093,28255,2016-02-01 23:55:00.000000 UTC,51190,22.2918,27.7163
29093,39261,2016-02-05 20:16:40.000000 UTC,49450,22.2918,27.5726
16111,28255,2016-02-08 13:50:00.000000 UTC,28750,22.2925,24.6558
28255,39261,2016-02-18 10:55:00.000000 UTC,46870,22.2927,28.579
39261,28255,2016-02-17 04:45:00.000000 UTC,35530,22.2928,27.4954
16111,28255,2016-02-07 09:05:00.000000 UTC,46870,22.293,29.1251
16111,29093,2016-02-06 18:16:40.000000 UTC,30250,22.2934,27.8831
29093,39261,2016-02-06 01:25:00.000000 UTC,56650,22.2943,28.174
29093,39261,2016-02-05 20:16:40.000000 UTC,45850,22.2944,27.4733
39261,28255,2016-02-16 16:31:40.000000 UTC,17230,22.2951,22.2515
28255,39261,2016-02-22 00:45:00.000000 UTC,59350,22.2957,28.3389
29093,16111,2016-02-04 07:10:00.000000 UTC,35170,22.2964,26.5448
28255,16111,2016-02-18 09:46:40.000000 UTC,50830,22.2968,28.3539
28255,16111,2016-02-19 01:05:00.000000 UTC,56110,22.297,27.8368
16111,39261,2016-02-10 13:45:00.000000 UTC,33910,22.2979,25.9551
28255,29093,2016-02-19 13:10:00.000000 UTC,19030,22.298,22.2796
39261,16111,2016-02-13 22:25:00.000000 UTC,54070,22.2982,28.4175
29093,28255,2016-02-01 00:01:40.000000 UTC,16090,22.2983,27.9941
29093,39261,2016-02-04 07:10:00.000000 UTC,49030,22.2983,29.1285
39261,29093,2016-02-12 20:01:40.000000 UTC,58390,22.2988,25.6298
16111,39261,2016-02-08 04:55:00.000000 UTC,43810,22.299,26.5018
16111,29093,2016-02-07 22:15:00.000000 UTC,18010,22.2993,22.3697
29093,39261,2016-02-04 01:00:00.000000 UTC,50710,22.2994,26.691
29093,39261,2016-02-01 01:15:00.000000 UTC,46570,22.2996,27.2178
28255,39261,2016-02-20 09:01:40.000000 UTC,57010,22.3004,29.7845
29093,39261,2016-02-01 23:55:00.000000 UTC,55690,22.301,28.5762
16111,39261,2016-02-12 08:15:00.000000 UTC,41530,22.3014,25.2993
16111,28255,2016-02-07 02:31:40.000000 UTC,44950,22.3016,28.1474
28255,39261,2016-02-18 06:01:40.000000 UTC,49330,22.302,28.3758
29093,39261,2016-02-03 08:00:00.000000 UTC,10690,22.3027,22.3769
16111,29093,2016-02-12 08:15:00.000000 UTC,42730,22.3029,26.8123
28255,16111,2016-02-18 04:31:40.000000 UTC,51910,22.3031,28.0416
39261,16111,2016-02-13 01:40:00.000000 UTC,42730,22.3041,28.147
29093,16111,2016-02-01 08:20:00.000000 UTC,46090,22.3042,27.9832
16111,29093,2016-02-11 06:16:40.000000 UTC,38710,22.3043,28.4015
39261,28255,2016-02-14 20:46:40.000000 UTC,58510,22.3047,29.073
28255,29093,2016-02-22 03:01:40.000000 UTC,52690,22.3068,28.334
16111,29093,2016-02-10 13:45:00.000000 UTC,37630,22.3082,25.8926
29093,28255,2016-02-04 18:00:00.000000 UTC,47530,22.3085,26.5536
39261,28255,2016-02-13 04:30:00.000000 UTC,54370,22.3087,28.6915
28255,39261,2016-02-20 05:40:00.000000 UTC,54490,22.3089,28.126
39261,28255,2016-02-16 23:46:40.000000 UTC,53890,22.3102,28.7283
28255,16111,2016-02-21 03:30:00.000000 UTC,7630,22.3102,25.6856
29093,16111,2016-02-05 00:50:00.000000 UTC,40150,22.3106,26.0434
28255,16111,2016-02-20 04:01:40.000000 UTC,55450,22.3106,28.518
28255,39261,2016-02-21 20:16:40.000000 UTC,9490,22.3106,29.5924
29093,16111,2016-02-01 17:30:00.000000 UTC,46150,22.3113,26.8482
39261,16111,2016-02-15 18:10:00.000000 UTC,41650,22.3115,24.538
28255,29093,2016-02-18 18:16:40.000000 UTC,38110,22.3115,27.3611
29093,28255,2016-02-01 22:46:40.000000 UTC,45490,22.3117,25.7486
28255,16111,2016-02-22 17:16:40.000000 UTC,58450,22.3122,28.7718
16111,28255,2016-02-06 19:01:40.000000 UTC,56710,22.3125,17.7423
28255,39261,2016-02-18 20:05:00.000000 UTC,50050,22.3126,28.1561
16111,39261,2016-02-07 22:15:00.000000 UTC,35590,22.3127,25.0736
29093,39261,2016-02-03 21:01:40.000000 UTC,49390,22.313,27.6304
16111,28255,2016-02-10 23:01:40.000000 UTC,35050,22.3133,25.1145
39261,16111,2016-02-12 23:05:00.000000 UTC,4210,22.3137,29.9295
28255,29093,2016-02-23 00:46:40.000000 UTC,29110,22.314,26.3456
29093,28255,2016-02-04 05:05:00.000000 UTC,46930,22.3142,27.554
16111,29093,2016-02-08 12:16:40.000000 UTC,39730,22.3143,29.0131
28255,39261,2016-02-19 01:05:00.000000 UTC,53410,22.3143,28.4936
39261,28255,2016-02-17 07:16:40.000000 UTC,48970,22.3149,16.59
39261,16111,2016-02-13 07:35:00.000000 UTC,16450,22.3154,26.3491
39261,28255,2016-02-15 06:05:00.000000 UTC,42730,22.316,25.13
29093,28255,2016-02-01 16:31:40.000000 UTC,46630,22.3164,29.0363
16111,28255,2016-02-08 03:31:40.000000 UTC,46570,22.3166,17.0658
28255,39261,2016-02-18 10:55:00.000000 UTC,34570,22.3166,27.5608
28255,16111,2016-02-22 07:40:00.000000 UTC,59230,22.3168,16.9142
29093,39261,2016-02-01 13:46:40.000000 UTC,49810,22.3174,27.4222
39261,29093,2016-02-13 04:30:00.000000 UTC,56470,22.3181,25.1613
39261,16111,2016-02-12 11:01:40.000000 UTC,50170,22.3182,25.7874
16111,39261,2016-02-11 01:25:00.000000 UTC,43390,22.3188,25.7535
29093,16111,2016-02-01 03:46:40.000000 UTC,35350,22.3189,26.3742
16111,39261,2016-02-11 08:45:00.000000 UTC,45490,22.3192,25.846
29093,16111,2016-02-02 01:05:00.000000 UTC,46150,22.3195,26.0059
16111,39261,2016-02-06 18:05:00.000000 UTC,45610,22.32,25.1644
28255,16111,2016-02-18 04:55:00.000000 UTC,45490,22.32,25.032
39261,28255,2016-02-12 16:16:40.000000 UTC,8410,22.3203,22.5467
39261,28255,2016-02-16 09:31:40.000000 UTC,54430,22.3203,28.4862
28255,39261,2016-02-18 08:16:40.000000 UTC,50290,22.3204,25.6881
16111,29093,2016-02-07 17:25:00.000000 UTC,11650,22.3208,26.5288
28255,29093,2016-02-18 17:25:00.000000 UTC,10270,22.3208,26.5494
39261,28255,2016-02-14 17:15:00.000000 UTC,1330,22.321,22.3306
16111,28255,2016-02-09 06:55:00.000000 UTC,45790,22.3219,29.0328
16111,39261,2016-02-06 17:30:00.000000 UTC,49990,22.3228,26.4324
16111,39261,2016-02-07 13:01:40.000000 UTC,49390,22.3229,26.9026
29093,16111,2016-02-01 09:45:00.000000 UTC,55870,22.323,31.4717
39261,29093,2016-02-14 15:31:40.000000 UTC,30370,22.3238,27.5143
39261,28255,2016-02-14 02:45:00.000000 UTC,42010,22.3247,26.9227
29093,16111,2016-02-01 06:25:00.000000 UTC,19690,22.3248,22.2379
28255,29093,2016-02-23 16:31:40.000000 UTC,53710,22.3253,28.4298
29093,39261,2016-02-03 19:05:00.000000 UTC,31270,22.3258,25.1652
28255,16111,2016-02-18 04:35:00.000000 UTC,5530,22.326,22.3986
39261,28255,2016-02-12 13:31:40.000000 UTC,39490,22.3261,24.9016
29093,28255,2016-02-04 09:16:40.000000 UTC,22390,22.3266,22.3792
16111,39261,2016-02-07 00:31:40.000000 UTC,42370,22.3267,28.3746
29093,16111,2016-02-01 00:01:40.000000 UTC,19150,22.3278,22.3313
16111,28255,2016-02-07 13:01:40.000000 UTC,45490,22.3279,25.0017
16111,39261,2016-02-06 18:30:00.000000 UTC,46330,22.328,27.3636
28255,39261,2016-02-20 10:45:00.000000 UTC,16570,22.3285,22.3772
28255,16111,2016-02-19 02:10:00.000000 UTC,31990,22.3297,29.947
28255,29093,2016-02-19 14:31:40.000000 UTC,32410,22.3308,29.6587
39261,28255,2016-02-13 04:30:00.000000 UTC,39970,22.3315,28.5633
28255,29093,2016-02-22 19:45:00.000000 UTC,24970,22.3318,23.5922
28255,29093,2016-02-18 08:45:00.000000 UTC,46150,22.332,25.5281
29093,28255,2016-02-04 20:15:00.000000 UTC,17830,22.3324,27.2125
39261,29093,2016-02-12 16:16:40.000000 UTC,55570,22.3327,28.2602
39261,28255,2016-02-13 10:55:00.000000 UTC,51070,22.3332,27.3201
29093,39261,2016-02-02 20:20:00.000000 UTC,45790,22.334,28.2446
28255,39261,2016-02-20 09:01:40.000000 UTC,40450,22.3344,24.7036
39261,29093,2016-02-13 12:05:00.000000 UTC,5110,22.3346,23.9124
39261,29093,2016-02-13 18:20:00.000000 UTC,52570,22.3347,27.4628
16111,39261,2016-02-12 05:31:40.000000 UTC,41830,22.3348,28.8374
28255,39261,2016-02-22 12:25:00.000000 UTC,46390,22.3351,28.9327
39261,29093,2016-02-12 11:46:40.000000 UTC,50950,22.3352,27.9838
29093,28255,2016-02-01 00:10:00.000000 UTC,48970,22.3353,28.5764
16111,39261,2016-02-07 21:00:00.000000 UTC,45790,22.3356,26.1427
29093,39261,2016-02-01 15:35:00.000000 UTC,23650,22.3359,27.0322
16111,28255,2016-02-12 02:50:00.000000 UTC,53050,22.3362,27.7535
28255,29093,2016-02-23 16:31:40.000000 UTC,44770,22.3368,26.71
39261,29093,2016-02-12 22:16:40.000000 UTC,3790,22.3369,29.8985
39261,28255,2016-02-15 06:05:00.000000 UTC,8890,22.3371,29.7569
29093,16111,2016-02-05 20:16:40.000000 UTC,27250,22.3373,24.067
29093,28255,2016-02-03 02:50:00.000000 UTC,10870,22.3374,22.3594
29093,39261,2016-02-03 08:00:00.000000 UTC,57910,22.3383,28.4454
29093,28255,2016-02-01 00:46:40.000000 UTC,25270,22.3388,28.1747
28255,29093,2016-02-19 00:01:40.000000 UTC,59470,22.3388,27.8714
16111,29093,2016-02-10 04:55:00.000000 UTC,43510,22.3394,27.8993
16111,28255,2016-02-07 10:01:40.000000 UTC,46630,22.3395,27.9255
28255,39261,2016-02-19 11:50:00.000000 UTC,53890,22.3399,28.5529
39261,16111,2016-02-13 13:16:40.000000 UTC,21190,22.34,22.3711
29093,28255,2016-02-01 16:31:40.000000 UTC,37210,22.3402,28.7683
16111,39261,2016-02-11 08:45:00.000000 UTC,47590,22.3409,27.8814
28255,39261,2016-02-19 06:46:40.000000 UTC,47770,22.3409,28.7327
39261,28255,2016-02-13 10:55:00.000000 UTC,13030,22.341,25.8812
39261,29093,2016-02-16 07:15:00.000000 UTC,4870,22.3415,22.49
16111,39261,2016-02-09 05:05:00.000000 UTC,44470,22.3417,26.0222
28255,16111,2016-02-20 02:25:00.000000 UTC,44710,22.3418,27.9966
16111,28255,2016-02-07 04:46:40.000000 UTC,44890,22.3422,26.1178
28255,39261,2016-02-20 19:46:40.000000 UTC,48370,22.3423,25.7603
16111,39261,2016-02-07 04:00:00.000000 UTC,49270,22.3428,28.1677
29093,28255,2016-02-05 15:15:00.000000 UTC,18610,22.3429,27.7322
16111,28255,2016-02-09 06:55:00.000000 UTC,45730,22.343,28.877
28255,39261,2016-02-18 07:25:00.000000 UTC,46390,22.343,27.6509
28255,39261,2016-02-18 12:50:00.000000 UTC,46030,22.345,25.6447
28255,39261,2016-02-18 08:45:00.000000 UTC,1450,22.3453,29.6062
16111,39261,2016-02-07 03:15:00.000000 UTC,48910,22.3466,27.7809
16111,29093,2016-02-07 18:35:00.000000 UTC,56290,22.3466,28.8915
28255,39261,2016-02-18 08:16:40.000000 UTC,44110,22.3466,26.0349
29093,39261,2016-02-01 12:05:00.000000 UTC,15070,22.347,29.3922
39261,29093,2016-02-12 17:25:00.000000 UTC,4390,22.3473,29.8876
39261,16111,2016-02-12 14:20:00.000000 UTC,2530,22.3474,30.1346
39261,28255,2016-02-15 00:25:00.000000 UTC,3070,22.3476,29.7844
29093,28255,2016-02-02 17:15:00.000000 UTC,45250,22.3481,27.199
16111,29093,2016-02-11 16:20:00.000000 UTC,36190,22.3481,28.5229
29093,28255,2016-02-01 16:31:40.000000 UTC,10150,22.3482,25.8919
28255,16111,2016-02-22 05:20:00.000000 UTC,49750,22.3484,29.1484
39261,28255,2016-02-14 20:46:40.000000 UTC,59830,22.3485,24.8267
29093,28255,2016-02-01 01:00:00.000000 UTC,51850,22.3486,29.0355
39261,29093,2016-02-13 17:01:40.000000 UTC,32110,22.3492,24.9317
39261,16111,2016-02-12 11:16:40.000000 UTC,8950,22.3495,30.003
16111,29093,2016-02-08 18:40:00.000000 UTC,51370,22.3498,28.6289
16111,39261,2016-02-07 01:10:00.000000 UTC,10030,22.3505,24.9658
16111,29093,2016-02-08 10:45:00.000000 UTC,51190,22.3516,28.5877
28255,16111,2016-02-18 06:01:40.000000 UTC,51910,22.3519,29.0477
16111,29093,2016-02-11 16:20:00.000000 UTC,27610,22.3529,27.5934
29093,39261,2016-02-01 05:16:40.000000 UTC,51070,22.3535,28.0733
28255,29093,2016-02-18 19:10:00.000000 UTC,49090,22.3536,27.9255
28255,29093,2016-02-20 09:01:40.000000 UTC,4450,22.354,30.0641
16111,28255,2016-02-06 17:35:00.000000 UTC,52270,22.3541,27.1461
29093,16111,2016-02-03 08:00:00.000000 UTC,17710,22.3546,22.3583
29093,39261,2016-02-02 03:30:00.000000 UTC,56770,22.3547,28.1542
16111,29093,2016-02-09 18:30:00.000000 UTC,32170,22.3548,28.2186
16111,28255,2016-02-08 17:01:40.000000 UTC,50950,22.3549,29.1845
39261,28255,2016-02-12 15:45:00.000000 UTC,33910,22.3553,26.5971
39261,28255,2016-02-15 14:01:40.000000 UTC,54250,22.3558,25.3025
28255,39261,2016-02-19 09:15:00.000000 UTC,57250,22.3565,26.4157
29093,28255,2016-02-01 21:40:00.000000 UTC,44770,22.3569,27.4089
16111,28255,2016-02-07 22:15:00.000000 UTC,47290,22.3569,26.6184
16111,28255,2016-02-06 21:16:40.000000 UTC,43030,22.3571,25.8123
28255,39261,2016-02-20 00:50:00.000000 UTC,52090,22.3571,25.4434
39261,28255,2016-02-12 11:25:00.000000 UTC,48850,22.3572,29.2088
28255,29093,2016-02-23 05:55:00.000000 UTC,39190,22.3572,27.3181
39261,16111,2016-02-15 16:05:00.000000 UTC,4030,22.3575,29.9824
39261,29093,2016-02-13 14:30:00.000000 UTC,58750,22.3579,28.6003
39261,29093,2016-02-13 15:45:00.000000 UTC,55630,22.3579,28.3934
16111,28255,2016-02-06 23:20:00.000000 UTC,53350,22.3581,28.1499
28255,39261,2016-02-18 06:01:40.000000 UTC,55450,22.3581,28.2765
39261,29093,2016-02-17 12:25:00.000000 UTC,39310,22.3599,28.5797
28255,16111,2016-02-20 07:20:00.000000 UTC,51790,22.361,28.2537
39261,29093,2016-02-15 22:25:00.000000 UTC,49690,22.3614,28.7856
28255,39261,2016-02-20 21:40:00.000000 UTC,23110,22.3622,22.4339
16111,28255,2016-02-09 01:30:00.000000 UTC,10030,22.3627,19.2752
39261,28255,2016-02-16 18:55:00.000000 UTC,14290,22.3628,29.7027
29093,39261,2016-02-01 13:46:40.000000 UTC,49870,22.3631,27.6112
28255,39261,2016-02-23 19:15:00.000000 UTC,55330,22.3631,27.7194
28255,16111,2016-02-18 14:15:00.000000 UTC,50290,22.3633,29.581
29093,28255,2016-02-03 01:10:00.000000 UTC,46390,22.3634,25.2251
16111,39261,2016-02-12 00:10:00.000000 UTC,49090,22.3651,28.5265
16111,29093,2016-02-11 13:46:40.000000 UTC,4570,22.3654,30.3421
39261,28255,2016-02-15 16:05:00.000000 UTC,15070,22.3655,29.8108
28255,29093,2016-02-20 05:40:00.000000 UTC,50530,22.3657,28.5844
16111,39261,2016-02-06 22:15:00.000000 UTC,56830,22.3658,28.3482
16111,28255,2016-02-12 05:31:40.000000 UTC,35530,22.3663,28.1759
39261,16111,2016-02-16 09:31:40.000000 UTC,37750,22.3663,24.9912
29093,16111,2016-02-05 12:46:40.000000 UTC,34210,22.3667,25.6589
29093,28255,2016-02-05 05:31:40.000000 UTC,24010,22.3671,27.7619
28255,39261,2016-02-19 23:16:40.000000 UTC,57790,22.3681,26.5594
39261,29093,2016-02-13 14:30:00.000000 UTC,4750,22.3685,30.047
29093,39261,2016-02-03 15:16:40.000000 UTC,37630,22.3697,24.4509
28255,29093,2016-02-18 13:31:40.000000 UTC,56050,22.3697,27.4765
39261,28255,2016-02-17 12:25:00.000000 UTC,55870,22.3703,28.9149
28255,39261,2016-02-21 07:31:40.000000 UTC,45130,22.3706,27.9926
16111,39261,2016-02-06 17:55:00.000000 UTC,55750,22.3714,27.8729
39261,28255,2016-02-14 15:31:40.000000 UTC,53290,22.3726,27.5586
16111,39261,2016-02-07 09:05:00.000000 UTC,38470,22.3728,27.2709
39261,29093,2016-02-12 11:01:40.000000 UTC,39310,22.3729,25.4198
28255,29093,2016-02-22 07:40:00.000000 UTC,34870,22.373,27.8848
28255,16111,2016-02-22 12:25:00.000000 UTC,24730,22.3735,28.5679
29093,28255,2016-02-03 15:16:40.000000 UTC,21970,22.3742,23.603
16111,28255,2016-02-06 17:46:40.000000 UTC,42190,22.3747,25.6587
29093,39261,2016-02-06 04:01:40.000000 UTC,3970,22.3755,22.9601
39261,28255,2016-02-13 18:20:00.000000 UTC,56710,22.3756,27.5254
39261,28255,2016-02-13 12:05:00.000000 UTC,47890,22.3766,29.045
16111,28255,2016-02-06 17:55:00.000000 UTC,11230,22.3767,22.4555
28255,39261,2016-02-21 13:46:40.000000 UTC,21370,22.3767,29.806
16111,39261,2016-02-12 05:31:40.000000 UTC,34870,22.3783,25.5209
29093,28255,2016-02-05 10:20:00.000000 UTC,44890,22.379,26.8409
39261,29093,2016-02-13 14:30:00.000000 UTC,50410,22.3792,28.6324
28255,39261,2016-02-22 07:40:00.000000 UTC,38530,22.3797,27.6984
29093,28255,2016-02-01 23:55:00.000000 UTC,47650,22.38,27.5548
28255,39261,2016-02-20 00:50:00.000000 UTC,55930,22.3801,29.8169
28255,16111,2016-02-23 19:15:00.000000 UTC,38770,22.3803,28.4323
16111,28255,2016-02-07 04:46:40.000000 UTC,54730,22.3816,27.8483
39261,29093,2016-02-12 14:20:00.000000 UTC,59050,22.3821,28.2972
39261,28255,2016-02-12 15:45:00.000000 UTC,49390,22.3821,27.351
39261,16111,2016-02-14 10:31:40.000000 UTC,2530,22.3822,30.0853
29093,16111,2016-02-06 09:20:00.000000 UTC,48850,22.3827,27.0635
39261,16111,2016-02-13 07:35:00.000000 UTC,22690,22.3832,22.4845
16111,29093,2016-02-07 00:31:40.000000 UTC,18910,22.3833,26.8018
29093,16111,2016-02-03 09:46:40.000000 UTC,41530,22.3835,27.5751
16111,28255,2016-02-07 05:35:00.000000 UTC,8890,22.3839,22.322
16111,29093,2016-02-07 05:35:00.000000 UTC,44350,22.3844,29.6383
28255,29093,2016-02-19 11:50:00.000000 UTC,42550,22.3844,27.4339
28255,39261,2016-02-18 17:25:00.000000 UTC,38230,22.3845,26.6626
39261,28255,2016-02-17 12:25:00.000000 UTC,59170,22.3853,28.3624
16111,28255,2016-02-08 12:16:40.000000 UTC,30730,22.3858,17.5515
39261,16111,2016-02-13 22:25:00.000000 UTC,33070,22.3858,30.0606
29093,28255,2016-02-01 16:31:40.000000 UTC,15550,22.3859,22.3945
39261,28255,2016-02-13 10:55:00.000000 UTC,7030,22.3863,26.0793
39261,29093,2016-02-15 10:00:00.000000 UTC,59890,22.3863,27.7755
28255,16111,2016-02-20 04:01:40.000000 UTC,52510,22.3864,28.2075
29093,16111,2016-02-04 18:00:00.000000 UTC,44530,22.3865,25.8934
28255,16111,2016-02-19 15:55:00.000000 UTC,44230,22.3869,28.6054
28255,16111,2016-02-19 11:50:00.000000 UTC,39190,22.3874,27.2158
16111,39261,2016-02-06 17:40:00.000000 UTC,50350,22.3878,25.2138
16111,28255,2016-02-07 16:16:40.000000 UTC,57250,22.3878,28.6186
16111,28255,2016-02-07 14:05:00.000000 UTC,45430,22.388,26.1637
29093,16111,2016-02-01 00:01:40.000000 UTC,36910,22.3885,25.3669
28255,29093,2016-02-18 04:55:00.000000 UTC,48130,22.3887,25.3172
16111,28255,2016-02-09 01:30:00.000000 UTC,47110,22.3893,28.8107
39261,16111,2016-02-16 14:10:00.000000 UTC,33070,22.3903,30.0896
39261,16111,2016-02-12 20:01:40.000000 UTC,58330,22.3905,28.2992
29093,28255,2016-02-01 01:15:00.000000 UTC,58090,22.3909,28.5255
28255,16111,2016-02-22 07:40:00.000000 UTC,24130,22.3909,27.271
29093,28255,2016-02-01 16:31:40.000000 UTC,55450,22.3923,28.2454
16111,28255,2016-02-07 10:01:40.000000 UTC,50290,22.3932,26.9135
16111,39261,2016-02-12 05:31:40.000000 UTC,41710,22.3932,28.5171
29093,39261,2016-02-04 11:25:00.000000 UTC,42970,22.3934,25.5191
29093,39261,2016-02-03 15:16:40.000000 UTC,40150,22.3935,26.4225
28255,16111,2016-02-23 16:31:40.000000 UTC,24010,22.395,27.7348
29093,39261,2016-02-01 03:46:40.000000 UTC,36970,22.3956,28.6688
28255,39261,2016-02-19 20:15:00.000000 UTC,47530,22.3958,26.2763
16111,39261,2016-02-07 03:15:00.000000 UTC,49090,22.3967,28.3279
39261,28255,2016-02-12 18:01:40.000000 UTC,21190,22.3968,22.3443
39261,29093,2016-02-13 14:30:00.000000 UTC,20410,22.3983,22.2827
39261,16111,2016-02-16 05:00:00.000000 UTC,58570,22.3986,30.3946
16111,29093,2016-02-06 17:40:00.000000 UTC,29590,22.3989,25.2645
28255,39261,2016-02-18 11:31:40.000000 UTC,18070,22.399,25.959
29093,28255,2016-02-05 15:15:00.000000 UTC,57490,22.3991,28.3696
28255,39261,2016-02-20 14:16:40.000000 UTC,39730,22.3992,27.9747
16111,39261,2016-02-10 02:46:40.000000 UTC,48430,22.3993,27.9929
16111,39261,2016-02-06 19:01:40.000000 UTC,49990,22.4002,27.9031
16111,39261,2016-02-06 22:15:00.000000 UTC,38350,22.4006,28.9208
29093,16111,2016-02-01 15:35:00.000000 UTC,38710,22.4016,20.3524
28255,29093,2016-02-19 00:01:40.000000 UTC,32530,22.4017,21.1113
39261,16111,2016-02-14 08:55:00.000000 UTC,2770,22.4021,30.1258
29093,16111,2016-02-02 01:05:00.000000 UTC,46090,22.4025,26.2601
16111,39261,2016-02-11 21:31:40.000000 UTC,47830,22.4035,29.6974
16111,28255,2016-02-06 20:50:00.000000 UTC,53110,22.4043,26.9101
29093,16111,2016-02-05 15:15:00.000000 UTC,49270,22.4055,27.2321
39261,28255,2016-02-14 02:45:00.000000 UTC,53710,22.4064,27.9215
29093,28255,2016-02-02 12:50:00.000000 UTC,53770,22.4067,28.1945
29093,28255,2016-02-01 03:46:40.000000 UTC,29950,22.4071,23.1194
39261,16111,2016-02-14 13:50:00.000000 UTC,42730,22.4071,23.843
29093,16111,2016-02-02 01:05:00.000000 UTC,42730,22.4073,28.838
16111,28255,2016-02-07 23:31:40.000000 UTC,36070,22.4081,24.4386
16111,39261,2016-02-07 04:46:40.000000 UTC,11410,22.4089,22.5388
16111,39261,2016-02-08 22:01:40.000000 UTC,48970,22.409,27.6864
39261,29093,2016-02-13 23:50:00.000000 UTC,12610,22.4095,21.3154
29093,28255,2016-02-06 01:25:00.000000 UTC,50710,22.41,28.7617
16111,28255,2016-02-11 01:25:00.000000 UTC,43030,22.4101,25.7669
28255,16111,2016-02-18 10:55:00.000000 UTC,59290,22.4102,27.8049
39261,16111,2016-02-12 12:50:00.000000 UTC,45610,22.4105,26.3982
28255,16111,2016-02-18 17:25:00.000000 UTC,20230,22.4106,22.4024
16111,29093,2016-02-09 10:40:00.000000 UTC,40630,22.4107,27.8313
29093,28255,2016-02-04 22:31:40.000000 UTC,40390,22.4109,29.2375
28255,29093,2016-02-18 04:40:00.000000 UTC,54610,22.4111,28.3901
39261,29093,2016-02-12 20:01:40.000000 UTC,26410,22.4112,27.0608
39261,28255,2016-02-14 19:00:00.000000 UTC,55990,22.4114,28.341
39261,28255,2016-02-12 23:05:00.000000 UTC,57550,22.4118,27.5467
39261,29093,2016-02-17 15:01:40.000000 UTC,53170,22.4123,26.4929
28255,16111,2016-02-21 01:31:40.000000 UTC,53350,22.4124,28.4183
39261,28255,2016-02-12 11:16:40.000000 UTC,8650,22.4127,22.3062
29093,39261,2016-02-06 09:20:00.000000 UTC,26950,22.4129,29.5155
39261,16111,2016-02-12 16:50:00.000000 UTC,4990,22.413,22.4452
29093,39261,2016-02-03 08:00:00.000000 UTC,46390,22.4131,26.4004
29093,28255,2016-02-05 17:45:00.000000 UTC,20770,22.4138,29.6163
28255,29093,2016-02-20 14:16:40.000000 UTC,43210,22.4141,28.4197
39261,16111,2016-02-12 11:10:00.000000 UTC,2950,22.4148,30.1008
16111,28255,2016-02-06 17:40:00.000000 UTC,49270,22.415,29.4641
39261,28255,2016-02-15 02:16:40.000000 UTC,48670,22.4155,24.6472
29093,39261,2016-02-03 21:01:40.000000 UTC,48790,22.416,29.2734
28255,29093,2016-02-21 09:35:00.000000 UTC,56230,22.4163,28.6867
28255,16111,2016-02-23 08:31:40.000000 UTC,42490,22.4166,17.452
39261,16111,2016-02-15 18:10:00.000000 UTC,48130,22.4168,28.1968
28255,16111,2016-02-19 09:15:00.000000 UTC,33970,22.4168,26.272
29093,28255,2016-02-03 21:01:40.000000 UTC,54250,22.4171,29.1461
28255,16111,2016-02-18 08:16:40.000000 UTC,4690,22.4172,22.4741
29093,39261,2016-02-02 04:45:00.000000 UTC,34390,22.4173,15.5137
39261,16111,2016-02-13 13:16:40.000000 UTC,2530,22.4175,30.0817
28255,29093,2016-02-21 15:55:00.000000 UTC,38110,22.4183,28.2345
29093,39261,2016-02-06 09:20:00.000000 UTC,53050,22.4189,26.7666
39261,29093,2016-02-12 20:01:40.000000 UTC,43510,22.4193,28.2986
28255,29093,2016-02-22 05:20:00.000000 UTC,11890,22.4199,22.4289
29093,39261,2016-02-03 11:35:00.000000 UTC,53590,22.4203,25.6592
39261,16111,2016-02-12 12:00:00.000000 UTC,14470,22.4203,30.1264
28255,39261,2016-02-19 23:16:40.000000 UTC,41710,22.421,26.3577
16111,29093,2016-02-06 22:15:00.000000 UTC,44290,22.4211,29.1783
28255,29093,2016-02-19 00:01:40.000000 UTC,41170,22.4222,30.1667
39261,16111,2016-02-14 20:46:40.000000 UTC,23950,22.4226,23.4662
16111,29093,2016-02-09 01:30:00.000000 UTC,45670,22.423,29.0599
39261,16111,2016-02-16 00:35:00.000000 UTC,8590,22.4231,30.12
39261,28255,2016-02-15 20:16:40.000000 UTC,5170,22.4244,22.6787
39261,28255,2016-02-14 07:20:00.000000 UTC,53110,22.4245,28.9765
39261,16111,2016-02-13 21:01:40.000000 UTC,30310,22.425,23.3768
29093,16111,2016-02-02 11:25:00.000000 UTC,56410,22.4257,28.7681
16111,39261,2016-02-06 18:05:00.000000 UTC,40390,22.4259,27.8922
16111,39261,2016-02-06 20:25:00.000000 UTC,46930,22.4266,27.5001
39261,16111,2016-02-12 12:50:00.000000 UTC,45490,22.427,25.9133
39261,16111,2016-02-12 12:00:00.000000 UTC,2830,22.4273,30.1385
29093,39261,2016-02-01 16:31:40.000000 UTC,54370,22.4278,26.8095
16111,28255,2016-02-11 16:20:00.000000 UTC,29290,22.4279,27.4518
29093,28255,2016-02-01 02:31:40.000000 UTC,52090,22.4286,29.2484
29093,39261,2016-02-01 23:55:00.000000 UTC,21430,22.429,22.4139
28255,29093,2016-02-18 05:05:00.000000 UTC,46270,22.4302,27.9559
28255,16111,2016-02-23 16:31:40.000000 UTC,47890,22.4303,27.7767
16111,28255,2016-02-09 08:46:40.000000 UTC,55210,22.4307,27.8549
29093,39261,2016-02-05 22:50:00.000000 UTC,31930,22.4316,27.2272
16111,28255,2016-02-10 00:40:00.000000 UTC,45370,22.4317,19.5996
39261,29093,2016-02-16 23:46:40.000000 UTC,47650,22.4317,27.8158
29093,39261,2016-02-01 20:35:00.000000 UTC,48370,22.4325,29.4752
39261,29093,2016-02-12 13:10:00.000000 UTC,42790,22.4326,26.4872
16111,39261,2016-02-07 02:31:40.000000 UTC,4750,22.4328,22.4743
28255,39261,2016-02-18 12:10:00.000000 UTC,52330,22.4329,26.8892
39261,28255,2016-02-13 15:45:00.000000 UTC,19330,22.4335,22.6505
29093,28255,2016-02-02 21:55:00.000000 UTC,46510,22.4342,28.1382
28255,39261,2016-02-19 21:45:00.000000 UTC,54310,22.4345,28.5524
16111,28255,2016-02-06 23:55:00.000000 UTC,50230,22.4346,28.0699
39261,28255,2016-02-14 19:00:00.000000 UTC,58870,22.435,28.3544
16111,39261,2016-02-06 17:35:00.000000 UTC,46330,22.4355,28.1197
29093,39261,2016-02-01 00:05:00.000000 UTC,43450,22.4356,28.5474
28255,29093,2016-02-20 17:55:00.000000 UTC,53650,22.436,28.326
16111,28255,2016-02-06 22:46:40.000000 UTC,57250,22.4371,31.0022
28255,16111,2016-02-19 13:10:00.000000 UTC,53170,22.4373,28.5073
16111,28255,2016-02-06 17:40:00.000000 UTC,52570,22.4377,26.113
28255,16111,2016-02-19 01:05:00.000000 UTC,38830,22.4378,28.9334
28255,29093,2016-02-18 07:01:40.000000 UTC,48130,22.4382,26.9718
28255,39261,2016-02-20 23:35:00.000000 UTC,14890,22.4384,29.8339
16111,29093,2016-02-07 03:15:00.000000 UTC,55930,22.4388,28.8447
16111,39261,2016-02-10 11:30:00.000000 UTC,45190,22.4391,26.8752
29093,28255,2016-02-05 15:15:00.000000 UTC,57370,22.4395,28.7127
16111,29093,2016-02-11 08:45:00.000000 UTC,52990,22.4398,28.6111
29093,16111,2016-02-03 11:35:00.000000 UTC,33070,22.4399,29.194
39261,29093,2016-02-14 22:35:00.000000 UTC,19150,22.4399,22.3339
29093,28255,2016-02-01 06:25:00.000000 UTC,46930,22.4405,29.2003
39261,28255,2016-02-12 18:01:40.000000 UTC,51430,22.4407,26.1705
39261,29093,2016-02-12 21:30:00.000000 UTC,44590,22.4407,29.3786
16111,39261,2016-02-08 12:16:40.000000 UTC,43270,22.4422,28.6992
29093,28255,2016-02-02 07:20:00.000000 UTC,43630,22.4425,28.4552
28255,39261,2016-02-20 17:55:00.000000 UTC,16870,22.4425,22.4402
39261,16111,2016-02-12 11:35:00.000000 UTC,8890,22.4427,30.1934
29093,39261,2016-02-02 04:45:00.000000 UTC,46990,22.443,25.309
39261,28255,2016-02-13 00:46:40.000000 UTC,57550,22.4438,27.7585
16111,28255,2016-02-06 18:16:40.000000 UTC,31030,22.4445,27.6435
39261,28255,2016-02-13 15:45:00.000000 UTC,16630,22.4447,29.9883
16111,39261,2016-02-07 04:00:00.000000 UTC,23170,22.4448,23.5003
28255,39261,2016-02-18 20:05:00.000000 UTC,53170,22.4448,28.4214
28255,29093,2016-02-23 05:55:00.000000 UTC,3190,22.4454,30.0425
39261,29093,2016-02-14 07:20:00.000000 UTC,48790,22.4456,29.1974
16111,39261,2016-02-06 18:16:40.000000 UTC,40630,22.446,28.4158
39261,28255,2016-02-17 23:01:40.000000 UTC,14350,22.4466,26.287
39261,29093,2016-02-15 14:01:40.000000 UTC,50830,22.4468,29.8949
29093,28255,2016-02-02 01:05:00.000000 UTC,51790,22.4472,26.4488
28255,39261,2016-02-22 22:15:00.000000 UTC,22450,22.4472,29.8329
29093,16111,2016-02-01 00:00:00.000000 UTC,46210,22.4473,28.2277
29093,39261,2016-02-01 08:20:00.000000 UTC,51970,22.4477,27.7222
16111,29093,2016-02-06 20:25:00.000000 UTC,57670,22.4486,25.773
39261,29093,2016-02-13 15:45:00.000000 UTC,4570,22.4487,29.9303
39261,16111,2016-02-18 04:30:00.000000 UTC,43330,22.449,25.7887
28255,16111,2016-02-21 09:35:00.000000 UTC,49450,22.4495,26.1954
28255,39261,2016-02-19 05:35:00.000000 UTC,57010,22.4504,26.6146
28255,29093,2016-02-20 04:01:40.000000 UTC,59350,22.4507,28.3994
28255,16111,2016-02-18 12:50:00.000000 UTC,58090,22.4511,29.9198
39261,16111,2016-02-12 12:50:00.000000 UTC,57250,22.4512,28.3036
28255,29093,2016-02-22 07:40:00.000000 UTC,40570,22.4518,28.2839
39261,29093,2016-02-12 11:16:40.000000 UTC,32230,22.4521,24.9667
16111,39261,2016-02-12 11:00:00.000000 UTC,40030,22.4523,28.4764
16111,28255,2016-02-06 17:35:00.000000 UTC,48910,22.4526,28.5662
29093,28255,2016-02-01 12:05:00.000000 UTC,51250,22.453,27.9436
28255,16111,2016-02-22 19:45:00.000000 UTC,49210,22.4532,27.4062
16111,28255,2016-02-09 22:35:00.000000 UTC,58330,22.4539,28.4265
29093,28255,2016-02-03 04:31:40.000000 UTC,48070,22.4543,28.5859
39261,29093,2016-02-14 08:55:00.000000 UTC,39490,22.4545,25.0188
39261,28255,2016-02-15 10:00:00.000000 UTC,27010,22.4549,19.6343
28255,16111,2016-02-18 14:15:00.000000 UTC,58390,22.4549,28.2907
16111,29093,2016-02-07 22:15:00.000000 UTC,33790,22.4551,28.6941
16111,28255,2016-02-07 13:01:40.000000 UTC,56590,22.4554,28.2746
16111,29093,2016-02-06 17:55:00.000000 UTC,47110,22.4555,28.4183
16111,39261,2016-02-08 15:25:00.000000 UTC,51250,22.4555,25.4134
29093,39261,2016-02-01 12:55:00.000000 UTC,5710,22.4569,22.4706
29093,39261,2016-02-01 21:40:00.000000 UTC,31450,22.4569,26.3174
16111,39261,2016-02-11 03:50:00.000000 UTC,44350,22.457,24.7426
29093,39261,2016-02-04 03:01:40.000000 UTC,21610,22.4571,22.4337
16111,28255,2016-02-07 14:05:00.000000 UTC,56890,22.4572,28.0659
28255,16111,2016-02-18 08:16:40.000000 UTC,58330,22.4574,30.2083
28255,16111,2016-02-21 20:16:40.000000 UTC,52870,22.4574,25.2867
16111,29093,2016-02-08 09:15:00.000000 UTC,48430,22.4577,29.3123
28255,16111,2016-02-22 12:25:00.000000 UTC,37810,22.4579,25.9042
39261,28255,2016-02-15 18:10:00.000000 UTC,10810,22.4587,25.3532
29093,16111,2016-02-02 21:55:00.000000 UTC,45130,22.4591,27.9622
29093,28255,2016-02-01 19:31:40.000000 UTC,40390,22.46,25.9423
39261,16111,2016-02-14 15:31:40.000000 UTC,14230,22.4601,22.4664
29093,16111,2016-02-02 18:46:40.000000 UTC,39790,22.4602,27.1634
39261,28255,2016-02-12 11:25:00.000000 UTC,51670,22.4602,26.0215
16111,29093,2016-02-07 19:46:40.000000 UTC,17230,22.4604,26.9185
29093,28255,2016-02-01 00:35:00.000000 UTC,57430,22.4609,29.9057
28255,39261,2016-02-22 17:16:40.000000 UTC,16210,22.4612,29.8167
16111,28255,2016-02-11 08:45:00.000000 UTC,48070,22.4613,29.505
29093,39261,2016-02-01 10:30:00.000000 UTC,32770,22.4616,29.5812
29093,39261,2016-02-03 08:00:00.000000 UTC,58090,22.4616,27.9232
16111,39261,2016-02-07 06:25:00.000000 UTC,23470,22.4617,25.5712
29093,39261,2016-02-04 20:15:00.000000 UTC,49930,22.4621,25.3284
39261,16111,2016-02-18 01:45:00.000000 UTC,38350,22.4621,25.0469
16111,28255,2016-02-07 23:31:40.000000 UTC,30010,22.4624,24.5218
16111,39261,2016-02-11 08:45:00.000000 UTC,51430,22.4625,26.3937
16111,39261,2016-02-11 03:50:00.000000 UTC,43570,22.4627,27.6269
16111,28255,2016-02-08 07:46:40.000000 UTC,45790,22.4629,27.7253
28255,29093,2016-02-20 10:45:00.000000 UTC,4270,22.4632,30.0765
39261,29093,2016-02-18 01:45:00.000000 UTC,52930,22.4633,28.7079
28255,29093,2016-02-18 05:45:00.000000 UTC,50710,22.4642,30.4299
16111,39261,2016-02-09 20:31:40.000000 UTC,49270,22.4644,27.6313
16111,28255,2016-02-06 21:45:00.000000 UTC,49690,22.4646,28.0483
28255,29093,2016-02-21 11:40:00.000000 UTC,4630,22.4646,30.0913
39261,28255,2016-02-14 10:31:40.000000 UTC,10090,22.4654,24.2737
29093,28255,2016-02-06 17:30:00.000000 UTC,25630,22.4656,27.663
39261,16111,2016-02-12 23:55:00.000000 UTC,54310,22.4663,28.2407
28255,16111,2016-02-18 04:31:40.000000 UTC,3190,22.4663,30.2018
28255,16111,2016-02-23 19:15:00.000000 UTC,4630,22.4664,30.0841
39261,16111,2016-02-13 08:40:00.000000 UTC,20230,22.4665,30.1662
16111,39261,2016-02-09 20:31:40.000000 UTC,52810,22.4672,27.725
39261,29093,2016-02-14 02:45:00.000000 UTC,13510,22.4684,27.4571
29093,39261,2016-02-01 02:10:00.000000 UTC,41050,22.4696,28.1376
29093,39261,2016-02-02 21:55:00.000000 UTC,13810,22.47,24.8086
28255,39261,2016-02-18 07:50:00.000000 UTC,20410,22.4703,22.5092
29093,28255,2016-02-01 07:40:00.000000 UTC,7750,22.4711,22.4788
16111,28255,2016-02-07 17:25:00.000000 UTC,47710,22.4711,25.532
28255,29093,2016-02-21 07:31:40.000000 UTC,52510,22.4711,29.3593
28255,39261,2016-02-18 08:16:40.000000 UTC,52030,22.4713,26.4828
39261,28255,2016-02-16 02:46:40.000000 UTC,47770,22.4715,25.0588
29093,39261,2016-02-01 21:40:00.000000 UTC,31870,22.472,24.52
28255,39261,2016-02-18 04:40:00.000000 UTC,56230,22.4731,25.5677
29093,39261,2016-02-01 00:00:00.000000 UTC,50710,22.4735,24.3209
28255,39261,2016-02-18 05:05:00.000000 UTC,45610,22.4736,25.3562
39261,28255,2016-02-14 19:00:00.000000 UTC,52810,22.4739,28.4941
16111,39261,2016-02-07 04:00:00.000000 UTC,41050,22.4744,25.6286
16111,28255,2016-02-12 05:31:40.000000 UTC,37810,22.4747,25.5398
16111,39261,2016-02-09 01:30:00.000000 UTC,50290,22.4751,28.7105
29093,16111,2016-02-01 01:00:00.000000 UTC,57310,22.4756,28.7281
16111,29093,2016-02-09 08:46:40.000000 UTC,48790,22.4758,28.6207
39261,28255,2016-02-18 01:45:00.000000 UTC,55510,22.476,28.3897
16111,28255,2016-02-06 18:16:40.000000 UTC,37090,22.4764,28.1586
28255,29093,2016-02-23 08:31:40.000000 UTC,35470,22.4767,27.662
28255,29093,2016-02-18 13:31:40.000000 UTC,8770,22.4768,30.1495
16111,29093,2016-02-08 02:10:00.000000 UTC,36550,22.4772,27.6576
16111,29093,2016-02-07 03:15:00.000000 UTC,47350,22.4778,28.4199
39261,16111,2016-02-13 19:40:00.000000 UTC,45910,22.478,29.64
29093,16111,2016-02-01 06:25:00.000000 UTC,45610,22.4792,29.5266
29093,39261,2016-02-05 00:50:00.000000 UTC,12550,22.4792,22.5887
29093,39261,2016-02-03 19:05:00.000000 UTC,51430,22.4799,27.6239
28255,16111,2016-02-19 04:25:00.000000 UTC,3010,22.4811,30.1382
29093,28255,2016-02-05 07:55:00.000000 UTC,38590,22.4815,26.0492
28255,29093,2016-02-20 14:16:40.000000 UTC,31330,22.4818,25.7343
16111,29093,2016-02-08 18:40:00.000000 UTC,42370,22.4819,26.9047
16111,39261,2016-02-08 07:46:40.000000 UTC,51070,22.4827,28.1135
39261,28255,2016-02-15 00:25:00.000000 UTC,55150,22.4828,26.5006
29093,28255,2016-02-01 18:30:00.000000 UTC,55930,22.4829,27.9888
16111,39261,2016-02-08 12:16:40.000000 UTC,55570,22.4832,28.3517
16111,39261,2016-02-09 20:31:40.000000 UTC,49450,22.4835,28.1887
28255,29093,2016-02-22 14:50:00.000000 UTC,25510,22.4838,26.0229
39261,29093,2016-02-14 07:20:00.000000 UTC,43150,22.4841,29.0781
39261,16111,2016-02-17 07:16:40.000000 UTC,25510,22.4841,22.5025
28255,29093,2016-02-19 20:15:00.000000 UTC,54850,22.4841,29.4679
39261,29093,2016-02-12 23:05:00.000000 UTC,21490,22.4843,30.2645
39261,29093,2016-02-13 05:30:00.000000 UTC,14350,22.4843,30.1985
28255,16111,2016-02-21 09:35:00.000000 UTC,2650,22.4853,30.019
39261,29093,2016-02-13 13:16:40.000000 UTC,56230,22.4855,28.4175
16111,39261,2016-02-06 23:20:00.000000 UTC,39790,22.4859,25.3134
16111,28255,2016-02-06 17:31:40.000000 UTC,52510,22.4861,26.2404
39261,16111,2016-02-15 20:16:40.000000 UTC,44230,22.4862,29.7475
28255,16111,2016-02-18 05:45:00.000000 UTC,45790,22.4868,26.9817
16111,28255,2016-02-09 01:30:00.000000 UTC,53770,22.4877,26.7818
16111,39261,2016-02-08 18:40:00.000000 UTC,57490,22.4881,28.0876
39261,29093,2016-02-15 04:10:00.000000 UTC,20410,22.4892,30.2353
28255,39261,2016-02-19 20:15:00.000000 UTC,59950,22.4893,27.7517
29093,28255,2016-02-03 17:10:00.000000 UTC,8170,22.4895,25.2731
16111,28255,2016-02-06 17:35:00.000000 UTC,47410,22.4901,16.6732
16111,29093,2016-02-06 17:35:00.000000 UTC,38470,22.4903,29.1983
29093,39261,2016-02-04 03:01:40.000000 UTC,22450,22.4913,22.5151
29093,39261,2016-02-01 00:16:40.000000 UTC,52510,22.4916,28.0133
39261,29093,2016-02-12 12:00:00.000000 UTC,59950,22.4916,27.1301
28255,29093,2016-02-19 18:46:40.000000 UTC,55990,22.4923,26.9892
28255,29093,2016-02-18 05:45:00.000000 UTC,34810,22.4924,27.7139
16111,28255,2016-02-08 10:45:00.000000 UTC,50350,22.4925,26.4108
29093,39261,2016-02-01 00:00:00.000000 UTC,34570,22.4926,28.0391
16111,39261,2016-02-07 10:01:40.000000 UTC,51010,22.4933,28.3309
16111,39261,2016-02-09 08:46:40.000000 UTC,49750,22.4935,26.8205
28255,16111,2016-02-23 00:46:40.000000 UTC,56950,22.4935,28.1491
16111,39261,2016-02-07 05:35:00.000000 UTC,29470,22.4936,24.8794
16111,28255,2016-02-08 15:25:00.000000 UTC,51370,22.494,26.7732
39261,16111,2016-02-12 12:31:40.000000 UTC,2770,22.4942,30.205
39261,29093,2016-02-13 00:46:40.000000 UTC,53590,22.4942,28.3983
16111,29093,2016-02-10 00:40:00.000000 UTC,8290,22.4944,19.4294
16111,28255,2016-02-10 23:01:40.000000 UTC,41170,22.4944,24.7322
16111,39261,2016-02-09 10:40:00.000000 UTC,56770,22.4947,25.2305
16111,39261,2016-02-10 02:46:40.000000 UTC,14110,22.4947,22.5059
28255,39261,2016-02-18 06:01:40.000000 UTC,15310,22.4952,22.5166
28255,29093,2016-02-23 16:31:40.000000 UTC,59530,22.4953,27.9707
29093,39261,2016-02-02 06:01:40.000000 UTC,52090,22.4956,25.5398
16111,39261,2016-02-07 01:50:00.000000 UTC,28270,22.4956,25.4181
39261,29093,2016-02-16 14:10:00.000000 UTC,3190,22.4957,23.2368
28255,29093,2016-02-18 20:05:00.000000 UTC,51670,22.4962,28.7248
28255,39261,2016-02-18 06:40:00.000000 UTC,56230,22.4969,25.959
39261,16111,2016-02-15 16:05:00.000000 UTC,33250,22.4972,30.2356
16111,39261,2016-02-07 03:15:00.000000 UTC,48550,22.4979,26.5512
39261,16111,2016-02-14 01:16:40.000000 UTC,18730,22.498,21.7106
28255,39261,2016-02-19 04:25:00.000000 UTC,50170,22.4983,28.7711
28255,16111,2016-02-19 08:00:00.000000 UTC,19750,22.4983,30.1453
28255,39261,2016-02-19 11:50:00.000000 UTC,22570,22.4986,22.6279
28255,39261,2016-02-18 16:35:00.000000 UTC,54430,22.4991,17.6202
39261,16111,2016-02-14 07:20:00.000000 UTC,48610,22.4993,29.2972
39261,16111,2016-02-12 23:55:00.000000 UTC,54370,22.4995,28.4302
28255,39261,2016-02-18 07:25:00.000000 UTC,9310,22.4999,22.6086
39261,28255,2016-02-12 17:25:00.000000 UTC,20290,22.5005,22.5806
28255,16111,2016-02-20 12:30:00.000000 UTC,54070,22.5005,26.669
29093,39261,2016-02-05 20:16:40.000000 UTC,14050,22.5007,22.4744
39261,28255,2016-02-13 00:46:40.000000 UTC,49030,22.5011,27.264
16111,29093,2016-02-07 09:05:00.000000 UTC,56170,22.5013,28.4815
29093,39261,2016-02-03 17:10:00.000000 UTC,54730,22.5018,26.8322
28255,29093,2016-02-18 15:00:00.000000 UTC,40930,22.502,26.7836
28255,16111,2016-02-19 04:25:00.000000 UTC,12610,22.5021,25.5189
16111,39261,2016-02-06 22:46:40.000000 UTC,45730,22.5022,25.2859
16111,39261,2016-02-09 10:40:00.000000 UTC,50650,22.5024,25.3868
16111,28255,2016-02-06 19:40:00.000000 UTC,36010,22.5028,15.2502
16111,28255,2016-02-06 20:50:00.000000 UTC,58030,22.5028,29.9539
28255,16111,2016-02-21 15:55:00.000000 UTC,50470,22.5028,29.3289
29093,39261,2016-02-05 12:46:40.000000 UTC,38170,22.5032,27.9747
39261,29093,2016-02-13 07:35:00.000000 UTC,16390,22.5032,22.5063
29093,39261,2016-02-01 04:45:00.000000 UTC,51850,22.5033,24.6887
28255,29093,2016-02-19 14:31:40.000000 UTC,59170,22.5034,28.6965
29093,28255,2016-02-01 00:35:00.000000 UTC,48730,22.5048,27.7034
28255,39261,2016-02-18 05:05:00.000000 UTC,56470,22.5049,24.7918
28255,29093,2016-02-18 04:30:00.000000 UTC,58270,22.505,25.9452
28255,16111,2016-02-18 19:10:00.000000 UTC,51730,22.5052,28.0531
28255,39261,2016-02-19 15:55:00.000000 UTC,36190,22.5054,28.6256
39261,29093,2016-02-13 19:40:00.000000 UTC,19150,22.5065,22.3648
29093,28255,2016-02-02 11:25:00.000000 UTC,50470,22.5066,28.7301
16111,28255,2016-02-06 17:55:00.000000 UTC,12130,22.5066,22.4919
29093,39261,2016-02-01 13:46:40.000000 UTC,27430,22.5079,29.6746
29093,28255,2016-02-01 06:25:00.000000 UTC,52990,22.5085,29.0981
28255,29093,2016-02-22 07:40:00.000000 UTC,49090,22.5085,28.0877
16111,29093,2016-02-10 13:45:00.000000 UTC,43690,22.5087,27.7612
28255,16111,2016-02-18 19:10:00.000000 UTC,42490,22.5087,25.6534
29093,28255,2016-02-03 23:00:00.000000 UTC,16150,22.5089,28.0077
16111,39261,2016-02-08 02:10:00.000000 UTC,43510,22.5089,28.0564
16111,28255,2016-02-08 09:15:00.000000 UTC,43030,22.5094,29.2436
39261,16111,2016-02-15 18:10:00.000000 UTC,15790,22.5096,30.3358
39261,28255,2016-02-14 17:15:00.000000 UTC,59710,22.5099,25.8875
28255,29093,2016-02-22 14:50:00.000000 UTC,58870,22.5102,28.5596
29093,28255,2016-02-01 00:01:40.000000 UTC,52510,22.5104,26.3373
28255,39261,2016-02-19 15:55:00.000000 UTC,58450,22.5105,18.3011
39261,29093,2016-02-13 06:31:40.000000 UTC,5290,22.5107,23.1797
28255,16111,2016-02-18 07:01:40.000000 UTC,19750,22.5108,30.191
16111,39261,2016-02-06 18:05:00.000000 UTC,54070,22.511,28.0675
29093,39261,2016-02-05 17:45:00.000000 UTC,44710,22.5127,25.4808
16111,29093,2016-02-11 03:50:00.000000 UTC,41710,22.5127,27.9866
16111,28255,2016-02-07 04:46:40.000000 UTC,51430,22.5131,28.2824
39261,29093,2016-02-14 05:46:40.000000 UTC,57850,22.5132,28.2719
28255,39261,2016-02-20 07:20:00.000000 UTC,4150,22.5132,24.3527
29093,28255,2016-02-01 06:25:00.000000 UTC,31750,22.5134,25.7775
39261,28255,2016-02-13 22:25:00.000000 UTC,4270,22.5143,30.1502
39261,16111,2016-02-15 10:00:00.000000 UTC,50530,22.5143,29.003
39261,16111,2016-02-15 16:05:00.000000 UTC,57550,22.5145,27.1846
29093,39261,2016-02-03 02:50:00.000000 UTC,51010,22.515,26.9654
16111,28255,2016-02-06 23:55:00.000000 UTC,52930,22.515,29.5713
39261,16111,2016-02-16 05:00:00.000000 UTC,50470,22.5152,26.9996
39261,28255,2016-02-13 12:05:00.000000 UTC,14530,22.5159,22.543
28255,39261,2016-02-19 21:45:00.000000 UTC,54250,22.5165,28.3908
28255,16111,2016-02-20 09:01:40.000000 UTC,51490,22.5165,28.4899
16111,29093,2016-02-06 17:30:00.000000 UTC,38890,22.5166,27.9767
39261,29093,2016-02-13 22:25:00.000000 UTC,59710,22.5167,28.6031
28255,39261,2016-02-21 07:31:40.000000 UTC,22750,22.5167,26.5474
39261,16111,2016-02-13 04:30:00.000000 UTC,9670,22.5169,30.3527
29093,16111,2016-02-04 03:01:40.000000 UTC,22870,22.517,22.4944
29093,16111,2016-02-01 02:31:40.000000 UTC,57250,22.5172,28.7979
29093,28255,2016-02-02 01:05:00.000000 UTC,48370,22.5173,28.8342
16111,29093,2016-02-07 01:50:00.000000 UTC,33430,22.5178,28.1072
39261,16111,2016-02-13 05:30:00.000000 UTC,15190,22.5193,29.7689
28255,29093,2016-02-19 00:01:40.000000 UTC,37090,22.5195,26.7572
29093,16111,2016-02-02 03:30:00.000000 UTC,31630,22.52,28.9447
29093,28255,2016-02-01 01:15:00.000000 UTC,52630,22.5207,26.8311
29093,28255,2016-02-05 12:46:40.000000 UTC,29890,22.5217,27.3367
28255,39261,2016-02-18 22:00:00.000000 UTC,58750,22.5223,26.9434
16111,28255,2016-02-11 06:16:40.000000 UTC,54310,22.5224,27.169
28255,29093,2016-02-20 19:46:40.000000 UTC,3790,22.524,30.1831
39261,28255,2016-02-15 20:16:40.000000 UTC,57370,22.5251,29.3879
29093,16111,2016-02-04 09:16:40.000000 UTC,40450,22.5252,25.6468
39261,28255,2016-02-15 14:01:40.000000 UTC,16810,22.5254,25.9829
28255,39261,2016-02-19 18:46:40.000000 UTC,53410,22.5265,26.1608
16111,28255,2016-02-08 02:10:00.000000 UTC,37810,22.5266,24.7546
28255,29093,2016-02-19 09:15:00.000000 UTC,52690,22.5266,25.103
39261,16111,2016-02-12 11:16:40.000000 UTC,46090,22.5274,26.6661
39261,29093,2016-02-12 20:45:00.000000 UTC,33370,22.5277,30.2599
39261,28255,2016-02-13 14:30:00.000000 UTC,57190,22.528,28.3547
39261,29093,2016-02-12 22:16:40.000000 UTC,15970,22.5283,30.2892
39261,28255,2016-02-12 15:45:00.000000 UTC,16870,22.5285,29.1293
39261,16111,2016-02-12 16:50:00.000000 UTC,53110,22.5294,29.4878
29093,16111,2016-02-03 04:31:40.000000 UTC,55990,22.5295,28.7211
16111,39261,2016-02-06 19:40:00.000000 UTC,44710,22.53,25.795
39261,29093,2016-02-17 02:15:00.000000 UTC,35350,22.53,25.7858
28255,16111,2016-02-18 20:05:00.000000 UTC,56950,22.5302,28.7281
29093,39261,2016-02-01 22:46:40.000000 UTC,21190,22.5304,22.6515
16111,39261,2016-02-11 03:50:00.000000 UTC,39790,22.5317,26.4329
39261,29093,2016-02-16 23:46:40.000000 UTC,50530,22.5318,28.7465
39261,28255,2016-02-14 15:31:40.000000 UTC,44350,22.5324,28.4147
29093,39261,2016-02-01 20:35:00.000000 UTC,45190,22.5328,26.2732
28255,39261,2016-02-18 07:50:00.000000 UTC,52030,22.5332,26.488
29093,28255,2016-02-01 22:46:40.000000 UTC,51430,22.5335,26.0316
28255,39261,2016-02-20 14:16:40.000000 UTC,51910,22.5337,27.9526
29093,28255,2016-02-01 17:30:00.000000 UTC,52390,22.5338,28.0388
39261,28255,2016-02-13 03:31:40.000000 UTC,49690,22.5338,24.4094
29093,39261,2016-02-03 08:00:00.000000 UTC,48250,22.5339,26.3907
28255,16111,2016-02-18 07:01:40.000000 UTC,57010,22.5339,28.3988
28255,39261,2016-02-18 19:10:00.000000 UTC,38050,22.5344,27.4766
39261,16111,2016-02-12 14:20:00.000000 UTC,56830,22.5358,28.2483
39261,28255,2016-02-14 04:15:00.000000 UTC,55690,22.5358,25.3446
16111,28255,2016-02-07 09:05:00.000000 UTC,16390,22.5367,26.3425
29093,16111,2016-02-02 06:01:40.000000 UTC,46210,22.5369,25.2263
28255,29093,2016-02-18 04:46:40.000000 UTC,46690,22.5373,26.6632
28255,39261,2016-02-19 08:00:00.000000 UTC,46750,22.5381,25.3083
28255,39261,2016-02-19 11:50:00.000000 UTC,47470,22.5381,27.2719
28255,29093,2016-02-20 00:50:00.000000 UTC,40150,22.5382,28.0342
16111,39261,2016-02-11 11:15:00.000000 UTC,52090,22.5387,26.481
29093,39261,2016-02-01 00:01:40.000000 UTC,37510,22.5394,28.0866
29093,28255,2016-02-02 12:50:00.000000 UTC,30910,22.5397,23.4042
39261,29093,2016-02-12 20:01:40.000000 UTC,49210,22.5398,28.651
16111,29093,2016-02-06 21:45:00.000000 UTC,55690,22.5404,29.1625
29093,39261,2016-02-03 06:15:00.000000 UTC,54310,22.5413,28.124
29093,16111,2016-02-01 00:16:40.000000 UTC,57250,22.5417,28.9648
29093,16111,2016-02-02 14:16:40.000000 UTC,39730,22.5417,27.8236
29093,39261,2016-02-04 03:01:40.000000 UTC,46810,22.5421,25.3227
16111,39261,2016-02-08 17:01:40.000000 UTC,10750,22.5421,24.2909
29093,28255,2016-02-01 13:46:40.000000 UTC,8050,22.5424,23.0204
28255,29093,2016-02-18 21:01:40.000000 UTC,59530,22.5425,29.4302
28255,29093,2016-02-21 15:55:00.000000 UTC,58030,22.5427,27.8231
29093,28255,2016-02-02 07:20:00.000000 UTC,53290,22.5432,25.7871
16111,29093,2016-02-12 05:31:40.000000 UTC,54370,22.5435,25.3699
16111,29093,2016-02-06 23:20:00.000000 UTC,39610,22.5436,25.8351
39261,28255,2016-02-15 14:01:40.000000 UTC,46930,22.5436,25.4749
16111,29093,2016-02-08 00:50:00.000000 UTC,47830,22.5438,28.2002
39261,16111,2016-02-17 07:16:40.000000 UTC,55390,22.5442,29.1256
39261,28255,2016-02-17 04:45:00.000000 UTC,44530,22.5446,28.0139
16111,39261,2016-02-06 17:40:00.000000 UTC,52330,22.5447,28.1213
28255,29093,2016-02-20 09:01:40.000000 UTC,58330,22.5449,28.4458
28255,29093,2016-02-18 09:15:00.000000 UTC,38230,22.5453,14.6739
29093,39261,2016-02-06 17:30:00.000000 UTC,6910,22.5454,25.5575
39261,28255,2016-02-16 09:31:40.000000 UTC,51190,22.546,28.4444
39261,28255,2016-02-12 13:10:00.000000 UTC,51490,22.5461,25.6128
28255,39261,2016-02-22 22:15:00.000000 UTC,56890,22.5463,27.0949
28255,16111,2016-02-19 23:16:40.000000 UTC,28510,22.5465,28.0354
39261,16111,2016-02-14 02:45:00.000000 UTC,52930,22.5477,28.4848
39261,28255,2016-02-14 15:31:40.000000 UTC,59770,22.5488,25.9415
39261,29093,2016-02-12 11:35:00.000000 UTC,31510,22.5489,27.5773
16111,39261,2016-02-07 01:10:00.000000 UTC,28570,22.5492,22.9677
28255,16111,2016-02-23 08:31:40.000000 UTC,48070,22.5506,15.6289
29093,39261,2016-02-06 04:01:40.000000 UTC,47410,22.5507,26.0034
16111,28255,2016-02-09 08:46:40.000000 UTC,51910,22.5511,28.3707
39261,16111,2016-02-12 23:55:00.000000 UTC,7870,22.5511,22.5836
16111,39261,2016-02-07 15:10:00.000000 UTC,43690,22.5527,27.5726
29093,28255,2016-02-01 00:10:00.000000 UTC,55030,22.5533,28.9801
39261,28255,2016-02-12 21:30:00.000000 UTC,13630,22.5534,25.7661
28255,29093,2016-02-21 20:16:40.000000 UTC,57790,22.5537,25.4169
39261,29093,2016-02-12 14:46:40.000000 UTC,14230,22.5538,26.0655
16111,28255,2016-02-10 00:40:00.000000 UTC,18970,22.5546,22.5442
28255,39261,2016-02-18 11:31:40.000000 UTC,30190,22.5562,28.8669
28255,39261,2016-02-19 01:05:00.000000 UTC,59710,22.5565,29.2707
28255,39261,2016-02-19 09:15:00.000000 UTC,56830,22.5581,27.7625
29093,28255,2016-02-01 18:30:00.000000 UTC,55990,22.559,27.8065
39261,28255,2016-02-12 11:05:00.000000 UTC,56110,22.5591,25.5769
16111,28255,2016-02-12 08:15:00.000000 UTC,42910,22.5598,25.7495
28255,39261,2016-02-20 02:25:00.000000 UTC,53890,22.56,26.6744
16111,28255,2016-02-11 16:20:00.000000 UTC,38590,22.5611,27.5299
28255,29093,2016-02-19 00:01:40.000000 UTC,4810,22.5618,22.6849
16111,39261,2016-02-11 21:31:40.000000 UTC,51130,22.562,27.662
16111,28255,2016-02-07 09:05:00.000000 UTC,43450,22.5623,28.7253
16111,28255,2016-02-08 22:01:40.000000 UTC,48970,22.5627,27.0676
29093,39261,2016-02-03 15:16:40.000000 UTC,33310,22.5634,29.6019
28255,16111,2016-02-18 15:46:40.000000 UTC,15070,22.5639,22.6468
28255,39261,2016-02-22 19:45:00.000000 UTC,56290,22.564,25.3894
29093,16111,2016-02-01 01:31:40.000000 UTC,24790,22.5644,22.4527
28255,16111,2016-02-18 09:46:40.000000 UTC,56410,22.5658,28.4436
28255,39261,2016-02-19 21:45:00.000000 UTC,17650,22.5659,26.3025
39261,16111,2016-02-17 17:40:00.000000 UTC,51970,22.566,26.886
29093,16111,2016-02-03 09:46:40.000000 UTC,49690,22.5666,30.0648
16111,28255,2016-02-07 03:15:00.000000 UTC,50770,22.5671,27.3264
16111,39261,2016-02-07 09:05:00.000000 UTC,59950,22.5672,28.276
16111,28255,2016-02-06 17:40:00.000000 UTC,57430,22.5678,29.6108
39261,16111,2016-02-18 01:45:00.000000 UTC,55990,22.568,28.78
39261,29093,2016-02-12 14:20:00.000000 UTC,44290,22.5681,26.2024
29093,28255,2016-02-04 18:00:00.000000 UTC,9730,22.5685,21.692
16111,28255,2016-02-10 18:20:00.000000 UTC,17230,22.5685,22.5629
39261,16111,2016-02-17 12:25:00.000000 UTC,8170,22.5692,22.5998
28255,16111,2016-02-18 06:40:00.000000 UTC,5770,22.5703,22.5001
28255,29093,2016-02-20 00:50:00.000000 UTC,52990,22.5706,29.3731
28255,39261,2016-02-19 13:10:00.000000 UTC,53110,22.5712,25.8976
39261,29093,2016-02-12 23:05:00.000000 UTC,10030,22.5713,30.4318
16111,28255,2016-02-06 22:15:00.000000 UTC,53590,22.5718,26.4244
16111,28255,2016-02-12 00:10:00.000000 UTC,49270,22.5719,28.7601
39261,29093,2016-02-15 20:16:40.000000 UTC,10330,22.5721,30.3876
28255,39261,2016-02-18 17:25:00.000000 UTC,54550,22.5722,28.5293
16111,28255,2016-02-06 20:01:40.000000 UTC,58630,22.5723,27.9453
28255,16111,2016-02-18 15:00:00.000000 UTC,47110,22.573,27.8374
39261,29093,2016-02-15 04:10:00.000000 UTC,46990,22.5733,28.3485
39261,29093,2016-02-18 01:45:00.000000 UTC,18670,22.5733,26.1795
16111,39261,2016-02-06 18:16:40.000000 UTC,43630,22.5737,28.1401
39261,29093,2016-02-17 12:25:00.000000 UTC,15670,22.5744,22.6236
39261,29093,2016-02-12 12:31:40.000000 UTC,59410,22.5753,28.564
29093,16111,2016-02-03 02:50:00.000000 UTC,50650,22.5754,27.9339
39261,28255,2016-02-14 08:55:00.000000 UTC,47290,22.5759,28.3263
16111,39261,2016-02-06 18:16:40.000000 UTC,37510,22.5761,28.2223
39261,16111,2016-02-13 02:35:00.000000 UTC,47530,22.5763,26.2008
28255,16111,2016-02-18 04:46:40.000000 UTC,10870,22.5774,24.1057
29093,28255,2016-02-01 19:31:40.000000 UTC,26290,22.578,27.6033
16111,39261,2016-02-06 22:15:00.000000 UTC,57490,22.5783,26.1793
28255,29093,2016-02-18 17:25:00.000000 UTC,33850,22.5789,21.5461
39261,16111,2016-02-16 14:10:00.000000 UTC,59650,22.5804,28.4903
28255,16111,2016-02-18 05:45:00.000000 UTC,59590,22.5807,30.1924
16111,39261,2016-02-09 18:30:00.000000 UTC,52990,22.5808,24.9745
28255,16111,2016-02-19 20:15:00.000000 UTC,31150,22.5808,24.3963
39261,28255,2016-02-17 23:01:40.000000 UTC,51850,22.5809,25.25
28255,39261,2016-02-19 10:31:40.000000 UTC,59290,22.5818,26.9963
29093,39261,2016-02-05 07:55:00.000000 UTC,46750,22.5822,25.8934
16111,29093,2016-02-09 01:30:00.000000 UTC,51970,22.5826,27.0599
29093,16111,2016-02-01 00:35:00.000000 UTC,43450,22.5829,29.2897
29093,39261,2016-02-02 21:55:00.000000 UTC,45370,22.5836,25.3302
28255,16111,2016-02-20 14:16:40.000000 UTC,54490,22.5843,12.6368
29093,39261,2016-02-01 23:55:00.000000 UTC,52570,22.5844,28.2224
39261,29093,2016-02-13 02:35:00.000000 UTC,46630,22.5846,24.7917
39261,28255,2016-02-14 13:50:00.000000 UTC,37930,22.5852,26.6352
16111,39261,2016-02-07 08:10:00.000000 UTC,43030,22.586,18.624
28255,39261,2016-02-23 00:46:40.000000 UTC,43210,22.586,24.6834
29093,28255,2016-02-02 02:16:40.000000 UTC,14470,22.5861,29.8937
29093,16111,2016-02-01 12:05:00.000000 UTC,46450,22.5869,26.2054
39261,28255,2016-02-12 23:05:00.000000 UTC,37810,22.5872,24.4597
16111,28255,2016-02-08 13:50:00.000000 UTC,53830,22.5873,29.6666
39261,16111,2016-02-16 05:00:00.000000 UTC,50350,22.5874,26.5389
39261,29093,2016-02-13 23:50:00.000000 UTC,30490,22.5877,24.8309
16111,39261,2016-02-08 10:45:00.000000 UTC,9190,22.589,25.2776
39261,28255,2016-02-16 11:50:00.000000 UTC,23350,22.589,22.6018
28255,39261,2016-02-23 11:10:00.000000 UTC,43690,22.589,24.5826
28255,29093,2016-02-19 11:50:00.000000 UTC,51130,22.5893,28.7774
29093,28255,2016-02-01 00:05:00.000000 UTC,45790,22.5896,28.664
39261,28255,2016-02-16 05:00:00.000000 UTC,57730,22.5897,27.4697
39261,28255,2016-02-13 00:46:40.000000 UTC,41290,22.5903,28.2304
28255,16111,2016-02-20 04:01:40.000000 UTC,28270,22.5911,24.4194
16111,28255,2016-02-08 06:20:00.000000 UTC,51370,22.5913,27.7404
16111,28255,2016-02-08 23:45:00.000000 UTC,3490,22.5914,29.7826
16111,28255,2016-02-11 08:45:00.000000 UTC,51370,22.5917,28.2618
39261,16111,2016-02-13 22:25:00.000000 UTC,10330,22.5917,30.4717
39261,29093,2016-02-15 04:10:00.000000 UTC,50590,22.5918,25.509
29093,39261,2016-02-01 12:55:00.000000 UTC,49330,22.5929,26.7181
16111,39261,2016-02-07 21:00:00.000000 UTC,54070,22.5929,28.2364
39261,16111,2016-02-15 02:16:40.000000 UTC,5830,22.5933,22.5442
16111,29093,2016-02-11 06:16:40.000000 UTC,38530,22.5955,27.7927
29093,16111,2016-02-04 01:00:00.000000 UTC,18070,22.5976,22.5137
28255,16111,2016-02-22 10:01:40.000000 UTC,25210,22.5978,26.1033
29093,39261,2016-02-05 05:31:40.000000 UTC,47710,22.5981,25.9318
16111,28255,2016-02-10 18:20:00.000000 UTC,4090,22.5982,25.0074
39261,29093,2016-02-12 20:45:00.000000 UTC,13930,22.5985,19.3086
16111,28255,2016-02-09 10:40:00.000000 UTC,30130,22.599,16.0923
28255,39261,2016-02-23 16:31:40.000000 UTC,43810,22.5995,24.9872
28255,16111,2016-02-23 22:00:00.000000 UTC,57130,22.6006,29.9193
29093,16111,2016-02-01 12:55:00.000000 UTC,42250,22.6012,26.0698
16111,39261,2016-02-08 12:16:40.000000 UTC,46330,22.6012,28.0692
29093,28255,2016-02-05 00:50:00.000000 UTC,51130,22.6016,27.6546
39261,29093,2016-02-12 23:55:00.000000 UTC,56890,22.6016,27.8457
39261,16111,2016-02-12 11:16:40.000000 UTC,22390,22.6021,22.8321
39261,16111,2016-02-16 14:10:00.000000 UTC,47830,22.6029,25.9323
39261,28255,2016-02-13 14:30:00.000000 UTC,46750,22.6033,16.381
39261,28255,2016-02-17 23:01:40.000000 UTC,3130,22.6034,22.5925
39261,28255,2016-02-17 07:16:40.000000 UTC,44350,22.6037,28.1777
29093,16111,2016-02-01 03:46:40.000000 UTC,42970,22.6038,28.019
28255,16111,2016-02-19 17:20:00.000000 UTC,49390,22.6038,28.4081
28255,39261,2016-02-18 05:16:40.000000 UTC,45910,22.6042,26.4144
29093,39261,2016-02-05 22:50:00.000000 UTC,4330,22.6044,29.8366
39261,29093,2016-02-12 12:31:40.000000 UTC,56650,22.6051,28.7983
28255,29093,2016-02-18 15:46:40.000000 UTC,21730,22.6051,26.9253
29093,39261,2016-02-01 04:45:00.000000 UTC,57490,22.6054,26.4029
28255,39261,2016-02-19 13:10:00.000000 UTC,39070,22.6056,26.7216
39261,28255,2016-02-17 02:15:00.000000 UTC,53710,22.6062,28.4292
29093,28255,2016-02-03 04:31:40.000000 UTC,50830,22.6068,28.8962
16111,28255,2016-02-07 06:25:00.000000 UTC,51670,22.6071,27.8462
39261,28255,2016-02-12 18:01:40.000000 UTC,41590,22.6071,27.7339
29093,28255,2016-02-01 03:46:40.000000 UTC,6010,22.6072,22.7419
28255,16111,2016-02-19 02:10:00.000000 UTC,52390,22.6073,27.1265
39261,29093,2016-02-17 07:16:40.000000 UTC,51730,22.608,28.7248
29093,39261,2016-02-01 00:35:00.000000 UTC,18070,22.6081,26.5836
16111,39261,2016-02-09 01:30:00.000000 UTC,59710,22.6087,27.1112
16111,39261,2016-02-06 18:45:00.000000 UTC,52630,22.6088,28.093
39261,29093,2016-02-17 04:45:00.000000 UTC,52390,22.6091,28.8448
28255,39261,2016-02-19 06:46:40.000000 UTC,47650,22.6092,28.4237
16111,28255,2016-02-10 20:40:00.000000 UTC,48490,22.6094,28.1233
39261,28255,2016-02-13 15:45:00.000000 UTC,59590,22.6095,29.4171
39261,29093,2016-02-13 17:01:40.000000 UTC,55390,22.61,28.543
16111,28255,2016-02-08 09:15:00.000000 UTC,52630,22.6115,29.3797
39261,28255,2016-02-13 12:05:00.000000 UTC,4570,22.6118,30.3084
28255,29093,2016-02-23 19:15:00.000000 UTC,12370,22.6119,23.967
16111,29093,2016-02-10 07:05:00.000000 UTC,14650,22.612,22.6546
16111,29093,2016-02-06 19:40:00.000000 UTC,41350,22.6123,27.6419
28255,29093,2016-02-18 06:40:00.000000 UTC,48190,22.6133,26.9066
29093,28255,2016-02-02 07:20:00.000000 UTC,43570,22.6135,28.2862
39261,28255,2016-02-14 08:55:00.000000 UTC,49450,22.6138,24.7736
29093,16111,2016-02-01 00:05:00.000000 UTC,14950,22.6151,26.5439
16111,28255,2016-02-07 01:50:00.000000 UTC,10570,22.6155,24.3622
29093,39261,2016-02-01 16:31:40.000000 UTC,53770,22.6156,28.6335
39261,28255,2016-02-17 07:16:40.000000 UTC,34870,22.6161,25.3943
28255,16111,2016-02-18 13:31:40.000000 UTC,55570,22.6169,28.4161
39261,16111,2016-02-16 07:15:00.000000 UTC,53290,22.617,28.0058
28255,16111,2016-02-18 10:55:00.000000 UTC,59590,22.617,26.7263
29093,39261,2016-02-01 09:01:40.000000 UTC,32470,22.6171,29.9022
28255,39261,2016-02-22 10:01:40.000000 UTC,58330,22.6178,28.6907
16111,29093,2016-02-12 00:10:00.000000 UTC,16270,22.6179,26.41
39261,28255,2016-02-16 00:35:00.000000 UTC,58390,22.6185,25.9078
29093,39261,2016-02-03 04:31:40.000000 UTC,57430,22.6186,27.2637
28255,29093,2016-02-19 09:15:00.000000 UTC,58030,22.6189,26.4898
29093,28255,2016-02-03 08:00:00.000000 UTC,20230,22.6197,29.8902
39261,28255,2016-02-13 00:46:40.000000 UTC,4930,22.6197,30.3804
29093,16111,2016-02-05 07:55:00.000000 UTC,15610,22.6204,27.8541
28255,39261,2016-02-18 04:35:00.000000 UTC,51610,22.6209,25.4555
28255,16111,2016-02-19 03:16:40.000000 UTC,46930,22.6229,28.2643
28255,39261,2016-02-19 11:50:00.000000 UTC,59890,22.6229,28.5885
39261,16111,2016-02-13 02:35:00.000000 UTC,4270,22.6231,30.5402
28255,16111,2016-02-18 05:45:00.000000 UTC,53290,22.6234,29.3753
16111,28255,2016-02-08 02:10:00.000000 UTC,41530,22.6237,28.7398
16111,39261,2016-02-09 12:35:00.000000 UTC,22090,22.6238,22.5881
29093,39261,2016-02-03 11:35:00.000000 UTC,30730,22.6249,24.2405
39261,16111,2016-02-17 09:50:00.000000 UTC,54550,22.6249,28.6812
16111,28255,2016-02-06 17:30:00.000000 UTC,14590,22.625,19.6566
16111,29093,2016-02-09 20:31:40.000000 UTC,49090,22.625,28.6226
28255,29093,2016-02-18 04:31:40.000000 UTC,7810,22.625,22.5229
29093,28255,2016-02-01 00:10:00.000000 UTC,12250,22.6266,23.4657
29093,28255,2016-02-02 11:25:00.000000 UTC,48250,22.6267,25.4228
39261,28255,2016-02-15 18:10:00.000000 UTC,44470,22.6268,28.9191
16111,29093,2016-02-06 17:40:00.000000 UTC,1150,22.6269,22.8837
28255,29093,2016-02-21 03:30:00.000000 UTC,40570,22.6275,28.335
16111,39261,2016-02-09 06:55:00.000000 UTC,13570,22.6279,22.6234
16111,39261,2016-02-06 18:16:40.000000 UTC,28330,22.6283,27.3026
29093,28255,2016-02-01 02:55:00.000000 UTC,2950,22.6284,29.9384
28255,16111,2016-02-21 15:55:00.000000 UTC,58750,22.629,28.1254
28255,39261,2016-02-18 06:01:40.000000 UTC,9310,22.6291,22.9399
29093,16111,2016-02-02 07:20:00.000000 UTC,25930,22.6297,28.8869
28255,16111,2016-02-18 10:20:00.000000 UTC,50350,22.6299,27.1279
29093,16111,2016-02-01 06:25:00.000000 UTC,37030,22.6301,26.6242
29093,28255,2016-02-06 06:40:00.000000 UTC,4030,22.6301,29.9059
39261,28255,2016-02-12 22:16:40.000000 UTC,57730,22.6311,28.0818
39261,16111,2016-02-17 04:45:00.000000 UTC,56110,22.6313,29.3411
29093,28255,2016-02-01 02:55:00.000000 UTC,48610,22.6314,25.3419
29093,28255,2016-02-01 01:15:00.000000 UTC,54850,22.6328,27.7574
29093,39261,2016-02-01 02:10:00.000000 UTC,46450,22.634,26.1793
16111,28255,2016-02-10 02:46:40.000000 UTC,53290,22.6361,28.4831
16111,39261,2016-02-11 16:20:00.000000 UTC,50230,22.6362,29.2915
28255,39261,2016-02-19 03:16:40.000000 UTC,22210,22.6363,22.6361
16111,39261,2016-02-09 20:31:40.000000 UTC,5350,22.6365,22.6561
39261,28255,2016-02-13 18:20:00.000000 UTC,14230,22.6371,22.257
28255,29093,2016-02-21 22:30:00.000000 UTC,56710,22.6376,27.8235
39261,28255,2016-02-12 18:01:40.000000 UTC,14290,22.6381,22.6657
28255,29093,2016-02-20 10:45:00.000000 UTC,53170,22.6383,25.4026
29093,39261,2016-02-01 14:40:00.000000 UTC,50110,22.6385,27.8839
29093,28255,2016-02-05 22:50:00.000000 UTC,45550,22.6385,27.5504
29093,16111,2016-02-01 21:40:00.000000 UTC,51310,22.6392,28.1493
28255,29093,2016-02-19 00:01:40.000000 UTC,20170,22.6394,26.5906
39261,16111,2016-02-14 12:10:00.000000 UTC,59290,22.6397,27.1846
16111,39261,2016-02-07 03:15:00.000000 UTC,45790,22.6401,29.1089
16111,39261,2016-02-07 15:10:00.000000 UTC,45670,22.6404,25.5089
16111,29093,2016-02-08 02:10:00.000000 UTC,35950,22.6407,25.1294
16111,29093,2016-02-08 23:45:00.000000 UTC,42490,22.6408,26.9225
29093,28255,2016-02-01 02:31:40.000000 UTC,55630,22.6411,29.2815
28255,29093,2016-02-19 11:50:00.000000 UTC,4270,22.6412,30.5004
28255,39261,2016-02-22 12:25:00.000000 UTC,12610,22.6412,22.6912
16111,39261,2016-02-10 00:40:00.000000 UTC,43870,22.6422,25.402
39261,28255,2016-02-15 18:10:00.000000 UTC,40750,22.6423,25.3959
29093,39261,2016-02-04 09:16:40.000000 UTC,16930,22.6426,23.9566
28255,29093,2016-02-18 09:46:40.000000 UTC,59230,22.6432,28.4872
16111,29093,2016-02-10 09:16:40.000000 UTC,52510,22.6436,28.224
39261,28255,2016-02-17 02:15:00.000000 UTC,47590,22.6437,27.8428
39261,16111,2016-02-16 23:46:40.000000 UTC,12070,22.6439,26.4644
29093,39261,2016-02-03 11:35:00.000000 UTC,56110,22.645,29.4027
29093,28255,2016-02-01 01:15:00.000000 UTC,8650,22.6452,29.9505
28255,29093,2016-02-20 02:25:00.000000 UTC,4030,22.6453,24.903
29093,28255,2016-02-01 16:31:40.000000 UTC,52570,22.6469,29.125
28255,39261,2016-02-18 19:10:00.000000 UTC,53350,22.6473,28.9701
39261,28255,2016-02-14 19:00:00.000000 UTC,46750,22.6478,28.6066
16111,28255,2016-02-11 08:45:00.000000 UTC,51310,22.6479,28.0801
16111,39261,2016-02-11 16:20:00.000000 UTC,53530,22.6481,26.6373
28255,29093,2016-02-20 14:16:40.000000 UTC,37450,22.6483,27.8444
39261,28255,2016-02-15 02:16:40.000000 UTC,53590,22.6486,24.8889
39261,16111,2016-02-12 22:16:40.000000 UTC,48490,22.649,25.6408
29093,39261,2016-02-05 20:16:40.000000 UTC,52150,22.6495,28.4598
39261,28255,2016-02-12 20:01:40.000000 UTC,39910,22.6499,27.4029
39261,29093,2016-02-13 21:01:40.000000 UTC,48190,22.6509,26.2941
29093,39261,2016-02-01 04:45:00.000000 UTC,47830,22.6511,28.4082
28255,16111,2016-02-21 01:31:40.000000 UTC,58870,22.6513,28.3116
29093,39261,2016-02-01 10:30:00.000000 UTC,20770,22.6525,29.9562
39261,16111,2016-02-13 10:55:00.000000 UTC,55030,22.653,26.0133
29093,39261,2016-02-01 00:00:00.000000 UTC,49690,22.6531,28.0497
29093,39261,2016-02-01 00:00:00.000000 UTC,46810,22.6546,28.8774
16111,39261,2016-02-06 18:16:40.000000 UTC,40570,22.6552,28.2482
29093,16111,2016-02-02 04:45:00.000000 UTC,47230,22.6553,25.3888
28255,39261,2016-02-20 09:01:40.000000 UTC,53830,22.6555,25.443
28255,16111,2016-02-21 20:16:40.000000 UTC,48670,22.6558,26.5917
28255,39261,2016-02-19 21:45:00.000000 UTC,19510,22.6559,21.9387
28255,39261,2016-02-23 03:20:00.000000 UTC,57070,22.6568,26.9747
29093,39261,2016-02-01 06:25:00.000000 UTC,35590,22.6569,26.0523
16111,28255,2016-02-08 13:50:00.000000 UTC,44290,22.6577,28.866
16111,39261,2016-02-09 06:55:00.000000 UTC,45490,22.658,27.7632
29093,39261,2016-02-01 02:10:00.000000 UTC,45130,22.6586,24.6965
28255,29093,2016-02-19 00:01:40.000000 UTC,39370,22.6595,27.695
39261,16111,2016-02-18 01:45:00.000000 UTC,47350,22.6598,28.8283
39261,28255,2016-02-14 13:50:00.000000 UTC,47350,22.6601,27.5689
39261,29093,2016-02-13 14:30:00.000000 UTC,53050,22.6603,28.6742
29093,16111,2016-02-01 23:55:00.000000 UTC,46030,22.6605,26.7036
39261,16111,2016-02-12 18:01:40.000000 UTC,43990,22.6614,25.2609
29093,39261,2016-02-01 08:20:00.000000 UTC,57970,22.6616,27.9559
39261,29093,2016-02-13 03:31:40.000000 UTC,46750,22.6617,26.2583
28255,29093,2016-02-21 09:35:00.000000 UTC,59650,22.662,26.4872
16111,28255,2016-02-07 02:31:40.000000 UTC,50950,22.6622,28.4153
28255,16111,2016-02-23 22:00:00.000000 UTC,42850,22.6623,25.2218
29093,28255,2016-02-03 09:46:40.000000 UTC,44590,22.6627,28.6912
28255,39261,2016-02-18 18:16:40.000000 UTC,52390,22.6637,26.2581
28255,39261,2016-02-18 05:45:00.000000 UTC,52390,22.6638,27.9188
39261,28255,2016-02-12 13:10:00.000000 UTC,57610,22.6641,26.3525
39261,16111,2016-02-12 20:45:00.000000 UTC,49210,22.6654,26.9392
16111,28255,2016-02-10 18:20:00.000000 UTC,33970,22.6655,24.8769
29093,28255,2016-02-01 01:15:00.000000 UTC,40870,22.6659,25.84
28255,16111,2016-02-21 09:35:00.000000 UTC,55150,22.6668,25.9168
16111,39261,2016-02-08 17:01:40.000000 UTC,16750,22.6673,23.7362
39261,28255,2016-02-12 15:45:00.000000 UTC,55690,22.6673,26.3767
29093,39261,2016-02-01 04:45:00.000000 UTC,23410,22.6678,26.8745
29093,28255,2016-02-01 02:55:00.000000 UTC,52510,22.6684,28.3233
39261,28255,2016-02-12 18:40:00.000000 UTC,5110,22.6688,30.5357
16111,29093,2016-02-06 23:20:00.000000 UTC,28570,22.6694,24.0817
28255,39261,2016-02-22 10:01:40.000000 UTC,10030,22.6695,23.6246
29093,16111,2016-02-01 16:31:40.000000 UTC,45490,22.6701,29.1734
39261,28255,2016-02-12 11:01:40.000000 UTC,54790,22.6701,29.448
29093,39261,2016-02-06 09:20:00.000000 UTC,14950,22.6706,29.9936
39261,28255,2016-02-12 11:25:00.000000 UTC,52270,22.6709,27.9785
16111,39261,2016-02-06 19:40:00.000000 UTC,14290,22.671,26.2085
28255,16111,2016-02-18 22:00:00.000000 UTC,27070,22.6716,30.3012
29093,28255,2016-02-06 17:30:00.000000 UTC,17230,22.6723,22.6807
28255,39261,2016-02-19 15:55:00.000000 UTC,51910,22.6726,24.7046
16111,39261,2016-02-07 04:46:40.000000 UTC,55570,22.6734,28.514
39261,16111,2016-02-12 20:45:00.000000 UTC,49090,22.6734,26.4773
39261,28255,2016-02-14 13:50:00.000000 UTC,53530,22.6741,27.0255
28255,16111,2016-02-22 12:25:00.000000 UTC,52690,22.6748,29.4832
16111,39261,2016-02-07 23:31:40.000000 UTC,52090,22.675,27.7855
28255,16111,2016-02-23 00:46:40.000000 UTC,57070,22.675,27.7576
29093,39261,2016-02-04 22:31:40.000000 UTC,46390,22.6754,27.7021
16111,39261,2016-02-08 02:10:00.000000 UTC,49630,22.6758,28.4763
39261,16111,2016-02-14 10:31:40.000000 UTC,45430,22.6763,28.6059
28255,39261,2016-02-22 17:16:40.000000 UTC,45250,22.677,28.6463
39261,16111,2016-02-18 01:45:00.000000 UTC,52990,22.6777,28.8219
29093,39261,2016-02-02 06:01:40.000000 UTC,47470,22.6782,25.864
16111,29093,2016-02-12 08:15:00.000000 UTC,44350,22.679,26.0589
39261,28255,2016-02-18 01:45:00.000000 UTC,55450,22.6793,28.5478
28255,39261,2016-02-19 01:05:00.000000 UTC,16090,22.6793,22.5122
16111,39261,2016-02-07 19:46:40.000000 UTC,20950,22.6795,26.8521
29093,39261,2016-02-01 04:45:00.000000 UTC,2050,22.6798,29.9762
29093,39261,2016-02-05 03:10:00.000000 UTC,9670,22.6805,22.7037
29093,28255,2016-02-05 12:46:40.000000 UTC,44950,22.6808,28.3392
28255,29093,2016-02-23 03:20:00.000000 UTC,47110,22.6811,25.6042
28255,16111,2016-02-23 00:46:40.000000 UTC,47590,22.6816,25.4159
16111,28255,2016-02-08 23:45:00.000000 UTC,51310,22.6817,26.7481
29093,28255,2016-02-04 15:46:40.000000 UTC,15130,22.6818,30.0206
28255,16111,2016-02-18 22:00:00.000000 UTC,10030,22.682,30.5159
28255,29093,2016-02-21 20:16:40.000000 UTC,59590,22.6822,28.2664
39261,29093,2016-02-12 13:31:40.000000 UTC,50170,22.6824,26.7066
39261,28255,2016-02-17 04:45:00.000000 UTC,1990,22.6827,30.4214
39261,29093,2016-02-17 09:50:00.000000 UTC,42370,22.6831,28.8916
16111,28255,2016-02-08 17:01:40.000000 UTC,56890,22.6832,29.3621
16111,28255,2016-02-09 14:31:40.000000 UTC,26710,22.6833,27.3127
29093,28255,2016-02-02 07:20:00.000000 UTC,40510,22.6834,28.3476
16111,28255,2016-02-08 00:50:00.000000 UTC,56170,22.6835,28.2523
39261,16111,2016-02-17 07:16:40.000000 UTC,38290,22.6838,27.6794
29093,39261,2016-02-01 00:35:00.000000 UTC,51910,22.6859,25.7157
16111,28255,2016-02-06 17:30:00.000000 UTC,36850,22.686,27.8666
29093,28255,2016-02-02 17:15:00.000000 UTC,51370,22.6867,27.8952
16111,28255,2016-02-10 16:01:40.000000 UTC,46810,22.6872,26.1309
28255,16111,2016-02-23 08:31:40.000000 UTC,24070,22.6872,26.8481
28255,29093,2016-02-18 14:15:00.000000 UTC,38590,22.6876,28.3111
16111,39261,2016-02-07 22:15:00.000000 UTC,24190,22.6882,27.3266
16111,29093,2016-02-09 10:40:00.000000 UTC,52150,22.6883,27.2525
28255,39261,2016-02-18 20:05:00.000000 UTC,16510,22.6886,26.1368
29093,28255,2016-02-01 15:35:00.000000 UTC,26470,22.6887,22.6562
16111,39261,2016-02-07 00:31:40.000000 UTC,17890,22.6888,26.7955
39261,28255,2016-02-17 23:01:40.000000 UTC,56590,22.6889,25.239
39261,29093,2016-02-16 18:55:00.000000 UTC,54190,22.6905,27.1066
16111,39261,2016-02-06 20:01:40.000000 UTC,50890,22.6906,25.8841
29093,39261,2016-02-02 20:20:00.000000 UTC,51850,22.6916,28.478
28255,29093,2016-02-19 20:15:00.000000 UTC,49090,22.6917,29.6233
16111,39261,2016-02-10 16:01:40.000000 UTC,48970,22.6919,28.143
29093,16111,2016-02-03 01:10:00.000000 UTC,41830,22.6925,28.0402
28255,29093,2016-02-19 06:46:40.000000 UTC,43150,22.6926,25.9127
16111,28255,2016-02-06 17:30:00.000000 UTC,49030,22.6935,28.9415
28255,16111,2016-02-20 02:25:00.000000 UTC,12010,22.6938,22.7373
29093,28255,2016-02-01 01:00:00.000000 UTC,26770,22.6939,29.9323
29093,39261,2016-02-06 09:20:00.000000 UTC,3010,22.6941,30.0316
29093,28255,2016-02-01 00:10:00.000000 UTC,51550,22.6944,29.3705
29093,39261,2016-02-05 05:31:40.000000 UTC,22330,22.6948,22.69
29093,16111,2016-02-03 06:15:00.000000 UTC,52990,22.6952,28.5466
28255,39261,2016-02-19 21:45:00.000000 UTC,44950,22.6955,28.3847
16111,39261,2016-02-07 04:00:00.000000 UTC,55150,22.6963,27.8522
29093,39261,2016-02-02 04:45:00.000000 UTC,46930,22.6974,25.0603
29093,28255,2016-02-03 06:15:00.000000 UTC,32170,22.6977,30.085
29093,39261,2016-02-04 09:16:40.000000 UTC,48370,22.6978,25.2271
29093,39261,2016-02-05 12:46:40.000000 UTC,41170,22.6978,28.3338
29093,39261,2016-02-01 00:00:00.000000 UTC,45790,22.6979,25.5655
28255,16111,2016-02-21 15:55:00.000000 UTC,33370,22.6984,27.892
16111,39261,2016-02-06 22:15:00.000000 UTC,53770,22.6985,28.5498
39261,29093,2016-02-14 20:46:40.000000 UTC,23050,22.6987,28.8773
16111,28255,2016-02-10 23:01:40.000000 UTC,10990,22.6988,25.5696
16111,28255,2016-02-09 03:16:40.000000 UTC,50110,22.6992,26.6858
39261,28255,2016-02-14 07:20:00.000000 UTC,53050,22.6992,29.1133
29093,39261,2016-02-02 02:16:40.000000 UTC,59290,22.6995,28.3838
29093,16111,2016-02-01 05:50:00.000000 UTC,54250,22.6998,28.6292
16111,28255,2016-02-10 16:01:40.000000 UTC,21730,22.7002,22.7294
29093,16111,2016-02-06 04:01:40.000000 UTC,45190,22.7003,26.9775
16111,29093,2016-02-06 23:55:00.000000 UTC,17410,22.7003,22.5919
29093,39261,2016-02-02 14:16:40.000000 UTC,43810,22.7019,26.7557
29093,16111,2016-02-03 06:15:00.000000 UTC,50890,22.702,26.6684
28255,16111,2016-02-19 01:05:00.000000 UTC,50110,22.7021,28.9558
39261,29093,2016-02-12 20:45:00.000000 UTC,23830,22.7023,27.2064
39261,16111,2016-02-13 14:30:00.000000 UTC,39190,22.7029,27.3765
39261,29093,2016-02-18 01:45:00.000000 UTC,58570,22.7032,28.8472
29093,16111,2016-02-01 18:30:00.000000 UTC,29710,22.7033,24.3657
28255,16111,2016-02-23 05:55:00.000000 UTC,22330,22.7038,27.1597
16111,29093,2016-02-10 00:40:00.000000 UTC,46570,22.7041,28.1778
28255,39261,2016-02-20 00:50:00.000000 UTC,15550,22.7051,25.9503
28255,16111,2016-02-18 04:55:00.000000 UTC,53470,22.7054,29.5497
28255,29093,2016-02-19 09:15:00.000000 UTC,58330,22.7058,25.2452
16111,39261,2016-02-09 01:30:00.000000 UTC,12010,22.7062,22.6507
28255,16111,2016-02-21 01:31:40.000000 UTC,4030,22.7068,30.5116
29093,28255,2016-02-01 09:01:40.000000 UTC,56470,22.7069,27.7457
29093,16111,2016-02-06 04:01:40.000000 UTC,51190,22.7078,28.6133
29093,28255,2016-02-01 10:30:00.000000 UTC,56950,22.708,28.2909
29093,28255,2016-02-01 00:10:00.000000 UTC,36670,22.7084,27.0314
28255,16111,2016-02-18 08:16:40.000000 UTC,52690,22.7094,28.3816
28255,29093,2016-02-18 05:05:00.000000 UTC,14230,22.7096,22.7825
39261,16111,2016-02-13 13:16:40.000000 UTC,55930,22.7098,26.6655
39261,29093,2016-02-12 11:46:40.000000 UTC,53530,22.7109,29.3961
16111,39261,2016-02-09 20:31:40.000000 UTC,58870,22.7113,27.7737
16111,28255,2016-02-06 21:16:40.000000 UTC,49030,22.7121,26.1785
29093,39261,2016-02-03 11:35:00.000000 UTC,19570,22.7126,27.7908
16111,28255,2016-02-11 06:16:40.000000 UTC,50950,22.7133,28.6424
39261,29093,2016-02-17 17:40:00.000000 UTC,4810,22.7134,30.6762
16111,39261,2016-02-07 13:01:40.000000 UTC,46150,22.7136,29.0759
29093,28255,2016-02-06 01:25:00.000000 UTC,56650,22.7145,28.8332
28255,39261,2016-02-18 04:40:00.000000 UTC,57610,22.7147,25.5105
29093,28255,2016-02-02 11:25:00.000000 UTC,59770,22.7153,27.2299
16111,29093,2016-02-11 21:31:40.000000 UTC,44290,22.7159,26.9718
16111,39261,2016-02-07 00:31:40.000000 UTC,45250,22.7162,28.608
16111,28255,2016-02-08 20:20:00.000000 UTC,54850,22.7162,28.269
16111,29093,2016-02-10 09:16:40.000000 UTC,40990,22.7168,28.7542
29093,28255,2016-02-01 04:15:00.000000 UTC,21370,22.7169,30.0364
16111,39261,2016-02-08 22:01:40.000000 UTC,54970,22.7169,27.7334
28255,39261,2016-02-18 11:31:40.000000 UTC,58330,22.7171,27.0656
28255,16111,2016-02-18 13:31:40.000000 UTC,52570,22.7183,29.3443
29093,16111,2016-02-01 13:46:40.000000 UTC,54070,22.7189,28.6711
16111,39261,2016-02-09 20:31:40.000000 UTC,2710,22.7191,29.9597
39261,16111,2016-02-14 20:46:40.000000 UTC,19330,22.7191,22.7162
16111,29093,2016-02-07 09:05:00.000000 UTC,56890,22.7197,25.8843
28255,39261,2016-02-19 09:15:00.000000 UTC,47770,22.7197,28.4805
39261,16111,2016-02-17 12:25:00.000000 UTC,19630,22.7198,24.7109
16111,39261,2016-02-07 07:16:40.000000 UTC,52810,22.7202,29.7041
28255,39261,2016-02-20 12:30:00.000000 UTC,46030,22.7208,27.1317
39261,28255,2016-02-13 19:40:00.000000 UTC,26170,22.7211,23.4279
39261,28255,2016-02-14 15:31:40.000000 UTC,59230,22.7211,27.7519
39261,29093,2016-02-14 08:55:00.000000 UTC,57310,22.7219,28.8946
39261,28255,2016-02-17 20:20:00.000000 UTC,52030,22.722,25.4379
39261,28255,2016-02-15 18:10:00.000000 UTC,34750,22.7226,25.2924
16111,28255,2016-02-06 17:55:00.000000 UTC,8530,22.7227,29.9593
16111,28255,2016-02-09 06:55:00.000000 UTC,42370,22.7236,28.8807
28255,39261,2016-02-19 00:01:40.000000 UTC,14410,22.7237,26.3097
39261,16111,2016-02-17 04:45:00.000000 UTC,41830,22.7244,28.3824
39261,16111,2016-02-16 23:46:40.000000 UTC,48610,22.725,28.8952
39261,16111,2016-02-13 17:01:40.000000 UTC,46930,22.7251,28.9529
16111,28255,2016-02-07 11:00:00.000000 UTC,52270,22.7256,26.1243
16111,28255,2016-02-06 17:35:00.000000 UTC,54910,22.7257,28.8097
39261,28255,2016-02-16 23:46:40.000000 UTC,19450,22.7257,20.238
29093,28255,2016-02-01 14:40:00.000000 UTC,51610,22.7258,27.4981
29093,39261,2016-02-04 18:00:00.000000 UTC,3670,22.7262,29.9902
16111,28255,2016-02-09 06:55:00.000000 UTC,51610,22.7267,28.8046
29093,28255,2016-02-02 01:05:00.000000 UTC,33130,22.7273,28.4459
16111,39261,2016-02-11 21:31:40.000000 UTC,3610,22.7275,29.9837
28255,39261,2016-02-21 22:30:00.000000 UTC,53410,22.7277,27.6945
29093,16111,2016-02-01 12:55:00.000000 UTC,46450,22.7279,26.1287
39261,16111,2016-02-12 13:31:40.000000 UTC,53770,22.7282,29.9747
16111,29093,2016-02-09 18:30:00.000000 UTC,52510,22.7295,26.6766
28255,29093,2016-02-23 00:46:40.000000 UTC,23770,22.7295,24.6601
29093,28255,2016-02-02 10:01:40.000000 UTC,21610,22.7297,30.0956
29093,39261,2016-02-03 08:00:00.000000 UTC,54370,22.7302,26.8655
16111,28255,2016-02-07 11:00:00.000000 UTC,38890,22.731,25.273
29093,28255,2016-02-02 20:20:00.000000 UTC,55450,22.7312,27.9463
16111,28255,2016-02-11 11:15:00.000000 UTC,4210,22.7312,30.0165
29093,39261,2016-02-05 00:50:00.000000 UTC,52570,22.7322,26.187
29093,28255,2016-02-01 06:25:00.000000 UTC,56170,22.734,28.5179
16111,39261,2016-02-07 09:05:00.000000 UTC,37870,22.7347,24.9782
16111,29093,2016-02-10 23:01:40.000000 UTC,42190,22.7354,25.5666
29093,28255,2016-02-01 00:00:00.000000 UTC,30970,22.7361,27.7447
29093,16111,2016-02-01 15:35:00.000000 UTC,32050,22.7361,29.1768
39261,28255,2016-02-13 03:31:40.000000 UTC,36730,22.7363,27.749
28255,39261,2016-02-19 03:16:40.000000 UTC,8710,22.7374,25.4774
29093,28255,2016-02-01 06:25:00.000000 UTC,59710,22.7376,26.928
29093,39261,2016-02-01 04:15:00.000000 UTC,59650,22.7378,28.3106
16111,28255,2016-02-11 18:55:00.000000 UTC,5170,22.7382,22.6885
39261,28255,2016-02-12 11:25:00.000000 UTC,2650,22.7387,22.7518
39261,28255,2016-02-15 02:16:40.000000 UTC,49570,22.7399,27.8923
29093,28255,2016-02-01 00:00:00.000000 UTC,8650,22.7401,21.5534
29093,39261,2016-02-04 09:16:40.000000 UTC,59170,22.7404,25.6814
39261,28255,2016-02-17 02:15:00.000000 UTC,59050,22.7406,26.6548
28255,16111,2016-02-21 20:16:40.000000 UTC,51550,22.7409,29.663
39261,16111,2016-02-13 04:30:00.000000 UTC,55750,22.7411,29.2506
16111,39261,2016-02-11 06:16:40.000000 UTC,43870,22.7416,28.6983
39261,29093,2016-02-13 14:30:00.000000 UTC,55990,22.7416,28.6049
28255,29093,2016-02-18 15:46:40.000000 UTC,46210,22.7421,26.3092
28255,39261,2016-02-21 20:16:40.000000 UTC,55630,22.7423,26.567
39261,28255,2016-02-16 02:46:40.000000 UTC,30550,22.7434,26.8362
29093,39261,2016-02-03 11:35:00.000000 UTC,18610,22.7436,22.8045
28255,16111,2016-02-20 21:40:00.000000 UTC,51610,22.7436,28.0973
29093,16111,2016-02-05 12:46:40.000000 UTC,46210,22.744,29.0825
28255,29093,2016-02-23 19:15:00.000000 UTC,33430,22.7448,27.8488
16111,28255,2016-02-06 18:45:00.000000 UTC,58270,22.7449,28.1045
16111,28255,2016-02-08 15:25:00.000000 UTC,53890,22.7452,28.877
39261,28255,2016-02-12 11:25:00.000000 UTC,32050,22.7452,25.4346
39261,29093,2016-02-13 21:01:40.000000 UTC,48070,22.7452,25.8001
29093,39261,2016-02-04 22:31:40.000000 UTC,38110,22.7453,26.3571
39261,16111,2016-02-12 15:45:00.000000 UTC,10030,22.7455,22.7503
28255,16111,2016-02-23 00:46:40.000000 UTC,4450,22.7455,30.6678
29093,39261,2016-02-01 20:35:00.000000 UTC,55570,22.7464,26.1511
16111,39261,2016-02-07 14:05:00.000000 UTC,51610,22.7468,26.5899
29093,16111,2016-02-01 14:40:00.000000 UTC,48310,22.7471,28.2681
29093,28255,2016-02-06 09:20:00.000000 UTC,58150,22.7472,28.3665
16111,28255,2016-02-06 23:55:00.000000 UTC,3370,22.7472,30.0789
16111,29093,2016-02-07 19:46:40.000000 UTC,34090,22.7472,27.2793
29093,39261,2016-02-01 08:20:00.000000 UTC,54490,22.7474,27.8862
16111,28255,2016-02-08 18:40:00.000000 UTC,26350,22.7474,30.0391
16111,39261,2016-02-12 05:31:40.000000 UTC,50770,22.7475,28.0218
16111,28255,2016-02-10 20:40:00.000000 UTC,11830,22.7482,22.7065
39261,28255,2016-02-13 22:25:00.000000 UTC,56170,22.7484,26.2287
29093,39261,2016-02-04 07:10:00.000000 UTC,26350,22.7488,30.0856
16111,28255,2016-02-07 19:46:40.000000 UTC,42910,22.7491,27.4786
29093,28255,2016-02-03 02:50:00.000000 UTC,51190,22.7495,26.7249
29093,16111,2016-02-05 05:31:40.000000 UTC,3010,22.7503,30.4574
28255,16111,2016-02-19 09:15:00.000000 UTC,45790,22.7505,28.8438
16111,29093,2016-02-08 20:20:00.000000 UTC,48070,22.7506,27.1968
16111,28255,2016-02-09 16:30:00.000000 UTC,57310,22.7514,27.0399
39261,28255,2016-02-14 10:31:40.000000 UTC,55390,22.7514,25.155
28255,16111,2016-02-23 16:31:40.000000 UTC,56050,22.7515,28.5607
16111,28255,2016-02-10 18:20:00.000000 UTC,33490,22.752,26.825
39261,28255,2016-02-13 15:45:00.000000 UTC,54730,22.7533,26.1537
16111,29093,2016-02-10 16:01:40.000000 UTC,30550,22.7538,25.7499
39261,28255,2016-02-14 07:20:00.000000 UTC,44050,22.7541,26.4584
29093,28255,2016-02-06 12:01:40.000000 UTC,44770,22.7542,25.2502
16111,39261,2016-02-11 01:25:00.000000 UTC,24970,22.7547,26.4233
28255,16111,2016-02-20 16:05:00.000000 UTC,21010,22.755,22.7512
39261,28255,2016-02-17 23:01:40.000000 UTC,52510,22.7555,27.5992
29093,28255,2016-02-01 06:25:00.000000 UTC,7930,22.7564,26.045
16111,39261,2016-02-07 00:31:40.000000 UTC,51370,22.7565,28.5199
28255,39261,2016-02-18 11:31:40.000000 UTC,58630,22.7566,27.9872
16111,28255,2016-02-11 06:16:40.000000 UTC,8170,22.7575,22.7111
16111,39261,2016-02-07 19:46:40.000000 UTC,2050,22.758,30.0516
16111,28255,2016-02-08 13:50:00.000000 UTC,53590,22.7587,29.0764
16111,39261,2016-02-08 12:16:40.000000 UTC,52450,22.7592,28.4724
16111,39261,2016-02-10 11:30:00.000000 UTC,57550,22.7598,26.1525
28255,39261,2016-02-18 13:31:40.000000 UTC,55510,22.7598,29.02
29093,28255,2016-02-03 02:50:00.000000 UTC,7450,22.76,21.1861
29093,39261,2016-02-04 03:01:40.000000 UTC,26770,22.76,27.1099
29093,16111,2016-02-03 06:15:00.000000 UTC,3370,22.7602,30.3414
39261,16111,2016-02-13 05:30:00.000000 UTC,18490,22.7603,22.7527
29093,28255,2016-02-01 01:00:00.000000 UTC,36370,22.7605,25.1983
29093,28255,2016-02-01 22:46:40.000000 UTC,53830,22.7621,29.0094
16111,28255,2016-02-12 00:10:00.000000 UTC,49030,22.7622,28.063
29093,39261,2016-02-04 01:00:00.000000 UTC,59110,22.7623,28.2399
16111,28255,2016-02-06 21:45:00.000000 UTC,19030,22.7624,22.6736
28255,39261,2016-02-19 21:45:00.000000 UTC,37570,22.7626,13.3358
29093,16111,2016-02-01 00:35:00.000000 UTC,42370,22.7629,25.2395
28255,39261,2016-02-23 19:15:00.000000 UTC,58450,22.763,29.0092
16111,28255,2016-02-08 10:45:00.000000 UTC,55570,22.7631,28.8921
29093,28255,2016-02-03 13:25:00.000000 UTC,55570,22.7633,27.8198
29093,39261,2016-02-01 00:25:00.000000 UTC,56290,22.7634,26.77
28255,16111,2016-02-18 15:00:00.000000 UTC,9550,22.7636,22.5262
29093,39261,2016-02-01 21:40:00.000000 UTC,57970,22.7639,27.9457
29093,39261,2016-02-01 16:31:40.000000 UTC,47590,22.7643,28.8717
29093,39261,2016-02-03 04:31:40.000000 UTC,57790,22.7655,26.0023
16111,39261,2016-02-10 04:55:00.000000 UTC,51430,22.7656,26.9013
28255,39261,2016-02-18 20:05:00.000000 UTC,59170,22.7664,28.4589
28255,16111,2016-02-20 14:16:40.000000 UTC,59530,22.7669,25.7261
16111,39261,2016-02-10 04:55:00.000000 UTC,57910,22.7671,28.4486
29093,28255,2016-02-02 23:31:40.000000 UTC,52630,22.7687,27.7262
28255,29093,2016-02-18 05:05:00.000000 UTC,4630,22.7696,30.6852
28255,16111,2016-02-19 03:16:40.000000 UTC,54070,22.7705,29.5209
39261,28255,2016-02-12 11:01:40.000000 UTC,57910,22.7706,27.1493
29093,39261,2016-02-01 01:50:00.000000 UTC,9790,22.7724,22.7777
29093,16111,2016-02-04 11:25:00.000000 UTC,46450,22.7726,27.8551
39261,16111,2016-02-13 07:35:00.000000 UTC,20290,22.7728,26.2643
16111,39261,2016-02-11 11:15:00.000000 UTC,22390,22.773,22.7794
29093,16111,2016-02-03 21:01:40.000000 UTC,46870,22.7734,27.959
16111,28255,2016-02-12 08:15:00.000000 UTC,970,22.7734,30.0783
16111,28255,2016-02-08 20:20:00.000000 UTC,54790,22.7737,28.0875
29093,28255,2016-02-02 10:01:40.000000 UTC,3670,22.7755,30.2005
29093,28255,2016-02-01 03:46:40.000000 UTC,47650,22.7756,25.0262
16111,28255,2016-02-08 17:01:40.000000 UTC,37810,22.7761,23.5058
16111,29093,2016-02-07 10:01:40.000000 UTC,17650,22.7767,22.6764
29093,39261,2016-02-06 12:01:40.000000 UTC,44110,22.7768,28.2173
16111,39261,2016-02-07 10:01:40.000000 UTC,57010,22.7768,28.3711
29093,39261,2016-02-06 17:30:00.000000 UTC,51490,22.7772,28.066
29093,16111,2016-02-01 04:45:00.000000 UTC,43030,22.7777,28.1514
29093,39261,2016-02-02 11:25:00.000000 UTC,52150,22.7779,29.5668
29093,16111,2016-02-01 12:55:00.000000 UTC,51850,22.7782,27.0783
16111,28255,2016-02-08 20:20:00.000000 UTC,2830,22.7782,22.4168
16111,29093,2016-02-06 22:46:40.000000 UTC,45310,22.7787,25.8319
16111,39261,2016-02-07 06:25:00.000000 UTC,55810,22.7793,27.8644
39261,16111,2016-02-14 10:31:40.000000 UTC,51070,22.7795,28.8871
29093,28255,2016-02-05 03:10:00.000000 UTC,51670,22.7797,27.9761
16111,28255,2016-02-08 23:45:00.000000 UTC,43570,22.7797,27.3753
28255,29093,2016-02-21 13:46:40.000000 UTC,14110,22.78,22.7224
29093,39261,2016-02-02 23:31:40.000000 UTC,52510,22.7805,28.0246
16111,29093,2016-02-06 17:55:00.000000 UTC,52690,22.7805,28.3926
39261,28255,2016-02-18 01:45:00.000000 UTC,5590,22.7814,30.6595
16111,28255,2016-02-10 20:40:00.000000 UTC,34030,22.7827,26.9581
39261,16111,2016-02-18 01:45:00.000000 UTC,18190,22.7834,19.9317
28255,29093,2016-02-18 04:40:00.000000 UTC,58090,22.7836,26.531
16111,39261,2016-02-10 23:01:40.000000 UTC,3430,22.7842,30.0598
39261,16111,2016-02-13 09:46:40.000000 UTC,56950,22.7848,27.0286
39261,28255,2016-02-14 13:50:00.000000 UTC,21910,22.7848,18.1146
16111,39261,2016-02-07 11:00:00.000000 UTC,57130,22.7855,27.9426
29093,16111,2016-02-03 09:46:40.000000 UTC,59830,22.7856,31.6799
16111,29093,2016-02-08 10:45:00.000000 UTC,25930,22.786,28.7745
16111,39261,2016-02-11 21:31:40.000000 UTC,24490,22.786,27.0939
29093,39261,2016-02-04 22:31:40.000000 UTC,57250,22.7869,16.7966
28255,29093,2016-02-20 17:55:00.000000 UTC,18970,22.7869,22.6914
16111,28255,2016-02-08 17:01:40.000000 UTC,54610,22.7873,29.7219
39261,28255,2016-02-14 07:20:00.000000 UTC,43990,22.7874,26.2432
29093,16111,2016-02-02 11:25:00.000000 UTC,3610,22.7885,30.3532
16111,39261,2016-02-07 04:00:00.000000 UTC,41110,22.7888,25.3828
16111,28255,2016-02-09 05:05:00.000000 UTC,3730,22.7894,30.1033
16111,28255,2016-02-07 03:15:00.000000 UTC,57070,22.7898,28.5368
28255,29093,2016-02-21 09:35:00.000000 UTC,9310,22.7906,22.778
28255,39261,2016-02-18 23:00:00.000000 UTC,58510,22.7909,25.9924
16111,29093,2016-02-11 16:20:00.000000 UTC,44710,22.7912,28.8326
29093,28255,2016-02-04 05:05:00.000000 UTC,4810,22.7913,30.0927
28255,29093,2016-02-20 02:25:00.000000 UTC,18850,22.7918,27.2026
16111,28255,2016-02-06 21:45:00.000000 UTC,55570,22.7923,27.9367
29093,28255,2016-02-01 05:50:00.000000 UTC,9670,22.793,30.2281
29093,16111,2016-02-01 04:15:00.000000 UTC,48310,22.7935,27.1566
39261,28255,2016-02-16 11:50:00.000000 UTC,59590,22.7935,26.5521
28255,16111,2016-02-23 19:15:00.000000 UTC,58870,22.7951,26.5993
39261,28255,2016-02-17 09:50:00.000000 UTC,56110,22.7954,28.6215
16111,39261,2016-02-08 02:10:00.000000 UTC,49570,22.7964,28.3027
39261,16111,2016-02-13 17:01:40.000000 UTC,1810,22.7964,30.826
29093,28255,2016-02-01 04:45:00.000000 UTC,40810,22.7972,28.5313
29093,16111,2016-02-01 00:01:40.000000 UTC,43330,22.7973,28.7201
29093,28255,2016-02-02 07:20:00.000000 UTC,58510,22.7974,28.4493
28255,39261,2016-02-22 12:25:00.000000 UTC,25630,22.7975,22.7871
29093,28255,2016-02-03 06:15:00.000000 UTC,58150,22.7985,25.8214
16111,39261,2016-02-08 03:31:40.000000 UTC,23230,22.7991,26.5167
29093,28255,2016-02-01 00:01:40.000000 UTC,39910,22.7995,28.2382
16111,29093,2016-02-10 00:40:00.000000 UTC,25030,22.7997,22.6143
29093,39261,2016-02-01 00:10:00.000000 UTC,55330,22.7998,29.3529
16111,29093,2016-02-06 17:35:00.000000 UTC,49810,22.8004,29.2916
16111,29093,2016-02-10 09:16:40.000000 UTC,49630,22.8006,29.2215
29093,28255,2016-02-01 01:00:00.000000 UTC,20830,22.8007,30.2109
29093,28255,2016-02-04 20:15:00.000000 UTC,49810,22.8008,26.4314
28255,39261,2016-02-20 21:40:00.000000 UTC,58390,22.801,27.7782
29093,39261,2016-02-04 07:10:00.000000 UTC,58690,22.8011,25.5573
16111,39261,2016-02-09 18:30:00.000000 UTC,42250,22.8014,25.8414
29093,39261,2016-02-05 20:16:40.000000 UTC,51670,22.8015,26.9174
39261,28255,2016-02-13 01:40:00.000000 UTC,40750,22.8031,29.9164
28255,39261,2016-02-21 18:05:00.000000 UTC,5830,22.8033,22.4765
16111,28255,2016-02-06 18:45:00.000000 UTC,54790,22.8035,27.6897
28255,16111,2016-02-18 19:10:00.000000 UTC,57310,22.805,28.2126
29093,39261,2016-02-01 14:40:00.000000 UTC,50230,22.8058,28.25
29093,39261,2016-02-01 04:45:00.000000 UTC,41650,22.8066,27.8014
16111,39261,2016-02-07 08:10:00.000000 UTC,3190,22.8067,30.0933
16111,29093,2016-02-11 06:16:40.000000 UTC,50110,22.8067,29.1357
16111,39261,2016-02-07 00:31:40.000000 UTC,8230,22.8069,30.0876
16111,29093,2016-02-07 03:15:00.000000 UTC,52990,22.8069,28.5827
16111,28255,2016-02-11 08:45:00.000000 UTC,54070,22.8072,29.5557
28255,39261,2016-02-19 17:20:00.000000 UTC,55570,22.8073,29.1376
29093,28255,2016-02-03 19:05:00.000000 UTC,56710,22.8074,27.5388
16111,39261,2016-02-09 18:30:00.000000 UTC,8590,22.808,30.1638
39261,16111,2016-02-15 10:00:00.000000 UTC,58750,22.8081,28.4621
28255,16111,2016-02-18 16:35:00.000000 UTC,59590,22.8084,25.2395
29093,39261,2016-02-02 03:30:00.000000 UTC,48010,22.8089,29.4342
16111,29093,2016-02-12 11:00:00.000000 UTC,50890,22.8091,29.1858
39261,29093,2016-02-15 04:10:00.000000 UTC,38410,22.8094,28.5228
16111,29093,2016-02-12 11:00:00.000000 UTC,45610,22.81,29.9774
29093,16111,2016-02-04 01:00:00.000000 UTC,55870,22.8101,27.3159
39261,28255,2016-02-14 07:20:00.000000 UTC,8470,22.8103,26.8595
29093,28255,2016-02-06 09:20:00.000000 UTC,58090,22.8105,28.1893
39261,28255,2016-02-14 01:16:40.000000 UTC,37330,22.8107,21.2786
29093,39261,2016-02-03 09:46:40.000000 UTC,48250,22.8117,24.6462
16111,28255,2016-02-10 02:46:40.000000 UTC,36310,22.8117,24.6287
16111,39261,2016-02-07 04:46:40.000000 UTC,55030,22.8119,26.7774
29093,28255,2016-02-05 15:15:00.000000 UTC,11710,22.8122,22.8269
39261,29093,2016-02-12 14:20:00.000000 UTC,44230,22.8127,25.9599
16111,39261,2016-02-10 16:01:40.000000 UTC,49030,22.8132,28.3184
39261,16111,2016-02-15 10:00:00.000000 UTC,36310,22.8135,28.1451
29093,28255,2016-02-01 00:16:40.000000 UTC,2950,22.8136,30.2135
16111,39261,2016-02-07 22:15:00.000000 UTC,54850,22.8136,29.4192
39261,28255,2016-02-14 12:10:00.000000 UTC,37990,22.8137,26.6015
29093,28255,2016-02-01 00:01:40.000000 UTC,57910,22.8139,28.3422
29093,39261,2016-02-01 00:25:00.000000 UTC,58630,22.814,28.3573
16111,39261,2016-02-11 13:46:40.000000 UTC,49150,22.814,28.271
29093,16111,2016-02-01 01:50:00.000000 UTC,13450,22.8144,22.7345
29093,28255,2016-02-01 00:10:00.000000 UTC,8830,22.8146,30.2096
16111,29093,2016-02-07 18:35:00.000000 UTC,53350,22.8149,28.4973
16111,28255,2016-02-08 18:40:00.000000 UTC,14530,22.8152,30.1779
16111,39261,2016-02-08 22:01:40.000000 UTC,58450,22.816,28.0488
16111,39261,2016-02-10 07:05:00.000000 UTC,46030,22.8161,26.7791
16111,39261,2016-02-09 14:31:40.000000 UTC,53050,22.8162,25.8204
29093,16111,2016-02-01 03:20:00.000000 UTC,54250,22.8167,28.5001
28255,29093,2016-02-20 14:16:40.000000 UTC,40270,22.8168,28.3843
28255,39261,2016-02-23 22:00:00.000000 UTC,51430,22.8168,25.3987
16111,29093,2016-02-08 10:45:00.000000 UTC,56890,22.8171,28.4923
16111,39261,2016-02-08 17:01:40.000000 UTC,4870,22.8178,30.1142
16111,39261,2016-02-07 21:00:00.000000 UTC,31810,22.8184,30.1296
16111,29093,2016-02-11 08:45:00.000000 UTC,53350,22.8202,27.3477
28255,39261,2016-02-20 04:01:40.000000 UTC,28150,22.8206,24.1158
16111,28255,2016-02-08 17:01:40.000000 UTC,54010,22.8209,28.1176
29093,28255,2016-02-04 05:05:00.000000 UTC,22330,22.8213,22.8379
29093,39261,2016-02-05 05:31:40.000000 UTC,53590,22.8222,25.5451
39261,29093,2016-02-15 08:01:40.000000 UTC,58750,22.8222,27.8729
16111,39261,2016-02-06 17:40:00.000000 UTC,58330,22.8224,28.1545
28255,39261,2016-02-18 09:46:40.000000 UTC,14410,22.8228,22.9814
28255,39261,2016-02-18 07:01:40.000000 UTC,57970,22.8231,26.462
16111,39261,2016-02-10 13:45:00.000000 UTC,49930,22.8233,21.057
29093,28255,2016-02-01 16:31:40.000000 UTC,53890,22.8236,19.3828
29093,16111,2016-02-04 13:35:00.000000 UTC,14530,22.8237,30.4858
16111,29093,2016-02-11 21:31:40.000000 UTC,42190,22.8238,27.7516
29093,28255,2016-02-01 18:30:00.000000 UTC,58690,22.824,28.4492
16111,39261,2016-02-09 22:35:00.000000 UTC,49690,22.8247,27.0697
28255,29093,2016-02-18 19:10:00.000000 UTC,52030,22.8247,29.2797
16111,28255,2016-02-06 22:46:40.000000 UTC,48130,22.8251,24.761
16111,39261,2016-02-07 10:01:40.000000 UTC,54790,22.8261,26.261
16111,39261,2016-02-06 20:25:00.000000 UTC,53050,22.8263,27.9324
28255,39261,2016-02-18 14:15:00.000000 UTC,46150,22.8263,25.8512
16111,29093,2016-02-08 04:55:00.000000 UTC,12490,22.8269,22.9147
28255,39261,2016-02-19 06:46:40.000000 UTC,40930,22.8273,26.0533
16111,28255,2016-02-12 00:10:00.000000 UTC,12850,22.8277,25.6637
29093,39261,2016-02-02 17:15:00.000000 UTC,25870,22.8281,23.0423
29093,28255,2016-02-05 15:15:00.000000 UTC,51070,22.8282,29.4465
39261,29093,2016-02-16 09:31:40.000000 UTC,56830,22.8288,28.5375
29093,28255,2016-02-04 20:15:00.000000 UTC,54190,22.8298,25.8355
29093,16111,2016-02-04 03:01:40.000000 UTC,25930,22.8303,30.4756
16111,28255,2016-02-11 01:25:00.000000 UTC,3550,22.8304,22.0625
29093,39261,2016-02-02 08:40:00.000000 UTC,54130,22.8305,25.7703
29093,16111,2016-02-06 01:25:00.000000 UTC,25090,22.8309,30.4528
16111,39261,2016-02-06 19:01:40.000000 UTC,46930,22.8319,28.6624
29093,28255,2016-02-05 15:15:00.000000 UTC,26230,22.8327,30.1932
16111,28255,2016-02-07 23:31:40.000000 UTC,9550,22.8327,30.1804
28255,29093,2016-02-19 15:55:00.000000 UTC,53350,22.8327,28.7633
29093,28255,2016-02-01 02:10:00.000000 UTC,54490,22.8334,25.9534
16111,39261,2016-02-06 21:16:40.000000 UTC,35770,22.8341,29.0699
28255,16111,2016-02-22 14:50:00.000000 UTC,24190,22.8341,28.9382
29093,28255,2016-02-01 01:50:00.000000 UTC,2830,22.8343,30.2308
16111,28255,2016-02-11 06:16:40.000000 UTC,47770,22.8343,28.7883
16111,28255,2016-02-08 22:01:40.000000 UTC,55030,22.8346,27.5516
16111,29093,2016-02-07 05:35:00.000000 UTC,16990,22.8347,26.3719
16111,28255,2016-02-06 17:35:00.000000 UTC,51610,22.8349,29.1097
39261,29093,2016-02-14 19:00:00.000000 UTC,54610,22.8358,27.9646
29093,39261,2016-02-02 17:15:00.000000 UTC,19930,22.8363,22.8444
29093,39261,2016-02-03 06:15:00.000000 UTC,52930,22.8367,19.6258
16111,39261,2016-02-07 23:31:40.000000 UTC,57970,22.8375,28.3627
39261,29093,2016-02-12 16:50:00.000000 UTC,52210,22.8379,29.6217
16111,28255,2016-02-12 00:10:00.000000 UTC,55270,22.8381,28.9976
16111,28255,2016-02-07 04:46:40.000000 UTC,57130,22.8385,27.5894
39261,16111,2016-02-14 08:55:00.000000 UTC,56950,22.8388,28.6276
16111,28255,2016-02-09 18:30:00.000000 UTC,57610,22.8394,27.6029
29093,16111,2016-02-01 16:31:40.000000 UTC,3850,22.8395,30.4078
16111,39261,2016-02-07 23:31:40.000000 UTC,54790,22.8396,28.3296
28255,16111,2016-02-18 17:25:00.000000 UTC,20290,22.8402,22.818
28255,29093,2016-02-23 22:00:00.000000 UTC,5290,22.8403,30.9001
29093,28255,2016-02-01 02:55:00.000000 UTC,50950,22.8405,28.0786
28255,16111,2016-02-18 18:16:40.000000 UTC,4870,22.8411,30.8522
28255,39261,2016-02-19 21:45:00.000000 UTC,51010,22.8412,28.4561
28255,39261,2016-02-20 19:46:40.000000 UTC,46990,22.8417,24.792
28255,16111,2016-02-19 11:50:00.000000 UTC,39130,22.842,26.9923
28255,29093,2016-02-22 12:25:00.000000 UTC,49990,22.8421,25.294
16111,29093,2016-02-06 17:46:40.000000 UTC,3070,22.8429,30.4039
16111,28255,2016-02-06 22:15:00.000000 UTC,15490,22.843,30.2994
39261,29093,2016-02-12 22:16:40.000000 UTC,18190,22.8433,25.4855
16111,39261,2016-02-06 21:45:00.000000 UTC,59650,22.8439,28.6479
39261,28255,2016-02-14 12:10:00.000000 UTC,14830,22.8446,28.4817
29093,16111,2016-02-06 06:40:00.000000 UTC,30550,22.8455,30.4942
28255,39261,2016-02-21 07:31:40.000000 UTC,27010,22.8459,25.408
29093,16111,2016-02-04 18:00:00.000000 UTC,48010,22.8462,16.8552
29093,28255,2016-02-01 05:16:40.000000 UTC,3190,22.8463,30.1764
29093,28255,2016-02-01 00:01:40.000000 UTC,8650,22.8465,22.6043
28255,39261,2016-02-20 14:16:40.000000 UTC,42730,22.8465,27.6364
28255,16111,2016-02-18 14:15:00.000000 UTC,20050,22.8471,23.1731
16111,39261,2016-02-08 03:31:40.000000 UTC,17170,22.8473,26.607
29093,28255,2016-02-01 00:16:40.000000 UTC,8530,22.8477,30.2478
16111,39261,2016-02-08 03:31:40.000000 UTC,27250,22.8486,30.2388
29093,16111,2016-02-02 20:20:00.000000 UTC,49150,22.8488,26.9962
16111,28255,2016-02-11 08:45:00.000000 UTC,20650,22.849,22.8332
39261,28255,2016-02-17 02:15:00.000000 UTC,46930,22.8491,25.6122
29093,28255,2016-02-01 00:35:00.000000 UTC,54250,22.8497,26.302
16111,39261,2016-02-07 13:01:40.000000 UTC,55630,22.8503,26.3274
28255,16111,2016-02-22 22:15:00.000000 UTC,4870,22.8506,30.8625
29093,16111,2016-02-03 08:00:00.000000 UTC,20710,22.8508,30.5598
29093,39261,2016-02-03 15:16:40.000000 UTC,25450,22.8509,22.8613
16111,39261,2016-02-07 15:10:00.000000 UTC,45010,22.8513,20.094
29093,16111,2016-02-02 20:20:00.000000 UTC,50890,22.8515,27.6661
29093,16111,2016-02-03 02:50:00.000000 UTC,50530,22.8517,28.3331
16111,28255,2016-02-10 23:01:40.000000 UTC,54790,22.8518,27.646
28255,16111,2016-02-19 09:15:00.000000 UTC,59770,22.8518,28.2368
16111,39261,2016-02-10 20:40:00.000000 UTC,3490,22.8522,30.2341
16111,39261,2016-02-07 06:25:00.000000 UTC,56050,22.8526,28.5795
29093,39261,2016-02-03 02:50:00.000000 UTC,57010,22.8527,27.2223
16111,29093,2016-02-11 08:45:00.000000 UTC,55630,22.8527,28.6582
16111,39261,2016-02-06 19:40:00.000000 UTC,40810,22.8529,27.8185
29093,28255,2016-02-01 00:10:00.000000 UTC,42490,22.8532,26.7506
29093,28255,2016-02-02 11:25:00.000000 UTC,52810,22.8532,29.7804
16111,39261,2016-02-08 22:01:40.000000 UTC,43450,22.8537,28.9699
28255,16111,2016-02-18 17:25:00.000000 UTC,45070,22.8545,28.372
39261,29093,2016-02-16 09:31:40.000000 UTC,53890,22.855,28.7785
29093,39261,2016-02-03 08:00:00.000000 UTC,27550,22.8551,28.409
28255,29093,2016-02-18 15:46:40.000000 UTC,8830,22.8568,24.009
29093,39261,2016-02-01 09:45:00.000000 UTC,2470,22.8569,30.2274
39261,28255,2016-02-12 22:16:40.000000 UTC,43210,22.8569,26.9641
28255,39261,2016-02-23 19:15:00.000000 UTC,52270,22.8577,28.5161
16111,28255,2016-02-07 14:05:00.000000 UTC,53110,22.859,26.5382
29093,16111,2016-02-01 19:31:40.000000 UTC,45730,22.8592,28.2403
16111,39261,2016-02-06 17:31:40.000000 UTC,9190,22.8593,22.8998
29093,39261,2016-02-06 17:30:00.000000 UTC,43270,22.8602,25.6476
16111,29093,2016-02-06 19:40:00.000000 UTC,23650,22.8608,22.8158
29093,39261,2016-02-06 06:40:00.000000 UTC,2350,22.8609,30.3334
16111,28255,2016-02-07 05:35:00.000000 UTC,57490,22.8613,28.1344
16111,28255,2016-02-06 19:40:00.000000 UTC,47410,22.8614,24.6422
28255,39261,2016-02-19 17:20:00.000000 UTC,59950,22.8615,28.1461
16111,39261,2016-02-10 02:46:40.000000 UTC,57130,22.8618,27.9938
29093,28255,2016-02-02 07:20:00.000000 UTC,55690,22.8621,29.1063
16111,28255,2016-02-07 02:31:40.000000 UTC,56710,22.8622,27.9457
39261,28255,2016-02-12 11:35:00.000000 UTC,55390,22.8626,27.8824
16111,29093,2016-02-07 02:31:40.000000 UTC,3490,22.8627,30.7668
29093,28255,2016-02-01 00:00:00.000000 UTC,58870,22.8634,24.9198
29093,28255,2016-02-01 08:20:00.000000 UTC,56290,22.8636,27.7746
29093,39261,2016-02-02 15:45:00.000000 UTC,44530,22.8646,27.9343
28255,16111,2016-02-19 04:25:00.000000 UTC,29170,22.8649,24.6731
28255,16111,2016-02-18 06:01:40.000000 UTC,43090,22.8651,28.9963
16111,28255,2016-02-06 18:05:00.000000 UTC,54610,22.8656,27.6554
29093,28255,2016-02-02 11:25:00.000000 UTC,9850,22.8663,30.3701
29093,28255,2016-02-05 22:50:00.000000 UTC,45610,22.8665,21.2911
28255,39261,2016-02-18 10:55:00.000000 UTC,46690,22.8666,28.0941
28255,39261,2016-02-18 05:45:00.000000 UTC,52450,22.8679,28.0923
16111,28255,2016-02-08 02:10:00.000000 UTC,20950,22.8682,28.2694
28255,39261,2016-02-19 00:01:40.000000 UTC,5650,22.8682,30.7297
28255,39261,2016-02-19 10:31:40.000000 UTC,58870,22.8684,25.5003
39261,29093,2016-02-15 10:00:00.000000 UTC,51310,22.8699,28.7636
16111,28255,2016-02-07 14:05:00.000000 UTC,59590,22.8701,28.4054
16111,39261,2016-02-08 02:10:00.000000 UTC,32950,22.8703,30.2917
16111,28255,2016-02-11 21:31:40.000000 UTC,45790,22.8703,27.7384
28255,29093,2016-02-21 22:30:00.000000 UTC,51730,22.8705,25.1075
16111,29093,2016-02-07 16:16:40.000000 UTC,3370,22.8708,30.4484
16111,29093,2016-02-06 17:35:00.000000 UTC,3070,22.8721,30.4632
16111,29093,2016-02-06 17:30:00.000000 UTC,41590,22.8724,28.6614
16111,29093,2016-02-09 18:30:00.000000 UTC,37810,22.8724,28.4466
16111,39261,2016-02-09 06:55:00.000000 UTC,58090,22.8735,29.4962
16111,39261,2016-02-06 18:30:00.000000 UTC,46150,22.8738,26.7524
16111,39261,2016-02-08 17:01:40.000000 UTC,9610,22.8745,22.885
28255,39261,2016-02-18 05:05:00.000000 UTC,51730,22.8746,25.8906
16111,28255,2016-02-07 07:16:40.000000 UTC,29710,22.8753,28.4908
28255,39261,2016-02-22 05:20:00.000000 UTC,43870,22.8753,25.9491
39261,16111,2016-02-15 14:01:40.000000 UTC,25870,22.8759,22.9689
16111,29093,2016-02-08 22:01:40.000000 UTC,54010,22.8767,28.3254
39261,29093,2016-02-17 15:01:40.000000 UTC,5290,22.8771,30.9855
29093,28255,2016-02-05 03:10:00.000000 UTC,43750,22.8777,25.4539
28255,39261,2016-02-23 13:50:00.000000 UTC,13690,22.8785,22.8085
29093,16111,2016-02-03 17:10:00.000000 UTC,20530,22.8787,30.5616
16111,39261,2016-02-08 22:01:40.000000 UTC,18070,22.8792,22.8424
29093,16111,2016-02-05 07:55:00.000000 UTC,34930,22.8794,28.1036
39261,28255,2016-02-12 11:16:40.000000 UTC,9310,22.8794,19.3721
16111,39261,2016-02-08 04:55:00.000000 UTC,21550,22.8797,30.2724
29093,39261,2016-02-02 21:55:00.000000 UTC,58150,22.8799,28.2116
16111,39261,2016-02-07 17:25:00.000000 UTC,57730,22.8799,17.101
29093,16111,2016-02-01 07:01:40.000000 UTC,3970,22.8802,30.4588
16111,29093,2016-02-06 21:16:40.000000 UTC,3130,22.8806,30.415
29093,28255,2016-02-01 06:25:00.000000 UTC,3730,22.8809,30.3815
39261,28255,2016-02-12 11:00:00.000000 UTC,51730,22.8821,26.2504
28255,39261,2016-02-23 03:20:00.000000 UTC,41110,22.8828,29.8878
16111,28255,2016-02-10 16:01:40.000000 UTC,36970,22.8832,29.4244
16111,39261,2016-02-08 15:25:00.000000 UTC,59590,22.8833,29.1885
29093,39261,2016-02-02 01:05:00.000000 UTC,22570,22.8835,26.8155
29093,28255,2016-02-06 14:45:00.000000 UTC,40810,22.8835,25.9118
39261,16111,2016-02-15 04:10:00.000000 UTC,43390,22.8839,28.5479
29093,28255,2016-02-01 00:05:00.000000 UTC,54790,22.8841,28.327
39261,16111,2016-02-16 09:31:40.000000 UTC,27430,22.8844,28.0094
29093,28255,2016-02-06 12:01:40.000000 UTC,38650,22.8847,25.6464
29093,28255,2016-02-02 02:16:40.000000 UTC,8230,22.8852,23.3648
28255,29093,2016-02-20 07:20:00.000000 UTC,9790,22.8854,22.8742
29093,16111,2016-02-02 07:20:00.000000 UTC,39610,22.8856,28.7119
29093,28255,2016-02-04 15:46:40.000000 UTC,43030,22.8864,26.6978
16111,28255,2016-02-07 02:31:40.000000 UTC,56650,22.8865,27.7569
16111,39261,2016-02-09 01:30:00.000000 UTC,15370,22.8866,30.3189
29093,16111,2016-02-03 17:10:00.000000 UTC,14890,22.8887,30.5817
16111,28255,2016-02-06 17:30:00.000000 UTC,58510,22.89,26.2392
28255,16111,2016-02-23 19:15:00.000000 UTC,35890,22.89,28.1496
29093,39261,2016-02-01 00:35:00.000000 UTC,52030,22.8917,26.1794
16111,39261,2016-02-09 05:05:00.000000 UTC,56710,22.8919,27.0187
16111,28255,2016-02-09 10:40:00.000000 UTC,34210,22.8924,26.8997
16111,28255,2016-02-07 23:31:40.000000 UTC,27610,22.8928,28.0106
16111,28255,2016-02-09 05:05:00.000000 UTC,28690,22.8934,27.6562
28255,39261,2016-02-20 09:01:40.000000 UTC,56230,22.8935,27.992
28255,39261,2016-02-21 01:31:40.000000 UTC,6070,22.8946,22.9413
16111,39261,2016-02-11 08:45:00.000000 UTC,59710,22.8948,28.3211
16111,39261,2016-02-11 16:20:00.000000 UTC,21190,22.8952,30.2653
39261,28255,2016-02-12 14:46:40.000000 UTC,2470,22.8954,22.9273
16111,28255,2016-02-06 18:45:00.000000 UTC,17230,22.8956,23.8395
29093,39261,2016-02-02 07:20:00.000000 UTC,54730,22.8964,28.8474
28255,39261,2016-02-21 03:30:00.000000 UTC,31210,22.8964,27.1879
29093,16111,2016-02-03 01:10:00.000000 UTC,12250,22.8966,22.9703
16111,39261,2016-02-09 01:30:00.000000 UTC,9370,22.8967,30.3032
29093,39261,2016-02-01 06:25:00.000000 UTC,10030,22.8975,22.8337
29093,16111,2016-02-01 14:40:00.000000 UTC,48430,22.8979,28.6659
29093,39261,2016-02-01 04:45:00.000000 UTC,53890,22.8989,28.6279
39261,16111,2016-02-16 09:31:40.000000 UTC,55150,22.899,27.9963
16111,29093,2016-02-09 20:31:40.000000 UTC,19990,22.9,22.8836
29093,28255,2016-02-01 22:46:40.000000 UTC,50530,22.9001,28.8939
29093,28255,2016-02-01 07:40:00.000000 UTC,44470,22.9002,28.0571
29093,16111,2016-02-01 22:46:40.000000 UTC,45310,22.9004,29.2242
29093,28255,2016-02-02 11:25:00.000000 UTC,58930,22.9009,29.5668
39261,16111,2016-02-13 21:01:40.000000 UTC,4810,22.9009,30.7464
39261,29093,2016-02-13 06:31:40.000000 UTC,57310,22.901,26.6708
28255,16111,2016-02-19 06:46:40.000000 UTC,40630,22.9011,28.2985
29093,39261,2016-02-01 00:05:00.000000 UTC,15790,22.9013,25.1118
16111,28255,2016-02-07 08:10:00.000000 UTC,29950,22.9017,26.0603
29093,39261,2016-02-01 03:20:00.000000 UTC,15250,22.902,22.8357
16111,28255,2016-02-08 07:46:40.000000 UTC,51550,22.9022,27.2203
29093,28255,2016-02-01 02:31:40.000000 UTC,57970,22.9023,29.5581
16111,39261,2016-02-07 05:35:00.000000 UTC,23710,22.9026,23.0029
16111,28255,2016-02-09 06:55:00.000000 UTC,57730,22.9034,29.3457
39261,16111,2016-02-13 02:35:00.000000 UTC,40030,22.9036,27.1766
29093,39261,2016-02-05 07:55:00.000000 UTC,59650,22.904,17.3029
29093,39261,2016-02-02 01:05:00.000000 UTC,40210,22.9043,25.6305
29093,16111,2016-02-04 03:01:40.000000 UTC,46030,22.9043,25.1315
29093,39261,2016-02-01 14:40:00.000000 UTC,21490,22.9051,30.2799
29093,28255,2016-02-02 14:16:40.000000 UTC,26830,22.9053,26.7822
16111,29093,2016-02-06 19:20:00.000000 UTC,20410,22.9059,30.5355
39261,28255,2016-02-15 16:05:00.000000 UTC,45550,22.9063,29.2855
39261,29093,2016-02-13 14:30:00.000000 UTC,5710,22.9065,31.1167
16111,28255,2016-02-07 07:16:40.000000 UTC,51610,22.9068,26.9211
28255,16111,2016-02-18 09:15:00.000000 UTC,45490,22.9069,28.5745
16111,29093,2016-02-08 02:10:00.000000 UTC,45070,22.9073,29.0371
16111,29093,2016-02-10 11:30:00.000000 UTC,58690,22.9078,26.4038
28255,39261,2016-02-21 07:31:40.000000 UTC,54610,22.9085,24.841
16111,39261,2016-02-10 02:46:40.000000 UTC,56650,22.9087,26.3704
29093,39261,2016-02-02 08:40:00.000000 UTC,10270,22.909,25.5306
28255,16111,2016-02-22 10:01:40.000000 UTC,51070,22.9095,26.2829
16111,39261,2016-02-07 00:31:40.000000 UTC,35530,22.9097,25.3469
28255,29093,2016-02-18 06:01:40.000000 UTC,51370,22.9104,28.9645
29093,28255,2016-02-02 15:45:00.000000 UTC,46750,22.9109,29.2188
16111,28255,2016-02-08 20:20:00.000000 UTC,17230,22.9115,22.9384
16111,29093,2016-02-07 02:31:40.000000 UTC,3190,22.9129,30.5127
16111,39261,2016-02-06 23:20:00.000000 UTC,59830,22.913,27.8626
16111,39261,2016-02-08 06:20:00.000000 UTC,9790,22.9132,30.3508
39261,29093,2016-02-15 10:00:00.000000 UTC,7570,22.914,21.2442
29093,39261,2016-02-05 12:46:40.000000 UTC,54850,22.9141,18.3244
28255,39261,2016-02-23 08:31:40.000000 UTC,42490,22.9141,28.2229
28255,29093,2016-02-18 05:45:00.000000 UTC,35290,22.9155,25.925
28255,16111,2016-02-18 06:01:40.000000 UTC,57190,22.9164,28.2255
29093,39261,2016-02-04 18:00:00.000000 UTC,33250,22.9173,27.4536
39261,29093,2016-02-12 20:01:40.000000 UTC,51910,22.9174,28.4286
16111,29093,2016-02-10 09:16:40.000000 UTC,49570,22.9176,29.048
16111,28255,2016-02-09 05:05:00.000000 UTC,56710,22.9178,27.6355
29093,16111,2016-02-02 15:45:00.000000 UTC,3550,22.918,30.5062
16111,39261,2016-02-07 22:15:00.000000 UTC,54730,22.918,29.126
39261,28255,2016-02-12 12:50:00.000000 UTC,9550,22.9186,22.8513
29093,28255,2016-02-05 03:10:00.000000 UTC,59110,22.9189,31.0259
16111,29093,2016-02-06 17:40:00.000000 UTC,14710,22.919,30.5665
39261,16111,2016-02-12 15:15:00.000000 UTC,39490,22.9191,26.5932
28255,29093,2016-02-23 19:15:00.000000 UTC,50470,22.9202,28.8061
29093,39261,2016-02-04 09:16:40.000000 UTC,54370,22.9205,25.3004
29093,16111,2016-02-06 04:01:40.000000 UTC,8110,22.9207,30.6998
29093,28255,2016-02-01 18:30:00.000000 UTC,2950,22.9208,24.1071
39261,16111,2016-02-15 12:00:00.000000 UTC,19990,22.9208,22.865
29093,16111,2016-02-02 17:15:00.000000 UTC,53650,22.9223,29.69
16111,29093,2016-02-10 13:45:00.000000 UTC,49390,22.9223,28.1501
28255,16111,2016-02-21 18:05:00.000000 UTC,1690,22.9224,31.008
16111,29093,2016-02-06 21:45:00.000000 UTC,3130,22.923,30.5149
29093,39261,2016-02-02 02:16:40.000000 UTC,58810,22.9233,26.8955
29093,28255,2016-02-04 09:16:40.000000 UTC,53110,22.9241,25.1988
16111,29093,2016-02-11 16:20:00.000000 UTC,21610,22.9242,25.8572
16111,29093,2016-02-09 05:05:00.000000 UTC,48670,22.9243,28.5343
28255,16111,2016-02-18 14:15:00.000000 UTC,21730,22.9247,27.0263
16111,39261,2016-02-06 17:30:00.000000 UTC,45610,22.9248,25.6981
29093,16111,2016-02-02 12:50:00.000000 UTC,51490,22.9254,26.1055
39261,28255,2016-02-12 12:31:40.000000 UTC,55090,22.9254,28.6225
39261,29093,2016-02-16 02:46:40.000000 UTC,38650,22.9255,28.2867
16111,39261,2016-02-06 17:31:40.000000 UTC,53950,22.9258,17.1551
29093,28255,2016-02-02 18:46:40.000000 UTC,57670,22.9272,28.0896
16111,39261,2016-02-07 01:10:00.000000 UTC,58150,22.9272,26.8346
16111,29093,2016-02-07 06:25:00.000000 UTC,46810,22.9281,26.1459
28255,16111,2016-02-18 07:25:00.000000 UTC,56650,22.9286,27.4545
28255,39261,2016-02-20 10:45:00.000000 UTC,56350,22.9289,29.7762
16111,39261,2016-02-10 00:40:00.000000 UTC,49990,22.9303,25.9635
16111,29093,2016-02-06 17:35:00.000000 UTC,20350,22.9307,30.5848
16111,28255,2016-02-07 16:16:40.000000 UTC,53830,22.9312,27.3026
28255,16111,2016-02-23 19:15:00.000000 UTC,49990,22.9312,28.8553
39261,28255,2016-02-12 20:45:00.000000 UTC,29590,22.9322,19.0156
16111,28255,2016-02-06 17:30:00.000000 UTC,55030,22.9323,29.1756
29093,39261,2016-02-02 07:20:00.000000 UTC,47710,22.933,25.416
28255,29093,2016-02-18 15:00:00.000000 UTC,33010,22.933,27.6412
16111,39261,2016-02-08 15:25:00.000000 UTC,56170,22.9343,29.1375
39261,29093,2016-02-12 11:46:40.000000 UTC,47830,22.9343,29.4192
16111,39261,2016-02-08 10:45:00.000000 UTC,58210,22.9345,29.0197
39261,29093,2016-02-17 12:25:00.000000 UTC,14830,22.9345,22.2416
16111,28255,2016-02-08 12:16:40.000000 UTC,18790,22.9355,22.6354
29093,28255,2016-02-01 02:55:00.000000 UTC,9250,22.936,24.5881
16111,29093,2016-02-06 17:40:00.000000 UTC,3370,22.9371,30.6038
29093,39261,2016-02-01 14:40:00.000000 UTC,47410,22.9376,28.0693
39261,16111,2016-02-13 14:30:00.000000 UTC,58870,22.9376,28.8812
28255,16111,2016-02-18 14:15:00.000000 UTC,55570,22.9376,28.8634
29093,39261,2016-02-04 01:00:00.000000 UTC,52630,22.9378,26.678
29093,16111,2016-02-03 17:10:00.000000 UTC,58330,22.9388,28.754
29093,39261,2016-02-02 07:20:00.000000 UTC,45490,22.9393,28.3799
29093,16111,2016-02-05 10:20:00.000000 UTC,40270,22.9394,27.4893
16111,29093,2016-02-06 17:30:00.000000 UTC,25990,22.9395,30.6121
16111,29093,2016-02-07 15:10:00.000000 UTC,45130,22.9397,27.9964
16111,39261,2016-02-10 00:40:00.000000 UTC,54070,22.9397,27.4886
29093,39261,2016-02-01 00:05:00.000000 UTC,49450,22.9413,28.7818
16111,29093,2016-02-09 05:05:00.000000 UTC,48130,22.9415,26.641
16111,39261,2016-02-09 20:31:40.000000 UTC,55030,22.942,26.8674
29093,16111,2016-02-04 15:46:40.000000 UTC,3190,22.9421,30.6479
29093,39261,2016-02-02 15:45:00.000000 UTC,9730,22.9431,30.3631
28255,39261,2016-02-23 19:15:00.000000 UTC,46150,22.9431,28.1358
16111,39261,2016-02-07 03:15:00.000000 UTC,54430,22.9435,26.162
29093,39261,2016-02-02 11:25:00.000000 UTC,49030,22.944,26.5305
29093,16111,2016-02-04 05:05:00.000000 UTC,3070,22.9458,30.5619
39261,28255,2016-02-13 03:31:40.000000 UTC,39610,22.9464,27.5765
29093,16111,2016-02-02 17:15:00.000000 UTC,43630,22.9465,29.4557
16111,39261,2016-02-08 13:50:00.000000 UTC,59110,22.9472,29.106
16111,39261,2016-02-08 04:55:00.000000 UTC,41890,22.9474,26.4002
29093,28255,2016-02-03 09:46:40.000000 UTC,14830,22.9475,25.0242
28255,29093,2016-02-21 22:30:00.000000 UTC,59650,22.9475,29.6675
16111,39261,2016-02-07 13:01:40.000000 UTC,57970,22.9481,28.7137
39261,29093,2016-02-13 15:45:00.000000 UTC,3070,22.9482,23.5503
29093,28255,2016-02-02 23:31:40.000000 UTC,52750,22.9483,28.1094
39261,28255,2016-02-14 13:50:00.000000 UTC,59470,22.9497,27.231
16111,28255,2016-02-06 18:16:40.000000 UTC,55270,22.9498,29.4274
16111,28255,2016-02-07 07:16:40.000000 UTC,11890,22.9506,23.8157
16111,39261,2016-02-08 09:15:00.000000 UTC,38890,22.9506,25.9458
16111,28255,2016-02-06 18:05:00.000000 UTC,54730,22.9508,28.0403
39261,16111,2016-02-15 10:00:00.000000 UTC,56050,22.9509,28.9238
39261,28255,2016-02-17 23:01:40.000000 UTC,58450,22.9509,27.6639
29093,16111,2016-02-01 10:30:00.000000 UTC,7630,22.9511,22.9514
16111,29093,2016-02-08 12:16:40.000000 UTC,45310,22.9511,29.3068
16111,28255,2016-02-06 20:25:00.000000 UTC,55210,22.9521,27.7465
16111,28255,2016-02-06 18:05:00.000000 UTC,40030,22.9523,28.193
29093,16111,2016-02-04 11:25:00.000000 UTC,8530,22.9536,30.5673
39261,16111,2016-02-14 02:45:00.000000 UTC,28210,22.9553,26.2908
29093,39261,2016-02-01 02:55:00.000000 UTC,3130,22.9555,23.0146
16111,28255,2016-02-10 13:45:00.000000 UTC,52690,22.9558,27.9521
28255,39261,2016-02-22 17:16:40.000000 UTC,16390,22.9564,25.5167
16111,28255,2016-02-10 07:05:00.000000 UTC,47830,22.9571,29.6774
28255,39261,2016-02-19 13:10:00.000000 UTC,55390,22.9574,28.5133
16111,29093,2016-02-07 01:50:00.000000 UTC,20530,22.9577,30.5832
28255,29093,2016-02-23 19:15:00.000000 UTC,56170,22.9582,29.1266
39261,28255,2016-02-14 17:15:00.000000 UTC,43510,22.9593,25.9973
16111,29093,2016-02-06 21:45:00.000000 UTC,46750,22.9606,26.691
28255,39261,2016-02-19 09:15:00.000000 UTC,52930,22.9611,25.9139
16111,29093,2016-02-06 19:40:00.000000 UTC,20410,22.9621,30.582
29093,28255,2016-02-05 07:55:00.000000 UTC,20470,22.9623,26.5736
16111,39261,2016-02-07 04:00:00.000000 UTC,47110,22.9627,25.751
29093,39261,2016-02-03 01:10:00.000000 UTC,44590,22.963,26.6356
29093,28255,2016-02-04 03:01:40.000000 UTC,56350,22.9635,26.5511
16111,39261,2016-02-12 05:31:40.000000 UTC,44590,22.9636,28.2998
29093,28255,2016-02-01 08:20:00.000000 UTC,7930,22.9637,22.8473
29093,39261,2016-02-02 03:30:00.000000 UTC,56410,22.964,29.104
39261,29093,2016-02-14 10:31:40.000000 UTC,51310,22.9651,28.8191
16111,39261,2016-02-10 20:40:00.000000 UTC,56350,22.9654,28.4071
39261,28255,2016-02-12 11:16:40.000000 UTC,26530,22.966,22.9859
29093,16111,2016-02-03 11:35:00.000000 UTC,49870,22.9674,29.5654
28255,29093,2016-02-23 22:00:00.000000 UTC,1570,22.9676,31.1574
28255,16111,2016-02-18 05:45:00.000000 UTC,58870,22.9677,29.1421
16111,39261,2016-02-07 22:15:00.000000 UTC,22390,22.9692,23.014
29093,39261,2016-02-01 14:40:00.000000 UTC,42070,22.9701,25.4942
16111,28255,2016-02-12 02:50:00.000000 UTC,47590,22.9716,25.8103
28255,39261,2016-02-19 11:50:00.000000 UTC,46810,22.9717,24.8634
28255,16111,2016-02-18 15:00:00.000000 UTC,35890,22.9718,27.6392
29093,16111,2016-02-06 04:01:40.000000 UTC,56830,22.9728,28.8915
16111,39261,2016-02-11 16:20:00.000000 UTC,49990,22.9732,28.6826
28255,39261,2016-02-19 18:46:40.000000 UTC,6310,22.9736,30.9767
39261,28255,2016-02-13 19:40:00.000000 UTC,32170,22.9746,24.0998
16111,28255,2016-02-12 00:10:00.000000 UTC,58990,22.9747,25.8065
29093,39261,2016-02-01 06:25:00.000000 UTC,41650,22.9748,26.4113
29093,28255,2016-02-01 00:46:40.000000 UTC,58150,22.9749,28.1607
29093,39261,2016-02-04 07:10:00.000000 UTC,11590,22.9751,23.0155
39261,28255,2016-02-16 14:10:00.000000 UTC,53290,22.9769,25.4304
29093,28255,2016-02-01 09:45:00.000000 UTC,8230,22.9772,22.9076
16111,39261,2016-02-12 11:00:00.000000 UTC,49030,22.9772,28.0209
16111,28255,2016-02-07 12:00:00.000000 UTC,20770,22.9781,26.8454
29093,28255,2016-02-04 22:31:40.000000 UTC,52330,22.9791,29.243
28255,39261,2016-02-19 15:55:00.000000 UTC,53950,22.9796,28.2628
16111,39261,2016-02-08 07:46:40.000000 UTC,10090,22.9797,30.4341
28255,29093,2016-02-18 05:05:00.000000 UTC,50350,22.9801,17.9804
29093,16111,2016-02-01 01:31:40.000000 UTC,23770,22.981,27.8466
28255,39261,2016-02-19 20:15:00.000000 UTC,6370,22.9819,30.9998
16111,39261,2016-02-07 21:00:00.000000 UTC,22030,22.984,22.9814
29093,28255,2016-02-03 15:16:40.000000 UTC,53950,22.9848,26.2945
39261,29093,2016-02-12 11:01:40.000000 UTC,53530,22.9848,29.9887
28255,29093,2016-02-18 05:45:00.000000 UTC,40930,22.9851,26.1186
16111,39261,2016-02-11 13:46:40.000000 UTC,28750,22.9856,25.2993
29093,28255,2016-02-02 21:55:00.000000 UTC,36130,22.9858,28.6237
16111,29093,2016-02-08 03:31:40.000000 UTC,45730,22.9858,27.0086
29093,16111,2016-02-03 15:16:40.000000 UTC,50530,22.9872,27.2146
29093,16111,2016-02-01 13:46:40.000000 UTC,59530,22.9874,28.3666
28255,29093,2016-02-18 05:30:00.000000 UTC,48130,22.9895,25.7888
28255,39261,2016-02-18 09:46:40.000000 UTC,44170,22.9901,26.0121
39261,16111,2016-02-14 12:10:00.000000 UTC,39430,22.9903,28.4921
16111,28255,2016-02-12 05:31:40.000000 UTC,41470,22.9906,28.398
28255,39261,2016-02-19 03:16:40.000000 UTC,54970,22.9908,28.4935
29093,16111,2016-02-02 02:16:40.000000 UTC,47530,22.991,26.2572
16111,29093,2016-02-07 19:46:40.000000 UTC,57190,22.9911,25.7682
39261,29093,2016-02-14 08:55:00.000000 UTC,57190,22.9917,28.5454
39261,16111,2016-02-16 23:46:40.000000 UTC,17590,22.9919,26.1102
28255,39261,2016-02-18 16:35:00.000000 UTC,38170,22.9919,26.7723
28255,16111,2016-02-18 19:10:00.000000 UTC,47890,22.9922,25.0436
29093,39261,2016-02-01 21:40:00.000000 UTC,4690,22.9923,30.576
39261,16111,2016-02-12 11:05:00.000000 UTC,16810,22.9929,22.963
28255,29093,2016-02-21 01:31:40.000000 UTC,57190,22.9948,26.4899
39261,16111,2016-02-15 18:10:00.000000 UTC,19330,22.9952,22.9583
16111,39261,2016-02-06 17:31:40.000000 UTC,43210,22.9956,28.6436
29093,28255,2016-02-01 00:00:00.000000 UTC,33970,22.9959,27.9934
39261,28255,2016-02-15 22:25:00.000000 UTC,55750,23.0007,30.3762
28255,29093,2016-02-18 19:10:00.000000 UTC,51970,23.001,29.1229
28255,39261,2016-02-20 14:16:40.000000 UTC,35290,23.0015,18.1737
29093,39261,2016-02-04 20:15:00.000000 UTC,4630,23.0025,30.629
29093,28255,2016-02-05 12:46:40.000000 UTC,44890,23.0025,28.5038
28255,39261,2016-02-18 04:55:00.000000 UTC,44050,23.003,25.7068
16111,29093,2016-02-06 18:05:00.000000 UTC,11110,23.0034,26.2051
39261,29093,2016-02-14 19:00:00.000000 UTC,20590,23.0047,26.094
16111,29093,2016-02-06 18:30:00.000000 UTC,25990,23.005,30.6953
16111,29093,2016-02-06 20:25:00.000000 UTC,14710,23.0055,30.7033
28255,16111,2016-02-18 13:31:40.000000 UTC,15610,23.0055,23.0822
16111,29093,2016-02-07 19:46:40.000000 UTC,35650,23.0059,24.4164
16111,39261,2016-02-08 02:10:00.000000 UTC,46390,23.0059,28.8249
29093,39261,2016-02-01 19:31:40.000000 UTC,14830,23.0062,25.6073
16111,39261,2016-02-07 09:05:00.000000 UTC,37930,23.0086,25.2314
28255,16111,2016-02-22 07:40:00.000000 UTC,40930,23.0094,27.7874
16111,39261,2016-02-09 14:31:40.000000 UTC,53290,23.0095,26.7079
16111,28255,2016-02-12 05:31:40.000000 UTC,26410,23.011,27.0466
29093,39261,2016-02-05 10:20:00.000000 UTC,6310,23.0112,22.9695
16111,39261,2016-02-07 17:25:00.000000 UTC,2890,23.0113,23.2736
29093,16111,2016-02-02 02:16:40.000000 UTC,59350,23.0128,28.803
39261,29093,2016-02-13 23:50:00.000000 UTC,58990,23.0132,27.2933
39261,16111,2016-02-13 17:01:40.000000 UTC,25810,23.0133,22.8548
16111,28255,2016-02-08 13:50:00.000000 UTC,59530,23.0156,29.1386
16111,39261,2016-02-07 17:25:00.000000 UTC,49570,23.0157,29.7389
28255,39261,2016-02-23 19:15:00.000000 UTC,53650,23.0162,19.5383
29093,39261,2016-02-01 09:01:40.000000 UTC,54190,23.0164,26.0601
29093,28255,2016-02-01 08:20:00.000000 UTC,9970,23.0169,30.5134
16111,28255,2016-02-10 16:01:40.000000 UTC,58990,23.0175,27.3659
29093,28255,2016-02-01 09:01:40.000000 UTC,19510,23.0178,18.7954
16111,39261,2016-02-09 14:31:40.000000 UTC,29470,23.0178,26.9428
28255,29093,2016-02-18 12:10:00.000000 UTC,12850,23.0178,23.1377
28255,16111,2016-02-18 05:05:00.000000 UTC,59410,23.018,30.7692
29093,16111,2016-02-01 01:31:40.000000 UTC,57610,23.0193,27.6204
16111,39261,2016-02-07 15:10:00.000000 UTC,21370,23.0195,23.0166
39261,29093,2016-02-12 12:31:40.000000 UTC,42250,23.0197,28.9359
39261,28255,2016-02-13 04:30:00.000000 UTC,5410,23.0199,21.3689
28255,39261,2016-02-19 18:46:40.000000 UTC,21850,23.0202,22.9593
16111,28255,2016-02-10 18:20:00.000000 UTC,59770,23.0207,28.1781
16111,29093,2016-02-06 19:01:40.000000 UTC,56530,23.0221,25.8501
39261,16111,2016-02-14 01:16:40.000000 UTC,58270,23.0228,26.375
39261,16111,2016-02-15 06:05:00.000000 UTC,53650,23.0236,29.8392
16111,28255,2016-02-08 15:25:00.000000 UTC,59830,23.0239,28.9369
16111,29093,2016-02-07 04:46:40.000000 UTC,58690,23.0241,28.7924
16111,28255,2016-02-09 16:30:00.000000 UTC,57490,23.0241,26.3978
16111,39261,2016-02-06 17:46:40.000000 UTC,58150,23.0246,27.5137
16111,29093,2016-02-09 18:30:00.000000 UTC,55090,23.025,29.9817
29093,28255,2016-02-04 05:05:00.000000 UTC,39250,23.0253,24.5626
29093,28255,2016-02-02 04:45:00.000000 UTC,54130,23.0255,25.9585
29093,16111,2016-02-01 03:46:40.000000 UTC,48610,23.0257,28.3443
16111,29093,2016-02-07 23:31:40.000000 UTC,3850,23.0259,30.7339
29093,16111,2016-02-01 00:01:40.000000 UTC,37630,23.026,28.2013
16111,28255,2016-02-09 22:35:00.000000 UTC,51790,23.0266,29.7346
28255,16111,2016-02-18 14:15:00.000000 UTC,41410,23.0269,28.5208
28255,29093,2016-02-21 01:31:40.000000 UTC,16510,23.0289,23.1244
28255,39261,2016-02-23 19:15:00.000000 UTC,37030,23.0294,27.8512
16111,29093,2016-02-06 18:45:00.000000 UTC,3370,23.0297,30.7357
39261,28255,2016-02-16 02:46:40.000000 UTC,42550,23.0312,27.4937
29093,28255,2016-02-01 15:35:00.000000 UTC,17890,23.0322,22.7364
29093,39261,2016-02-02 08:40:00.000000 UTC,52750,23.0323,25.5713
39261,28255,2016-02-13 02:35:00.000000 UTC,18490,23.0326,28.7772
16111,39261,2016-02-07 11:00:00.000000 UTC,56650,23.0328,26.3017
39261,16111,2016-02-12 15:45:00.000000 UTC,39970,23.0339,28.7168
39261,28255,2016-02-13 06:31:40.000000 UTC,37450,23.0341,24.5989
39261,29093,2016-02-13 10:55:00.000000 UTC,6430,23.0344,31.4241
16111,39261,2016-02-08 02:10:00.000000 UTC,43390,23.0345,27.6846
16111,28255,2016-02-06 17:31:40.000000 UTC,45730,23.035,28.7317
16111,29093,2016-02-07 04:00:00.000000 UTC,50950,23.0363,26.4386
28255,39261,2016-02-23 19:15:00.000000 UTC,58330,23.0368,28.7126
16111,28255,2016-02-06 22:46:40.000000 UTC,55450,23.038,26.7299
16111,28255,2016-02-08 10:45:00.000000 UTC,55450,23.0399,29.1973
28255,39261,2016-02-23 08:31:40.000000 UTC,48550,23.0399,28.2984
29093,39261,2016-02-01 06:25:00.000000 UTC,38650,23.0405,29.348
29093,28255,2016-02-02 14:16:40.000000 UTC,4210,23.041,30.6088
16111,29093,2016-02-07 04:00:00.000000 UTC,9190,23.0416,30.7579
28255,39261,2016-02-20 19:46:40.000000 UTC,20470,23.0419,26.2995
28255,16111,2016-02-21 03:30:00.000000 UTC,47410,23.0425,28.5344
29093,16111,2016-02-02 15:45:00.000000 UTC,47770,23.0427,28.5786
16111,28255,2016-02-06 20:25:00.000000 UTC,35230,23.0427,25.9722
39261,29093,2016-02-12 12:31:40.000000 UTC,53590,23.0428,28.9966
29093,16111,2016-02-01 15:35:00.000000 UTC,40270,23.0438,27.8803
16111,39261,2016-02-07 22:15:00.000000 UTC,24070,23.044,26.7991
39261,29093,2016-02-17 04:45:00.000000 UTC,10930,23.0445,23.1161
16111,29093,2016-02-10 13:45:00.000000 UTC,56650,23.0446,29.9813
16111,39261,2016-02-10 16:01:40.000000 UTC,44170,23.0446,30.617
39261,16111,2016-02-13 02:35:00.000000 UTC,53530,23.0461,27.853
16111,28255,2016-02-10 07:05:00.000000 UTC,4450,23.047,30.6776
16111,29093,2016-02-09 18:30:00.000000 UTC,49330,23.0471,29.5226
16111,39261,2016-02-09 08:46:40.000000 UTC,57790,23.0473,27.0759
16111,28255,2016-02-10 20:40:00.000000 UTC,49870,23.0477,30.7343
28255,29093,2016-02-19 15:55:00.000000 UTC,41410,23.0481,26.0852
29093,28255,2016-02-04 22:31:40.000000 UTC,50710,23.0484,27.9982
39261,16111,2016-02-12 16:50:00.000000 UTC,55810,23.0485,26.9316
29093,16111,2016-02-01 00:05:00.000000 UTC,54370,23.0487,28.5717
28255,29093,2016-02-19 06:46:40.000000 UTC,48790,23.0488,26.1509
39261,16111,2016-02-13 17:01:40.000000 UTC,58150,23.0494,29.0972
29093,39261,2016-02-01 07:01:40.000000 UTC,57790,23.0499,27.5068
16111,28255,2016-02-07 22:15:00.000000 UTC,59590,23.0506,25.5433
29093,39261,2016-02-01 07:40:00.000000 UTC,58450,23.0522,25.6229
28255,39261,2016-02-22 12:25:00.000000 UTC,58450,23.0525,29.2635
39261,29093,2016-02-12 14:46:40.000000 UTC,55990,23.0535,28.4831
28255,39261,2016-02-18 09:46:40.000000 UTC,50170,23.0545,26.3164
29093,39261,2016-02-01 00:00:00.000000 UTC,46690,23.0548,28.5597
16111,29093,2016-02-07 10:01:40.000000 UTC,9310,23.055,30.7577
16111,39261,2016-02-10 09:16:40.000000 UTC,40990,23.055,27.8993
29093,39261,2016-02-04 05:05:00.000000 UTC,2050,23.0555,30.5831
16111,28255,2016-02-11 06:16:40.000000 UTC,41710,23.0555,28.8901
39261,16111,2016-02-14 19:00:00.000000 UTC,51250,23.0557,29.0575
29093,39261,2016-02-03 19:05:00.000000 UTC,57670,23.0561,28.3764
16111,29093,2016-02-09 08:46:40.000000 UTC,56830,23.0573,30.1955
16111,39261,2016-02-07 00:31:40.000000 UTC,54310,23.0589,28.328
16111,28255,2016-02-06 19:20:00.000000 UTC,24370,23.059,22.9884
28255,29093,2016-02-19 09:15:00.000000 UTC,31690,23.0594,26.5084
16111,39261,2016-02-07 10:01:40.000000 UTC,50410,23.0596,26.3791
29093,16111,2016-02-02 07:20:00.000000 UTC,53770,23.0598,29.1597
16111,29093,2016-02-07 19:46:40.000000 UTC,45490,23.0604,27.1526
16111,28255,2016-02-08 20:20:00.000000 UTC,54250,23.0607,26.2468
39261,28255,2016-02-12 21:30:00.000000 UTC,47050,23.0609,30.213
28255,39261,2016-02-18 21:01:40.000000 UTC,22030,23.0614,23.1104
29093,16111,2016-02-01 02:55:00.000000 UTC,4630,23.0619,30.9855
28255,39261,2016-02-18 05:16:40.000000 UTC,15370,23.0622,23.35
29093,39261,2016-02-05 07:55:00.000000 UTC,52690,23.0627,26.4223
29093,16111,2016-02-01 18:30:00.000000 UTC,18310,23.0636,25.1008
39261,16111,2016-02-13 19:40:00.000000 UTC,57070,23.0649,29.9493
39261,28255,2016-02-15 22:25:00.000000 UTC,59710,23.0652,24.8765
39261,16111,2016-02-16 11:50:00.000000 UTC,52390,23.0657,26.9002
39261,28255,2016-02-14 17:15:00.000000 UTC,25210,23.0662,23.0712
28255,39261,2016-02-21 11:40:00.000000 UTC,28930,23.0666,26.6275
29093,28255,2016-02-01 14:40:00.000000 UTC,37810,23.067,25.4754
28255,16111,2016-02-18 11:31:40.000000 UTC,42730,23.0672,26.0375
16111,28255,2016-02-11 21:31:40.000000 UTC,54490,23.068,28.4911
29093,28255,2016-02-02 08:40:00.000000 UTC,45250,23.0681,29.2724
39261,28255,2016-02-16 02:46:40.000000 UTC,45550,23.0686,28.2145
16111,29093,2016-02-08 02:10:00.000000 UTC,39370,23.0687,29.0694
29093,39261,2016-02-04 18:00:00.000000 UTC,9490,23.0688,28.7772
16111,28255,2016-02-08 12:16:40.000000 UTC,49870,23.0692,29.0294
29093,28255,2016-02-05 15:15:00.000000 UTC,23590,23.0693,23.117
39261,16111,2016-02-12 17:25:00.000000 UTC,6130,23.0698,31.3666
39261,28255,2016-02-12 21:30:00.000000 UTC,59290,23.0706,29.406
39261,16111,2016-02-16 23:46:40.000000 UTC,54190,23.0708,29.0494
16111,28255,2016-02-10 02:46:40.000000 UTC,6310,23.0709,24.7645
39261,28255,2016-02-12 19:20:00.000000 UTC,51430,23.072,26.4319
29093,39261,2016-02-01 04:45:00.000000 UTC,46870,23.0727,25.0885
29093,28255,2016-02-01 00:00:00.000000 UTC,54010,23.0728,25.7304
28255,16111,2016-02-18 17:25:00.000000 UTC,35470,23.0743,27.1777
28255,29093,2016-02-23 05:55:00.000000 UTC,48850,23.0744,27.2616
28255,16111,2016-02-21 03:30:00.000000 UTC,36130,23.0747,27.881
39261,29093,2016-02-12 18:01:40.000000 UTC,41710,23.0754,26.1309
16111,28255,2016-02-06 18:45:00.000000 UTC,2950,23.0757,22.7493
29093,39261,2016-02-02 23:31:40.000000 UTC,58570,23.0758,28.2398
16111,28255,2016-02-07 13:01:40.000000 UTC,1990,23.0763,30.6594
28255,29093,2016-02-19 21:45:00.000000 UTC,54790,23.0764,28.8396
29093,16111,2016-02-01 22:46:40.000000 UTC,56590,23.0765,29.2145
29093,39261,2016-02-03 01:10:00.000000 UTC,27070,23.0773,23.1724
39261,29093,2016-02-13 00:46:40.000000 UTC,40270,23.0774,25.339
29093,16111,2016-02-01 18:30:00.000000 UTC,7390,23.0775,23.2637
28255,29093,2016-02-21 01:31:40.000000 UTC,2950,23.0776,24.4449
28255,39261,2016-02-21 11:40:00.000000 UTC,12670,23.0777,23.1396
29093,28255,2016-02-02 01:05:00.000000 UTC,48670,23.079,29.561
28255,16111,2016-02-18 10:55:00.000000 UTC,56350,23.0793,28.9786
16111,29093,2016-02-08 12:16:40.000000 UTC,12670,23.0797,23.0558
16111,28255,2016-02-12 05:31:40.000000 UTC,59410,23.0797,28.6587
29093,39261,2016-02-01 07:40:00.000000 UTC,59830,23.0802,26.0263
16111,39261,2016-02-08 17:01:40.000000 UTC,28870,23.0804,24.7015
29093,28255,2016-02-01 08:20:00.000000 UTC,55750,23.0819,25.8336
29093,39261,2016-02-03 08:00:00.000000 UTC,22690,23.0828,23.1395
28255,29093,2016-02-18 04:55:00.000000 UTC,54610,23.0828,28.5134
29093,28255,2016-02-02 01:05:00.000000 UTC,51130,23.084,28.5818
29093,39261,2016-02-02 15:45:00.000000 UTC,54550,23.0841,25.8152
28255,16111,2016-02-20 09:01:40.000000 UTC,58570,23.0855,28.5488
28255,16111,2016-02-23 00:46:40.000000 UTC,55510,23.086,29.7752
29093,28255,2016-02-01 11:16:40.000000 UTC,4390,23.0862,30.7069
28255,16111,2016-02-23 16:31:40.000000 UTC,6070,23.0863,31.3441
28255,29093,2016-02-19 03:16:40.000000 UTC,20110,23.0864,23.08
29093,28255,2016-02-01 22:46:40.000000 UTC,54070,23.0878,29.6041
16111,39261,2016-02-06 17:31:40.000000 UTC,52390,23.0883,28.391
39261,16111,2016-02-12 13:10:00.000000 UTC,57070,23.0887,27.9667
29093,16111,2016-02-01 00:10:00.000000 UTC,56950,23.0925,29.7962
16111,29093,2016-02-09 14:31:40.000000 UTC,18970,23.0926,23.1018
16111,28255,2016-02-07 15:10:00.000000 UTC,48370,23.093,29.2876
29093,28255,2016-02-03 23:00:00.000000 UTC,9190,23.0957,23.063
28255,39261,2016-02-20 10:45:00.000000 UTC,6910,23.0959,31.1822
39261,16111,2016-02-14 08:55:00.000000 UTC,54010,23.0972,28.8256
28255,16111,2016-02-18 16:35:00.000000 UTC,59830,23.0977,26.2328
16111,28255,2016-02-07 01:10:00.000000 UTC,48070,23.0981,27.211
16111,39261,2016-02-10 20:40:00.000000 UTC,24250,23.0981,23.1761
28255,16111,2016-02-18 21:01:40.000000 UTC,36490,23.0983,25.4031
16111,39261,2016-02-08 03:31:40.000000 UTC,55510,23.0986,26.9258
29093,28255,2016-02-01 01:15:00.000000 UTC,52750,23.0989,26.4032
39261,16111,2016-02-14 20:46:40.000000 UTC,12790,23.0993,23.002
16111,29093,2016-02-08 04:55:00.000000 UTC,3910,23.1,30.8906
29093,39261,2016-02-02 01:05:00.000000 UTC,52990,23.1016,28.4223
28255,39261,2016-02-23 16:31:40.000000 UTC,7450,23.1032,24.8393
16111,29093,2016-02-06 18:45:00.000000 UTC,52150,23.1033,26.2456
28255,39261,2016-02-20 12:30:00.000000 UTC,6970,23.1034,31.2039
29093,28255,2016-02-01 16:31:40.000000 UTC,55150,23.104,29.0577
16111,28255,2016-02-12 00:10:00.000000 UTC,57970,23.1041,29.0827
39261,16111,2016-02-14 17:15:00.000000 UTC,54790,23.1042,28.6753
16111,39261,2016-02-09 14:31:40.000000 UTC,29950,23.1047,28.448
39261,28255,2016-02-12 11:46:40.000000 UTC,9670,23.105,23.2573
39261,28255,2016-02-13 00:46:40.000000 UTC,25930,23.1051,23.0817
39261,29093,2016-02-12 13:55:00.000000 UTC,57670,23.1052,28.39
16111,28255,2016-02-06 18:05:00.000000 UTC,29230,23.1072,23.1258
16111,28255,2016-02-08 10:45:00.000000 UTC,58510,23.1077,28.3171
28255,29093,2016-02-18 08:16:40.000000 UTC,42610,23.1077,28.0033
16111,39261,2016-02-07 22:15:00.000000 UTC,54610,23.1079,28.8148
28255,39261,2016-02-21 11:40:00.000000 UTC,23590,23.1079,23.1206
16111,28255,2016-02-08 15:25:00.000000 UTC,56530,23.1093,29.2957
16111,28255,2016-02-06 21:45:00.000000 UTC,24070,23.1095,23.0963
28255,39261,2016-02-21 11:40:00.000000 UTC,17530,23.1102,23.1387
39261,28255,2016-02-15 08:01:40.000000 UTC,9190,23.1104,24.3445
16111,28255,2016-02-10 18:20:00.000000 UTC,49270,23.1109,30.787
16111,39261,2016-02-07 09:05:00.000000 UTC,53650,23.1113,28.8912
39261,28255,2016-02-15 10:00:00.000000 UTC,46330,23.1122,28.0361
28255,39261,2016-02-21 07:31:40.000000 UTC,40810,23.1128,27.0217
16111,39261,2016-02-07 14:05:00.000000 UTC,4690,23.1129,30.7565
29093,16111,2016-02-03 09:46:40.000000 UTC,56590,23.113,25.949
16111,28255,2016-02-07 12:00:00.000000 UTC,1870,23.113,30.7745
39261,28255,2016-02-13 17:01:40.000000 UTC,44290,23.113,25.2114
16111,29093,2016-02-07 00:31:40.000000 UTC,58810,23.1143,29.4129
39261,28255,2016-02-12 14:46:40.000000 UTC,59590,23.1148,28.9035
29093,28255,2016-02-03 09:46:40.000000 UTC,24250,23.1162,23.1404
39261,28255,2016-02-12 14:20:00.000000 UTC,45490,23.1162,25.536
16111,28255,2016-02-06 22:15:00.000000 UTC,46630,23.1175,29.3048
16111,28255,2016-02-08 15:25:00.000000 UTC,58330,23.1177,16.4222
39261,29093,2016-02-13 17:01:40.000000 UTC,58030,23.118,29.1087
29093,28255,2016-02-05 12:46:40.000000 UTC,50890,23.1181,28.5427
16111,39261,2016-02-07 15:10:00.000000 UTC,4930,23.1198,30.8147
16111,28255,2016-02-11 03:50:00.000000 UTC,53650,23.12,27.4382
39261,16111,2016-02-15 10:00:00.000000 UTC,52750,23.1202,29.4633
39261,29093,2016-02-13 09:46:40.000000 UTC,10150,23.1206,23.2866
16111,28255,2016-02-06 23:20:00.000000 UTC,3730,23.1208,30.3542
29093,39261,2016-02-02 23:31:40.000000 UTC,58210,23.1209,27.078
29093,28255,2016-02-02 12:50:00.000000 UTC,55210,23.1214,17.4351
29093,16111,2016-02-01 04:45:00.000000 UTC,4570,23.123,31.0414
29093,39261,2016-02-04 01:00:00.000000 UTC,49690,23.123,29.5188
29093,16111,2016-02-06 12:01:40.000000 UTC,50470,23.1234,26.7228
29093,16111,2016-02-03 01:10:00.000000 UTC,54610,23.1235,30.0836
16111,39261,2016-02-07 10:01:40.000000 UTC,56710,23.1237,27.4534
16111,29093,2016-02-07 21:00:00.000000 UTC,52930,23.1241,26.6762
16111,29093,2016-02-09 01:30:00.000000 UTC,4270,23.1249,30.9682
16111,39261,2016-02-09 10:40:00.000000 UTC,56830,23.1255,24.9889
16111,29093,2016-02-08 13:50:00.000000 UTC,4090,23.1264,30.8879
16111,29093,2016-02-11 16:20:00.000000 UTC,21910,23.1264,27.3199
39261,29093,2016-02-14 07:20:00.000000 UTC,45850,23.1265,26.7325
29093,39261,2016-02-01 00:00:00.000000 UTC,46030,23.1271,26.4679
28255,29093,2016-02-23 16:31:40.000000 UTC,6130,23.1276,31.4084
29093,39261,2016-02-06 12:01:40.000000 UTC,11530,23.1285,25.7857
39261,29093,2016-02-13 21:01:40.000000 UTC,40570,23.129,27.2774
39261,29093,2016-02-13 17:01:40.000000 UTC,32170,23.1291,25.2076
16111,39261,2016-02-06 22:46:40.000000 UTC,59470,23.1294,27.2915
16111,28255,2016-02-09 22:35:00.000000 UTC,57670,23.1302,30.0283
16111,28255,2016-02-08 23:45:00.000000 UTC,48910,23.1307,25.2791
39261,16111,2016-02-17 09:50:00.000000 UTC,50350,23.1327,17.6868
16111,28255,2016-02-09 20:31:40.000000 UTC,6010,23.1329,23.0946
16111,39261,2016-02-08 12:16:40.000000 UTC,55330,23.133,28.99
16111,28255,2016-02-11 01:25:00.000000 UTC,55450,23.1331,27.8683
16111,28255,2016-02-08 00:50:00.000000 UTC,3790,23.134,30.4632
28255,16111,2016-02-22 07:40:00.000000 UTC,46630,23.1351,28.3089
29093,39261,2016-02-01 05:16:40.000000 UTC,21790,23.1354,23.163
29093,28255,2016-02-02 07:20:00.000000 UTC,40450,23.1354,28.5115
39261,29093,2016-02-14 01:16:40.000000 UTC,56350,23.1378,28.214
16111,29093,2016-02-10 07:05:00.000000 UTC,57430,23.138,30.0032
39261,16111,2016-02-14 19:00:00.000000 UTC,24490,23.1386,23.0679
28255,39261,2016-02-19 00:01:40.000000 UTC,26950,23.1395,24.0451
16111,28255,2016-02-06 20:25:00.000000 UTC,56710,23.1402,30.9508
28255,39261,2016-02-18 17:25:00.000000 UTC,40750,23.1405,27.3735
16111,28255,2016-02-09 18:30:00.000000 UTC,28570,23.1416,23.1169
29093,39261,2016-02-05 12:46:40.000000 UTC,56410,23.1421,28.8483
16111,39261,2016-02-11 01:25:00.000000 UTC,7270,23.1423,24.4471
28255,39261,2016-02-22 17:16:40.000000 UTC,30850,23.1424,23.8753
29093,28255,2016-02-01 12:55:00.000000 UTC,4630,23.1429,30.8207
16111,28255,2016-02-12 00:10:00.000000 UTC,45910,23.145,29.1556
29093,28255,2016-02-02 12:50:00.000000 UTC,41530,23.1459,28.7708
39261,29093,2016-02-14 01:16:40.000000 UTC,29110,23.1462,23.1053
29093,28255,2016-02-01 17:30:00.000000 UTC,58330,23.148,28.1015
16111,28255,2016-02-08 07:46:40.000000 UTC,51370,23.1504,26.5825
16111,29093,2016-02-07 12:00:00.000000 UTC,52870,23.1505,27.3798
16111,39261,2016-02-10 20:40:00.000000 UTC,59590,23.1507,28.1285
16111,29093,2016-02-10 20:40:00.000000 UTC,47770,23.1508,25.6156
28255,16111,2016-02-22 07:40:00.000000 UTC,52270,23.1512,28.5997
29093,39261,2016-02-03 23:00:00.000000 UTC,50470,23.1518,25.7156
39261,16111,2016-02-12 11:25:00.000000 UTC,57730,23.1518,28.609
16111,39261,2016-02-06 21:16:40.000000 UTC,27430,23.1521,23.1612
28255,29093,2016-02-18 11:31:40.000000 UTC,28990,23.1534,23.1696
16111,28255,2016-02-07 16:16:40.000000 UTC,45490,23.154,27.8656
28255,29093,2016-02-19 03:16:40.000000 UTC,55750,23.154,28.5717
28255,39261,2016-02-18 05:30:00.000000 UTC,21370,23.1566,23.1262
16111,28255,2016-02-11 16:20:00.000000 UTC,50290,23.1575,28.5178
29093,39261,2016-02-03 02:50:00.000000 UTC,51610,23.1594,24.6937
28255,29093,2016-02-18 15:00:00.000000 UTC,55570,23.1596,28.1356
16111,29093,2016-02-07 07:16:40.000000 UTC,34030,23.1598,26.2219
29093,28255,2016-02-05 03:10:00.000000 UTC,49690,23.1601,25.7593
28255,16111,2016-02-21 15:55:00.000000 UTC,38710,23.1606,27.2299
29093,39261,2016-02-01 01:31:40.000000 UTC,31990,23.161,27.5473
29093,39261,2016-02-01 00:25:00.000000 UTC,5050,23.1625,30.9543
29093,16111,2016-02-01 02:31:40.000000 UTC,4630,23.1633,31.0848
16111,39261,2016-02-08 17:01:40.000000 UTC,53410,23.1642,27.3038
29093,16111,2016-02-01 00:25:00.000000 UTC,32410,23.165,29.3012
39261,16111,2016-02-12 20:01:40.000000 UTC,21370,23.1653,25.3903
39261,29093,2016-02-12 14:46:40.000000 UTC,8650,23.1655,25.7941
16111,28255,2016-02-06 19:01:40.000000 UTC,30790,23.1659,26.0019
39261,29093,2016-02-17 04:45:00.000000 UTC,40810,23.1661,27.5463
39261,28255,2016-02-13 10:55:00.000000 UTC,51250,23.167,27.866
28255,39261,2016-02-23 00:46:40.000000 UTC,49210,23.1682,25.0539
28255,39261,2016-02-21 03:30:00.000000 UTC,37270,23.1687,27.483
28255,39261,2016-02-20 16:05:00.000000 UTC,57430,23.17,29.485
29093,28255,2016-02-02 17:15:00.000000 UTC,4630,23.1705,30.8288
29093,39261,2016-02-04 15:46:40.000000 UTC,47410,23.1708,29.5607
29093,28255,2016-02-03 04:31:40.000000 UTC,5650,23.1712,25.083
29093,39261,2016-02-01 22:46:40.000000 UTC,53950,23.1717,17.9007
16111,28255,2016-02-10 11:30:00.000000 UTC,5230,23.173,30.9512
39261,29093,2016-02-13 04:30:00.000000 UTC,1690,23.1737,26.3798
39261,29093,2016-02-12 11:25:00.000000 UTC,6430,23.1748,31.4246
29093,28255,2016-02-03 21:01:40.000000 UTC,42070,23.1751,29.4554
16111,39261,2016-02-07 13:01:40.000000 UTC,48490,23.1752,29.4276
39261,28255,2016-02-15 22:25:00.000000 UTC,6010,23.1752,22.7195
16111,28255,2016-02-06 18:05:00.000000 UTC,34630,23.1753,26.0786
39261,29093,2016-02-15 22:25:00.000000 UTC,47950,23.1758,27.3981
16111,28255,2016-02-10 23:01:40.000000 UTC,5410,23.1769,23.186
29093,28255,2016-02-03 15:16:40.000000 UTC,23710,23.178,27.0838
39261,16111,2016-02-13 08:40:00.000000 UTC,49030,23.1781,29.2587
16111,29093,2016-02-09 06:55:00.000000 UTC,4390,23.1794,30.9948
39261,16111,2016-02-16 02:46:40.000000 UTC,34510,23.1795,27.1923
28255,29093,2016-02-20 02:25:00.000000 UTC,6370,23.1795,31.5083
29093,28255,2016-02-03 09:46:40.000000 UTC,52690,23.18,26.5459
29093,28255,2016-02-02 07:20:00.000000 UTC,25390,23.181,26.7564
16111,39261,2016-02-09 22:35:00.000000 UTC,5890,23.1812,23.1105
39261,29093,2016-02-17 04:45:00.000000 UTC,52150,23.1813,28.1163
29093,39261,2016-02-01 00:35:00.000000 UTC,58690,23.1814,28.4283
39261,16111,2016-02-13 03:31:40.000000 UTC,59230,23.1814,29.1549
16111,28255,2016-02-11 11:15:00.000000 UTC,9370,23.1816,23.1728
28255,16111,2016-02-18 06:40:00.000000 UTC,22690,23.1817,23.1801
16111,29093,2016-02-08 07:46:40.000000 UTC,47710,23.1821,27.0418
16111,39261,2016-02-09 18:30:00.000000 UTC,39850,23.1829,28.347
28255,39261,2016-02-19 03:16:40.000000 UTC,59410,23.183,28.2641
28255,39261,2016-02-18 10:55:00.000000 UTC,58810,23.1838,28.5211
28255,29093,2016-02-19 09:15:00.000000 UTC,55990,23.1846,16.9818
29093,16111,2016-02-01 06:25:00.000000 UTC,42610,23.1867,26.7985
28255,29093,2016-02-18 05:45:00.000000 UTC,54430,23.187,28.6037
39261,29093,2016-02-12 20:01:40.000000 UTC,46210,23.1881,28.488
28255,39261,2016-02-23 05:55:00.000000 UTC,48790,23.1881,27.3584
39261,16111,2016-02-14 07:20:00.000000 UTC,59770,23.1909,29.5907
28255,39261,2016-02-20 14:16:40.000000 UTC,4570,23.1913,23.3313
16111,29093,2016-02-10 09:16:40.000000 UTC,37990,23.1917,27.6996
29093,16111,2016-02-01 13:46:40.000000 UTC,53530,23.1925,26.7868
16111,29093,2016-02-08 06:20:00.000000 UTC,12490,23.1935,23.1816
16111,39261,2016-02-10 00:40:00.000000 UTC,35710,23.194,27.8243
28255,29093,2016-02-20 05:40:00.000000 UTC,18190,23.194,26.535
39261,28255,2016-02-13 03:31:40.000000 UTC,10210,23.1953,28.8374
39261,28255,2016-02-17 20:20:00.000000 UTC,27970,23.1965,23.2015
16111,29093,2016-02-07 21:00:00.000000 UTC,9490,23.1971,30.8083
39261,28255,2016-02-16 11:50:00.000000 UTC,28390,23.1971,23.2987
29093,39261,2016-02-02 01:05:00.000000 UTC,20770,23.198,23.2024
39261,16111,2016-02-14 19:00:00.000000 UTC,45610,23.1985,29.0515
29093,16111,2016-02-01 23:55:00.000000 UTC,53530,23.1986,27.9138
29093,28255,2016-02-01 19:31:40.000000 UTC,1750,23.199,30.9118
16111,28255,2016-02-11 16:20:00.000000 UTC,57190,23.1991,25.4897
29093,28255,2016-02-02 14:16:40.000000 UTC,14290,23.1993,23.2354
16111,29093,2016-02-06 23:20:00.000000 UTC,58210,23.1995,27.5948
28255,29093,2016-02-19 17:20:00.000000 UTC,44770,23.1995,27.5864
16111,39261,2016-02-06 22:15:00.000000 UTC,56470,23.2009,29.296
39261,28255,2016-02-12 14:46:40.000000 UTC,14350,23.201,23.2419
16111,28255,2016-02-08 02:10:00.000000 UTC,58150,23.2012,17.7588
29093,16111,2016-02-01 09:45:00.000000 UTC,53590,23.2013,26.7469
16111,28255,2016-02-06 18:05:00.000000 UTC,48910,23.2021,28.3307
29093,28255,2016-02-02 23:31:40.000000 UTC,8830,23.2043,25.6091
16111,28255,2016-02-09 10:40:00.000000 UTC,40690,23.2043,28.701
16111,29093,2016-02-10 02:46:40.000000 UTC,4750,23.2043,31.0905
16111,28255,2016-02-10 13:45:00.000000 UTC,58030,23.2044,25.9045
28255,39261,2016-02-20 02:25:00.000000 UTC,51730,23.2048,26.9877
39261,29093,2016-02-16 02:46:40.000000 UTC,44290,23.2052,28.4094
16111,39261,2016-02-08 22:01:40.000000 UTC,5950,23.2057,23.2596
29093,39261,2016-02-04 11:25:00.000000 UTC,35770,23.2059,24.0961
29093,39261,2016-02-03 11:35:00.000000 UTC,24610,23.2064,23.252
16111,29093,2016-02-06 22:15:00.000000 UTC,55510,23.2078,29.5528
29093,28255,2016-02-01 21:40:00.000000 UTC,31030,23.2083,28.5365
39261,29093,2016-02-12 13:55:00.000000 UTC,48010,23.2094,27.6682
39261,28255,2016-02-16 11:50:00.000000 UTC,17530,23.2096,23.2374
28255,29093,2016-02-19 00:01:40.000000 UTC,39430,23.2099,27.8968
16111,28255,2016-02-09 08:46:40.000000 UTC,51190,23.2102,25.922
29093,39261,2016-02-02 20:20:00.000000 UTC,8710,23.2112,23.1938
29093,28255,2016-02-01 16:31:40.000000 UTC,5230,23.2123,31.0057
16111,39261,2016-02-11 03:50:00.000000 UTC,40510,23.2125,28.6961
16111,28255,2016-02-08 02:10:00.000000 UTC,53470,23.2127,28.983
16111,39261,2016-02-07 07:16:40.000000 UTC,11590,23.2129,25.8866
29093,16111,2016-02-01 12:55:00.000000 UTC,4390,23.2134,31.1013
29093,39261,2016-02-04 03:01:40.000000 UTC,41950,23.2154,28.9344
39261,29093,2016-02-16 18:55:00.000000 UTC,58870,23.2156,16.9179
16111,39261,2016-02-06 19:20:00.000000 UTC,5230,23.2165,30.9738
29093,16111,2016-02-01 09:45:00.000000 UTC,4450,23.2177,31.1167
28255,39261,2016-02-20 23:35:00.000000 UTC,51610,23.218,29.6672
16111,39261,2016-02-11 21:31:40.000000 UTC,54610,23.2182,27.9215
16111,28255,2016-02-10 11:30:00.000000 UTC,49750,23.2187,27.3728
29093,28255,2016-02-04 20:15:00.000000 UTC,29710,23.2201,27.3887
16111,39261,2016-02-10 18:20:00.000000 UTC,58990,23.2204,27.8946
29093,28255,2016-02-01 00:16:40.000000 UTC,23110,23.2212,23.1485
39261,28255,2016-02-13 07:35:00.000000 UTC,19030,23.2212,26.3401
16111,28255,2016-02-11 06:16:40.000000 UTC,8230,23.2246,23.1492
28255,29093,2016-02-22 19:45:00.000000 UTC,19330,23.2246,23.2254
29093,16111,2016-02-01 00:16:40.000000 UTC,4630,23.2249,31.1602
39261,28255,2016-02-13 01:40:00.000000 UTC,59110,23.2257,29.1144
28255,39261,2016-02-23 19:15:00.000000 UTC,46510,23.2259,29.0263
29093,28255,2016-02-06 12:01:40.000000 UTC,54130,23.2267,30.8412
29093,39261,2016-02-05 15:15:00.000000 UTC,59530,23.2274,29.6481
28255,29093,2016-02-21 20:16:40.000000 UTC,53410,23.2282,26.219
16111,28255,2016-02-08 09:15:00.000000 UTC,45850,23.2286,26.7498
29093,39261,2016-02-01 04:45:00.000000 UTC,59890,23.2295,28.6593
16111,29093,2016-02-09 20:31:40.000000 UTC,8770,23.2301,23.195
16111,29093,2016-02-10 07:05:00.000000 UTC,4810,23.2313,31.1803
39261,28255,2016-02-14 17:15:00.000000 UTC,31990,23.2324,26.9686
39261,28255,2016-02-15 10:00:00.000000 UTC,54730,23.2334,26.3543
16111,29093,2016-02-09 01:30:00.000000 UTC,51190,23.2335,29.4861
16111,39261,2016-02-06 21:16:40.000000 UTC,1690,23.2347,30.9569
16111,28255,2016-02-09 10:40:00.000000 UTC,51910,23.2354,26.866
28255,39261,2016-02-18 15:00:00.000000 UTC,40930,23.2354,28.2237
29093,39261,2016-02-02 23:31:40.000000 UTC,5050,23.2355,30.9454
29093,16111,2016-02-05 12:46:40.000000 UTC,57430,23.2358,29.441
29093,16111,2016-02-01 00:46:40.000000 UTC,4630,23.2389,31.1678
28255,39261,2016-02-18 04:40:00.000000 UTC,15310,23.2392,23.0135
28255,29093,2016-02-20 07:20:00.000000 UTC,53470,23.24,26.8932
39261,16111,2016-02-12 11:46:40.000000 UTC,10990,23.2401,23.2262
16111,39261,2016-02-06 19:01:40.000000 UTC,43810,23.2408,28.1871
29093,16111,2016-02-02 20:20:00.000000 UTC,58450,23.2412,27.4928
28255,29093,2016-02-22 07:40:00.000000 UTC,51130,23.2423,26.1439
16111,39261,2016-02-09 06:55:00.000000 UTC,54550,23.2441,29.0582
29093,39261,2016-02-01 00:00:00.000000 UTC,52750,23.2446,28.7801
16111,39261,2016-02-08 20:20:00.000000 UTC,5530,23.2446,23.3658
29093,16111,2016-02-06 12:01:40.000000 UTC,37210,23.2452,28.1561
28255,39261,2016-02-23 19:15:00.000000 UTC,58270,23.2456,28.5579
16111,28255,2016-02-11 21:31:40.000000 UTC,4510,23.2462,25.6146
29093,16111,2016-02-04 07:10:00.000000 UTC,35590,23.2483,28.1143
29093,39261,2016-02-05 12:46:40.000000 UTC,25870,23.2499,26.7874
29093,28255,2016-02-05 22:50:00.000000 UTC,12250,23.2503,23.2236
28255,39261,2016-02-18 06:40:00.000000 UTC,25630,23.2504,26.7451
39261,16111,2016-02-17 07:16:40.000000 UTC,41050,23.2516,28.6141
16111,28255,2016-02-10 16:01:40.000000 UTC,53470,23.2519,28.5925
29093,39261,2016-02-01 14:40:00.000000 UTC,56350,23.2521,28.6389
28255,39261,2016-02-21 01:31:40.000000 UTC,26770,23.2541,27.4051
28255,39261,2016-02-19 06:46:40.000000 UTC,28990,23.2544,25.9897
28255,39261,2016-02-22 10:01:40.000000 UTC,23830,23.2548,26.7533
16111,28255,2016-02-10 18:20:00.000000 UTC,57190,23.2553,27.9906
29093,39261,2016-02-01 01:50:00.000000 UTC,5350,23.2557,31.0369
16111,28255,2016-02-11 21:31:40.000000 UTC,49810,23.2557,30.7381
16111,39261,2016-02-07 01:10:00.000000 UTC,53650,23.2573,25.3362
28255,39261,2016-02-19 21:45:00.000000 UTC,50950,23.2578,28.607
29093,28255,2016-02-02 21:55:00.000000 UTC,55930,23.2603,27.4862
28255,39261,2016-02-23 11:10:00.000000 UTC,51070,23.2621,25.7959
29093,28255,2016-02-01 21:40:00.000000 UTC,6130,23.2622,31.2164
29093,16111,2016-02-04 11:25:00.000000 UTC,33430,23.2652,25.7456
29093,16111,2016-02-01 00:35:00.000000 UTC,54430,23.2655,28.9591
39261,16111,2016-02-12 13:10:00.000000 UTC,18850,23.266,30.0803
16111,29093,2016-02-12 05:31:40.000000 UTC,56410,23.2664,29.4679
16111,39261,2016-02-11 06:16:40.000000 UTC,34270,23.2668,25.3405
28255,39261,2016-02-20 12:30:00.000000 UTC,45970,23.2692,27.3218
28255,39261,2016-02-18 10:55:00.000000 UTC,10810,23.2694,28.9372
29093,16111,2016-02-03 08:00:00.000000 UTC,34270,23.2703,25.0463
29093,39261,2016-02-04 07:10:00.000000 UTC,54370,23.2714,27.3022
16111,39261,2016-02-09 18:30:00.000000 UTC,53530,23.2714,21.7575
16111,29093,2016-02-10 18:20:00.000000 UTC,5050,23.2718,31.2205
29093,16111,2016-02-01 01:15:00.000000 UTC,57670,23.272,27.4436
39261,29093,2016-02-12 12:31:40.000000 UTC,47890,23.272,29.0541
28255,16111,2016-02-18 07:01:40.000000 UTC,6970,23.2724,31.7
29093,16111,2016-02-01 20:35:00.000000 UTC,4270,23.273,31.012
29093,16111,2016-02-03 08:00:00.000000 UTC,56410,23.273,26.8808
29093,39261,2016-02-06 17:30:00.000000 UTC,57610,23.273,28.4505
16111,39261,2016-02-08 04:55:00.000000 UTC,53890,23.2744,26.9975
16111,28255,2016-02-07 22:15:00.000000 UTC,40630,23.2748,28.6373
39261,28255,2016-02-13 04:30:00.000000 UTC,9310,23.2754,26.0077
28255,16111,2016-02-18 09:15:00.000000 UTC,56710,23.2759,28.9492
39261,16111,2016-02-15 04:10:00.000000 UTC,40570,23.276,27.8729
29093,16111,2016-02-03 02:50:00.000000 UTC,41530,23.2763,27.0569
39261,16111,2016-02-12 11:10:00.000000 UTC,12190,23.2764,23.2519
29093,39261,2016-02-02 02:16:40.000000 UTC,5590,23.277,30.924
16111,29093,2016-02-12 11:00:00.000000 UTC,56410,23.2794,28.9772
39261,28255,2016-02-12 23:55:00.000000 UTC,59110,23.2802,30.6093
16111,28255,2016-02-06 17:31:40.000000 UTC,18430,23.2805,25.2181
39261,29093,2016-02-14 10:31:40.000000 UTC,51250,23.283,28.6466
28255,39261,2016-02-20 07:20:00.000000 UTC,34090,23.2841,25.4896
29093,28255,2016-02-01 16:31:40.000000 UTC,21610,23.2855,23.3258
16111,39261,2016-02-06 17:31:40.000000 UTC,58450,23.2856,28.5987
29093,28255,2016-02-04 11:25:00.000000 UTC,40270,23.286,25.9591
16111,39261,2016-02-10 23:01:40.000000 UTC,57010,23.2863,28.4892
16111,28255,2016-02-09 06:55:00.000000 UTC,54310,23.2882,29.1203
29093,16111,2016-02-05 07:55:00.000000 UTC,51490,23.2889,27.8795
29093,39261,2016-02-03 02:50:00.000000 UTC,59950,23.289,29.6137
29093,28255,2016-02-05 10:20:00.000000 UTC,6070,23.289,31.226
39261,28255,2016-02-15 18:10:00.000000 UTC,6310,23.2893,23.4305
28255,16111,2016-02-18 18:16:40.000000 UTC,1330,23.29,31.6817
16111,39261,2016-02-06 17:30:00.000000 UTC,43270,23.2913,28.4691
16111,29093,2016-02-10 07:05:00.000000 UTC,51850,23.292,29.7636
16111,39261,2016-02-09 05:05:00.000000 UTC,30730,23.2936,25.5712
16111,39261,2016-02-12 00:10:00.000000 UTC,54910,23.2964,29.1976
28255,16111,2016-02-19 06:46:40.000000 UTC,57490,23.2976,28.9784
16111,28255,2016-02-06 22:46:40.000000 UTC,55870,23.2978,28.1404
16111,28255,2016-02-11 11:15:00.000000 UTC,2290,23.2986,23.6596
16111,29093,2016-02-07 10:01:40.000000 UTC,55570,23.2987,30.3481
39261,29093,2016-02-12 19:20:00.000000 UTC,9010,23.2988,23.2691
16111,39261,2016-02-07 01:10:00.000000 UTC,27610,23.3004,27.3272
39261,16111,2016-02-15 04:10:00.000000 UTC,48970,23.301,28.718
29093,28255,2016-02-01 01:00:00.000000 UTC,57490,23.3012,29.8788
16111,39261,2016-02-06 18:16:40.000000 UTC,8350,23.3023,23.3022
39261,28255,2016-02-13 17:01:40.000000 UTC,59770,23.3029,28.9105
39261,16111,2016-02-17 09:50:00.000000 UTC,51490,23.3038,29.1323
39261,28255,2016-02-15 04:10:00.000000 UTC,24790,23.3046,23.3448
16111,39261,2016-02-07 09:05:00.000000 UTC,59710,23.3051,28.9402
28255,29093,2016-02-22 07:40:00.000000 UTC,23470,23.3051,27.2099
28255,16111,2016-02-18 14:15:00.000000 UTC,38170,23.3066,26.1802
16111,29093,2016-02-06 17:40:00.000000 UTC,52330,23.3079,27.1504
29093,16111,2016-02-01 01:31:40.000000 UTC,25450,23.308,23.2673
39261,16111,2016-02-12 11:35:00.000000 UTC,6370,23.3095,23.3186
39261,29093,2016-02-13 01:40:00.000000 UTC,59050,23.3105,28.5912
28255,29093,2016-02-22 22:15:00.000000 UTC,25450,23.3106,23.4952
28255,29093,2016-02-18 15:46:40.000000 UTC,43510,23.3118,29.4474
28255,39261,2016-02-18 17:25:00.000000 UTC,56410,23.3118,26.895
29093,28255,2016-02-06 01:25:00.000000 UTC,44230,23.3137,26.9965
16111,39261,2016-02-07 09:05:00.000000 UTC,47530,23.3153,28.9758
28255,39261,2016-02-18 04:30:00.000000 UTC,9310,23.3166,23.3401
29093,39261,2016-02-04 18:00:00.000000 UTC,21070,23.317,26.8121
39261,28255,2016-02-12 20:01:40.000000 UTC,5770,23.3171,21.7912
39261,16111,2016-02-15 00:25:00.000000 UTC,34150,23.3176,24.4054
29093,28255,2016-02-01 00:00:00.000000 UTC,59950,23.3179,25.809
28255,39261,2016-02-19 23:16:40.000000 UTC,57430,23.3182,27.7143
16111,29093,2016-02-10 23:01:40.000000 UTC,53470,23.3186,25.9144
29093,16111,2016-02-03 13:25:00.000000 UTC,56470,23.319,26.1403
16111,28255,2016-02-08 12:16:40.000000 UTC,3430,23.3211,23.3244
39261,28255,2016-02-14 17:15:00.000000 UTC,52990,23.3224,28.2144
16111,28255,2016-02-11 13:46:40.000000 UTC,5470,23.3226,31.06
39261,28255,2016-02-13 12:05:00.000000 UTC,26650,23.3239,24.3516
28255,39261,2016-02-18 04:31:40.000000 UTC,9310,23.3262,23.3387
16111,28255,2016-02-06 19:40:00.000000 UTC,50410,23.3278,30.736
29093,16111,2016-02-03 19:05:00.000000 UTC,44590,23.3286,27.8543
16111,29093,2016-02-06 17:46:40.000000 UTC,22870,23.3294,23.2035
16111,39261,2016-02-07 00:31:40.000000 UTC,5170,23.3324,23.1996
29093,28255,2016-02-02 23:31:40.000000 UTC,30490,23.333,29.1371
16111,29093,2016-02-07 09:05:00.000000 UTC,35650,23.3341,25.755
16111,39261,2016-02-10 11:30:00.000000 UTC,5950,23.336,31.2164
16111,39261,2016-02-06 21:16:40.000000 UTC,59050,23.3365,27.3007
16111,28255,2016-02-11 13:46:40.000000 UTC,53890,23.3368,30.8642
29093,39261,2016-02-05 22:50:00.000000 UTC,52570,23.3377,27.5788
39261,16111,2016-02-14 10:31:40.000000 UTC,55990,23.3381,26.7891
16111,39261,2016-02-10 16:01:40.000000 UTC,40270,23.3385,27.3438
29093,39261,2016-02-01 16:31:40.000000 UTC,59650,23.3389,29.1368
28255,39261,2016-02-23 11:10:00.000000 UTC,7510,23.34,23.3541
16111,28255,2016-02-07 11:00:00.000000 UTC,5710,23.3402,31.2271
28255,16111,2016-02-18 06:01:40.000000 UTC,2830,23.341,22.3793
29093,39261,2016-02-01 00:46:40.000000 UTC,59110,23.3415,29.3651
29093,39261,2016-02-01 05:16:40.000000 UTC,55450,23.3426,28.9044
16111,39261,2016-02-07 15:10:00.000000 UTC,28090,23.3428,26.707
39261,29093,2016-02-14 19:00:00.000000 UTC,52150,23.3429,27.8264
28255,29093,2016-02-18 05:05:00.000000 UTC,26050,23.3433,26.2989
16111,39261,2016-02-11 13:46:40.000000 UTC,46390,23.3437,27.6816
29093,28255,2016-02-03 11:35:00.000000 UTC,7150,23.3442,25.6292
29093,16111,2016-02-04 03:01:40.000000 UTC,21970,23.3457,27.5342
28255,29093,2016-02-20 10:45:00.000000 UTC,51010,23.3457,29.201
39261,28255,2016-02-16 05:00:00.000000 UTC,5830,23.3458,23.1192
29093,16111,2016-02-01 16:31:40.000000 UTC,56650,23.3472,29.4895
29093,39261,2016-02-03 04:31:40.000000 UTC,6130,23.3475,31.258
16111,39261,2016-02-07 08:10:00.000000 UTC,56110,23.3481,27.2516
16111,28255,2016-02-10 16:01:40.000000 UTC,56590,23.3481,28.1802
39261,29093,2016-02-17 09:50:00.000000 UTC,59290,23.3484,29.2023
29093,28255,2016-02-03 19:05:00.000000 UTC,54250,23.3495,27.9192
28255,16111,2016-02-21 03:30:00.000000 UTC,50170,23.3499,28.4447
16111,29093,2016-02-08 10:45:00.000000 UTC,59470,23.3503,28.7704
28255,39261,2016-02-18 05:05:00.000000 UTC,52570,23.3503,28.5209
16111,39261,2016-02-11 03:50:00.000000 UTC,51910,23.3512,27.0237
39261,16111,2016-02-17 02:15:00.000000 UTC,39490,23.3512,27.2933
16111,39261,2016-02-08 02:10:00.000000 UTC,12490,23.3514,23.2616
16111,28255,2016-02-06 19:40:00.000000 UTC,56770,23.3515,27.715
29093,28255,2016-02-01 20:35:00.000000 UTC,5890,23.3516,31.2643
29093,28255,2016-02-01 00:10:00.000000 UTC,37270,23.3523,28.8335
29093,16111,2016-02-01 07:01:40.000000 UTC,37570,23.3525,28.704
28255,16111,2016-02-18 15:00:00.000000 UTC,35350,23.3529,29.1685
28255,16111,2016-02-20 19:46:40.000000 UTC,11410,23.353,26.6241
16111,39261,2016-02-06 17:30:00.000000 UTC,58510,23.3531,28.7857
16111,28255,2016-02-06 17:30:00.000000 UTC,24730,23.3534,26.8338
28255,29093,2016-02-21 22:30:00.000000 UTC,53830,23.3544,29.0525
39261,16111,2016-02-17 23:01:40.000000 UTC,59890,23.3556,27.1227
16111,29093,2016-02-11 13:46:40.000000 UTC,34210,23.3559,30.4376
28255,39261,2016-02-20 09:01:40.000000 UTC,28510,23.356,23.3915
28255,39261,2016-02-21 15:55:00.000000 UTC,43870,23.3565,27.8311
39261,29093,2016-02-14 01:16:40.000000 UTC,8650,23.3572,28.8441
16111,39261,2016-02-09 18:30:00.000000 UTC,35050,23.3575,23.3862
28255,39261,2016-02-19 21:45:00.000000 UTC,5110,23.3582,23.8022
28255,39261,2016-02-22 05:20:00.000000 UTC,46930,23.3587,29.3949
28255,39261,2016-02-23 19:15:00.000000 UTC,46090,23.3589,27.9697
16111,29093,2016-02-07 17:25:00.000000 UTC,51250,23.359,26.7556
29093,28255,2016-02-02 20:20:00.000000 UTC,44290,23.3596,24.7654
39261,29093,2016-02-16 02:46:40.000000 UTC,52210,23.36,26.3559
29093,16111,2016-02-05 07:55:00.000000 UTC,55510,23.3604,25.6201
16111,28255,2016-02-11 21:31:40.000000 UTC,43690,23.3605,30.4866
39261,16111,2016-02-17 02:15:00.000000 UTC,32410,23.3612,23.2348
29093,28255,2016-02-01 19:31:40.000000 UTC,5710,23.3615,31.2518
29093,39261,2016-02-02 01:05:00.000000 UTC,47350,23.3619,29.3057
16111,39261,2016-02-07 09:05:00.000000 UTC,14110,23.3622,25.7885
16111,39261,2016-02-07 00:31:40.000000 UTC,11770,23.3623,26.4012
39261,28255,2016-02-12 21:30:00.000000 UTC,13570,23.3626,26.0186
16111,39261,2016-02-09 10:40:00.000000 UTC,27610,23.3633,23.3669
29093,28255,2016-02-01 19:31:40.000000 UTC,15190,23.3648,23.3742
16111,39261,2016-02-07 01:50:00.000000 UTC,50230,23.3656,28.4777
16111,39261,2016-02-07 00:31:40.000000 UTC,39130,23.3662,28.6751
16111,28255,2016-02-10 02:46:40.000000 UTC,39790,23.3665,29.1127
39261,16111,2016-02-12 17:25:00.000000 UTC,25510,23.3667,27.5332
16111,28255,2016-02-11 06:16:40.000000 UTC,14650,23.3687,25.9115
16111,29093,2016-02-11 21:31:40.000000 UTC,55510,23.3704,27.1337
16111,29093,2016-02-12 11:00:00.000000 UTC,42130,23.3704,29.2011
29093,28255,2016-02-02 14:16:40.000000 UTC,54310,23.3708,27.4876
29093,16111,2016-02-01 00:05:00.000000 UTC,45850,23.3717,29.3112
29093,39261,2016-02-01 00:46:40.000000 UTC,58150,23.3729,26.4558
16111,28255,2016-02-08 23:45:00.000000 UTC,50830,23.3737,30.6077
16111,29093,2016-02-08 22:01:40.000000 UTC,36430,23.374,24.945
28255,39261,2016-02-20 12:30:00.000000 UTC,27850,23.375,26.9758
29093,28255,2016-02-01 00:46:40.000000 UTC,13150,23.3752,27.5496
29093,28255,2016-02-02 01:05:00.000000 UTC,39070,23.3755,28.6453
29093,28255,2016-02-03 23:00:00.000000 UTC,7750,23.3759,25.7689
16111,28255,2016-02-07 12:00:00.000000 UTC,50770,23.3759,26.8637
39261,16111,2016-02-12 11:46:40.000000 UTC,57130,23.3764,26.9206
29093,28255,2016-02-04 01:00:00.000000 UTC,26530,23.3766,23.3716
28255,39261,2016-02-18 04:46:40.000000 UTC,17770,23.3769,25.6683
29093,28255,2016-02-04 18:00:00.000000 UTC,40870,23.3779,28.5782
29093,28255,2016-02-01 14:40:00.000000 UTC,49210,23.3783,27.7799
28255,16111,2016-02-19 18:46:40.000000 UTC,14710,23.3784,23.3752
16111,39261,2016-02-12 05:31:40.000000 UTC,47590,23.3785,28.2523
39261,28255,2016-02-13 03:31:40.000000 UTC,51670,23.3785,28.3024
16111,39261,2016-02-08 02:10:00.000000 UTC,42790,23.3795,25.5228
29093,28255,2016-02-02 14:16:40.000000 UTC,30250,23.3817,27.5326
16111,28255,2016-02-10 18:20:00.000000 UTC,49210,23.3827,30.7887
28255,29093,2016-02-21 07:31:40.000000 UTC,33970,23.3829,27.4942
16111,29093,2016-02-10 09:16:40.000000 UTC,49330,23.3836,28.3038
16111,29093,2016-02-11 18:55:00.000000 UTC,5530,23.3836,31.4746
16111,29093,2016-02-11 08:45:00.000000 UTC,5350,23.384,31.4117
28255,29093,2016-02-19 09:15:00.000000 UTC,49030,23.3842,28.6002
39261,29093,2016-02-18 01:45:00.000000 UTC,55450,23.3853,29.0382
16111,28255,2016-02-06 17:31:40.000000 UTC,29050,23.3858,23.3426
16111,39261,2016-02-12 05:31:40.000000 UTC,44530,23.388,28.4658
29093,16111,2016-02-04 01:00:00.000000 UTC,57670,23.3891,27.1673
28255,16111,2016-02-22 05:20:00.000000 UTC,26230,23.3892,18.7225
29093,28255,2016-02-03 09:46:40.000000 UTC,28510,23.3897,27.0007
16111,28255,2016-02-07 22:15:00.000000 UTC,29950,23.3897,23.3609
29093,39261,2016-02-02 08:40:00.000000 UTC,6970,23.39,31.4457
16111,39261,2016-02-10 13:45:00.000000 UTC,58150,23.391,26.3673
28255,29093,2016-02-19 10:31:40.000000 UTC,57970,23.3911,25.7203
39261,28255,2016-02-12 16:16:40.000000 UTC,44050,23.3916,24.8078
16111,29093,2016-02-11 13:46:40.000000 UTC,5410,23.3919,31.4841
29093,39261,2016-02-01 00:00:00.000000 UTC,58810,23.3923,28.9774
16111,29093,2016-02-06 17:31:40.000000 UTC,55570,23.3928,29.0628
28255,16111,2016-02-19 04:25:00.000000 UTC,14590,23.3934,20.8514
29093,39261,2016-02-02 12:50:00.000000 UTC,40690,23.3941,28.7716
16111,39261,2016-02-08 03:31:40.000000 UTC,54550,23.3945,20.0234
29093,39261,2016-02-02 01:05:00.000000 UTC,46270,23.3953,25.974
29093,39261,2016-02-01 09:01:40.000000 UTC,6970,23.3955,31.4459
28255,29093,2016-02-18 21:01:40.000000 UTC,27070,23.3963,23.2039
16111,39261,2016-02-08 07:46:40.000000 UTC,59590,23.3967,30.1843
28255,39261,2016-02-18 16:35:00.000000 UTC,32890,23.3973,23.392
29093,16111,2016-02-04 20:15:00.000000 UTC,40690,23.3986,27.7122
16111,39261,2016-02-10 02:46:40.000000 UTC,24730,23.4035,25.7289
29093,39261,2016-02-05 07:55:00.000000 UTC,39490,23.4062,29.3342
28255,16111,2016-02-19 13:10:00.000000 UTC,53890,23.4065,25.9182
29093,39261,2016-02-01 15:35:00.000000 UTC,31390,23.4095,23.5278
29093,39261,2016-02-01 00:05:00.000000 UTC,55450,23.4096,28.9975
39261,16111,2016-02-13 12:05:00.000000 UTC,5590,23.4099,23.3879
16111,29093,2016-02-07 22:15:00.000000 UTC,59290,23.4102,29.194
39261,28255,2016-02-14 07:20:00.000000 UTC,58930,23.4102,29.4138
16111,39261,2016-02-07 08:10:00.000000 UTC,44770,23.4107,29.0622
16111,28255,2016-02-07 18:35:00.000000 UTC,16990,23.4122,23.3861
39261,28255,2016-02-12 16:50:00.000000 UTC,14230,23.4125,23.3645
39261,28255,2016-02-12 12:15:00.000000 UTC,26350,23.4126,23.7001
16111,28255,2016-02-09 10:40:00.000000 UTC,37570,23.4148,28.0078
28255,29093,2016-02-18 09:15:00.000000 UTC,48130,23.4161,28.5104
29093,16111,2016-02-01 07:01:40.000000 UTC,53530,23.4162,26.2435
16111,29093,2016-02-12 02:50:00.000000 UTC,5710,23.4164,31.5227
39261,28255,2016-02-13 12:05:00.000000 UTC,14650,23.4164,23.7116
28255,29093,2016-02-18 06:40:00.000000 UTC,27550,23.4168,23.6498
16111,29093,2016-02-08 03:31:40.000000 UTC,58690,23.4187,26.7084
29093,16111,2016-02-01 15:35:00.000000 UTC,23470,23.4188,27.6193
29093,39261,2016-02-04 09:16:40.000000 UTC,12190,23.4188,23.4644
16111,39261,2016-02-06 19:01:40.000000 UTC,52930,23.4188,28.7198
29093,28255,2016-02-02 23:31:40.000000 UTC,27130,23.4204,23.4435
28255,16111,2016-02-18 05:16:40.000000 UTC,23170,23.4207,24.2133
39261,28255,2016-02-13 23:50:00.000000 UTC,41230,23.4227,29.2837
39261,28255,2016-02-17 02:15:00.000000 UTC,58870,23.4229,26.0214
28255,39261,2016-02-22 22:15:00.000000 UTC,6910,23.4233,23.4643
28255,39261,2016-02-18 10:55:00.000000 UTC,43570,23.4235,28.0801
29093,16111,2016-02-02 15:45:00.000000 UTC,54070,23.4238,30.6099
16111,28255,2016-02-06 22:46:40.000000 UTC,59770,23.4238,26.2582
16111,29093,2016-02-11 03:50:00.000000 UTC,49510,23.4241,27.2915
28255,16111,2016-02-18 07:25:00.000000 UTC,43090,23.4251,28.1344
16111,39261,2016-02-11 13:46:40.000000 UTC,58390,23.4254,28.1628
29093,28255,2016-02-01 01:00:00.000000 UTC,39430,23.4257,29.759
28255,39261,2016-02-23 03:20:00.000000 UTC,53050,23.4258,28.8377
39261,28255,2016-02-17 02:15:00.000000 UTC,12070,23.4263,28.6965
39261,16111,2016-02-13 02:35:00.000000 UTC,7090,23.4272,23.488
29093,39261,2016-02-01 20:35:00.000000 UTC,57070,23.4281,25.9424
16111,29093,2016-02-06 17:31:40.000000 UTC,52690,23.4296,28.4347
28255,39261,2016-02-19 06:46:40.000000 UTC,59650,23.4304,28.5162
29093,39261,2016-02-06 04:01:40.000000 UTC,58030,23.4305,25.8073
28255,39261,2016-02-18 06:40:00.000000 UTC,26110,23.4305,24.5479
29093,16111,2016-02-03 21:01:40.000000 UTC,55090,23.4311,30.024
29093,16111,2016-02-06 04:01:40.000000 UTC,5590,23.4313,23.4211
16111,39261,2016-02-09 01:30:00.000000 UTC,52870,23.4313,29.3028
39261,29093,2016-02-15 10:00:00.000000 UTC,48370,23.4314,28.3106
16111,28255,2016-02-11 06:16:40.000000 UTC,8410,23.4324,25.4656
28255,39261,2016-02-21 07:31:40.000000 UTC,36430,23.4325,23.6622
16111,39261,2016-02-09 18:30:00.000000 UTC,23890,23.4329,23.4497
39261,29093,2016-02-12 17:25:00.000000 UTC,35830,23.4331,27.6059
39261,28255,2016-02-16 14:10:00.000000 UTC,23410,23.4361,23.4355
16111,28255,2016-02-10 20:40:00.000000 UTC,43810,23.44,30.5475
16111,29093,2016-02-07 22:15:00.000000 UTC,12250,23.4408,23.4604
39261,29093,2016-02-12 23:05:00.000000 UTC,8170,23.4421,23.5436
29093,39261,2016-02-01 21:40:00.000000 UTC,26950,23.4437,23.2962
29093,39261,2016-02-02 15:45:00.000000 UTC,30670,23.4437,23.5962
28255,29093,2016-02-19 06:46:40.000000 UTC,55150,23.446,28.8104
39261,16111,2016-02-14 17:15:00.000000 UTC,25870,23.4462,23.5512
39261,29093,2016-02-17 23:01:40.000000 UTC,57190,23.4466,25.4627
29093,28255,2016-02-02 08:40:00.000000 UTC,44890,23.4482,30.3816
39261,16111,2016-02-14 05:46:40.000000 UTC,16690,23.4488,23.3673
16111,29093,2016-02-08 15:25:00.000000 UTC,42310,23.4494,27.0066
28255,16111,2016-02-18 14:15:00.000000 UTC,44110,23.4499,27.7017
28255,16111,2016-02-18 18:16:40.000000 UTC,24010,23.4511,27.3321
16111,29093,2016-02-08 09:15:00.000000 UTC,50650,23.4512,29.9818
39261,28255,2016-02-13 12:05:00.000000 UTC,26470,23.4525,23.4406
39261,28255,2016-02-14 15:31:40.000000 UTC,35230,23.4528,27.6271
16111,39261,2016-02-12 08:15:00.000000 UTC,6490,23.4531,31.4114
39261,29093,2016-02-12 20:01:40.000000 UTC,9850,23.4532,28.6828
16111,28255,2016-02-10 00:40:00.000000 UTC,34930,23.4542,27.9687
28255,39261,2016-02-19 04:25:00.000000 UTC,59230,23.4543,27.6186
16111,28255,2016-02-09 10:40:00.000000 UTC,28630,23.4551,27.96
29093,28255,2016-02-05 12:46:40.000000 UTC,44830,23.4555,28.6629
29093,16111,2016-02-04 20:15:00.000000 UTC,43870,23.456,28.1043
28255,39261,2016-02-19 17:20:00.000000 UTC,39130,23.4563,27.0989
39261,29093,2016-02-12 13:10:00.000000 UTC,17590,23.4572,29.7551
39261,28255,2016-02-13 14:30:00.000000 UTC,59890,23.4578,28.8505
16111,39261,2016-02-06 17:30:00.000000 UTC,52390,23.4595,28.4106
29093,16111,2016-02-03 02:50:00.000000 UTC,59050,23.4605,29.8831
29093,28255,2016-02-01 14:40:00.000000 UTC,53410,23.4613,28.7482
29093,39261,2016-02-01 00:25:00.000000 UTC,56650,23.4618,25.4447
39261,29093,2016-02-14 07:20:00.000000 UTC,6130,23.4619,24.3856
16111,28255,2016-02-07 16:16:40.000000 UTC,56470,23.4622,30.3656
39261,16111,2016-02-16 05:00:00.000000 UTC,9850,23.4622,23.5253
16111,28255,2016-02-07 13:01:40.000000 UTC,52030,23.4623,20.0854
29093,39261,2016-02-02 06:01:40.000000 UTC,6310,23.4633,31.431
16111,29093,2016-02-07 19:46:40.000000 UTC,45370,23.4649,27.5879
16111,29093,2016-02-06 19:40:00.000000 UTC,58390,23.4657,28.5535
16111,28255,2016-02-10 18:20:00.000000 UTC,31570,23.4657,28.996
28255,39261,2016-02-22 19:45:00.000000 UTC,10450,23.4657,25.8982
28255,39261,2016-02-21 15:55:00.000000 UTC,49930,23.4662,28.0688
39261,28255,2016-02-13 12:05:00.000000 UTC,50650,23.4666,26.1464
39261,16111,2016-02-15 22:25:00.000000 UTC,16690,23.4674,26.4168
39261,29093,2016-02-13 19:40:00.000000 UTC,19030,23.4681,23.3016
29093,28255,2016-02-02 12:50:00.000000 UTC,51130,23.469,29.6825
28255,16111,2016-02-21 03:30:00.000000 UTC,47350,23.4691,28.3497
16111,29093,2016-02-06 18:16:40.000000 UTC,56530,23.471,25.8893
39261,28255,2016-02-14 02:45:00.000000 UTC,6850,23.471,23.419
39261,28255,2016-02-15 14:01:40.000000 UTC,56110,23.4712,30.396
28255,16111,2016-02-18 05:16:40.000000 UTC,59950,23.4719,29.6375
39261,16111,2016-02-14 17:15:00.000000 UTC,51910,23.4722,28.5135
16111,39261,2016-02-06 22:46:40.000000 UTC,21670,23.4725,23.5146
29093,16111,2016-02-01 15:35:00.000000 UTC,7690,23.4737,20.9558
28255,39261,2016-02-18 19:10:00.000000 UTC,27970,23.4752,23.6083
39261,28255,2016-02-17 12:25:00.000000 UTC,18910,23.4756,20.8579
29093,16111,2016-02-01 06:25:00.000000 UTC,45430,23.4762,29.9582
29093,28255,2016-02-02 23:31:40.000000 UTC,54130,23.4766,30.9697
16111,29093,2016-02-07 13:01:40.000000 UTC,55810,23.4775,29.9757
29093,28255,2016-02-05 07:55:00.000000 UTC,59890,23.478,30.9598
16111,28255,2016-02-06 18:16:40.000000 UTC,7330,23.4804,28.0795
39261,16111,2016-02-13 04:30:00.000000 UTC,55630,23.4805,29.5496
29093,28255,2016-02-03 23:00:00.000000 UTC,59170,23.4811,30.9764
39261,28255,2016-02-12 11:46:40.000000 UTC,27550,23.4817,23.7177
16111,39261,2016-02-08 13:50:00.000000 UTC,55690,23.4821,29.1975
28255,29093,2016-02-20 12:30:00.000000 UTC,2170,23.4821,23.4873
16111,28255,2016-02-10 23:01:40.000000 UTC,50350,23.4822,30.8105
39261,28255,2016-02-17 09:50:00.000000 UTC,22750,23.4845,24.3645
16111,39261,2016-02-10 16:01:40.000000 UTC,52270,23.4849,27.8797
39261,28255,2016-02-15 10:00:00.000000 UTC,41530,23.4853,23.4894
16111,39261,2016-02-06 19:01:40.000000 UTC,46270,23.4859,26.5675
39261,16111,2016-02-18 01:45:00.000000 UTC,55150,23.4863,25.802
29093,39261,2016-02-02 14:16:40.000000 UTC,59770,23.4868,27.4812
29093,28255,2016-02-04 11:25:00.000000 UTC,16510,23.4881,24.7472
39261,29093,2016-02-18 01:45:00.000000 UTC,57670,23.4889,25.7164
29093,28255,2016-02-05 07:55:00.000000 UTC,59830,23.4891,30.8855
29093,28255,2016-02-03 01:10:00.000000 UTC,50770,23.49,26.9622
29093,39261,2016-02-04 15:46:40.000000 UTC,32110,23.4916,25.2399
29093,28255,2016-02-02 11:25:00.000000 UTC,13690,23.4917,23.4915
29093,28255,2016-02-06 06:40:00.000000 UTC,16450,23.494,29.3434
29093,28255,2016-02-05 20:16:40.000000 UTC,35290,23.4941,25.657
39261,28255,2016-02-14 17:15:00.000000 UTC,31150,23.4946,23.5078
16111,28255,2016-02-07 17:25:00.000000 UTC,55630,23.4951,30.9128
16111,28255,2016-02-10 16:01:40.000000 UTC,9670,23.4966,23.5279
28255,39261,2016-02-22 07:40:00.000000 UTC,13570,23.4977,23.5204
29093,39261,2016-02-05 03:10:00.000000 UTC,30670,23.4979,30.152
39261,28255,2016-02-14 19:00:00.000000 UTC,58630,23.4983,28.9679
29093,28255,2016-02-03 11:35:00.000000 UTC,58090,23.5006,29.5344
39261,28255,2016-02-14 13:50:00.000000 UTC,38350,23.5015,27.9465
16111,39261,2016-02-07 19:46:40.000000 UTC,16750,23.5026,23.5715
28255,16111,2016-02-20 09:01:40.000000 UTC,56290,23.5036,25.7569
16111,28255,2016-02-06 18:30:00.000000 UTC,24250,23.5053,23.4988
28255,16111,2016-02-19 15:55:00.000000 UTC,21550,23.5061,26.9736
29093,39261,2016-02-03 11:35:00.000000 UTC,37150,23.5063,26.2289
29093,39261,2016-02-04 15:46:40.000000 UTC,25810,23.5075,23.4986
16111,28255,2016-02-06 18:05:00.000000 UTC,48970,23.5077,28.5065
39261,29093,2016-02-13 19:40:00.000000 UTC,59710,23.5079,26.3837
39261,29093,2016-02-16 16:31:40.000000 UTC,58810,23.5093,25.6906
39261,29093,2016-02-16 21:20:00.000000 UTC,59230,23.5095,27.2585
16111,29093,2016-02-10 09:16:40.000000 UTC,32290,23.5106,27.2257
29093,28255,2016-02-06 01:25:00.000000 UTC,41110,23.5112,29.4976
29093,39261,2016-02-05 07:55:00.000000 UTC,46510,23.5122,26.7678
28255,16111,2016-02-19 05:35:00.000000 UTC,14350,23.5123,25.635
28255,29093,2016-02-19 21:45:00.000000 UTC,54730,23.5127,28.9976
16111,39261,2016-02-09 10:40:00.000000 UTC,58330,23.513,27.064
39261,28255,2016-02-12 23:55:00.000000 UTC,31690,23.5133,24.6543
16111,28255,2016-02-06 17:30:00.000000 UTC,54790,23.5135,28.5261
29093,28255,2016-02-02 04:45:00.000000 UTC,58090,23.5148,28.1287
39261,16111,2016-02-15 04:10:00.000000 UTC,43330,23.5156,28.715
16111,29093,2016-02-07 17:25:00.000000 UTC,58930,23.5163,28.4965
28255,29093,2016-02-22 14:50:00.000000 UTC,8830,23.5179,24.9421
29093,39261,2016-02-02 04:45:00.000000 UTC,57790,23.5191,25.8166
29093,16111,2016-02-01 14:40:00.000000 UTC,59170,23.5193,27.3695
16111,29093,2016-02-10 11:30:00.000000 UTC,10510,23.5193,29.8915
39261,28255,2016-02-17 04:45:00.000000 UTC,12010,23.52,28.9081
39261,28255,2016-02-13 02:35:00.000000 UTC,45550,23.5202,27.4441
16111,28255,2016-02-06 20:25:00.000000 UTC,49510,23.5215,28.397
29093,28255,2016-02-05 05:31:40.000000 UTC,52390,23.5217,28.4849
16111,29093,2016-02-07 00:31:40.000000 UTC,38710,23.5224,29.256
29093,28255,2016-02-01 00:00:00.000000 UTC,18190,23.5227,23.5505
28255,39261,2016-02-20 17:55:00.000000 UTC,10690,23.5227,23.5112
29093,28255,2016-02-06 17:30:00.000000 UTC,59950,23.5257,28.5939
29093,28255,2016-02-01 19:31:40.000000 UTC,21130,23.526,23.586
28255,16111,2016-02-18 08:16:40.000000 UTC,31990,23.5261,26.7987
16111,29093,2016-02-06 18:16:40.000000 UTC,33010,23.527,28.8485
28255,29093,2016-02-19 11:50:00.000000 UTC,56650,23.527,29.1847
16111,39261,2016-02-11 08:45:00.000000 UTC,59170,23.5274,26.5808
29093,28255,2016-02-03 02:50:00.000000 UTC,59830,23.5278,29.3936
39261,28255,2016-02-14 08:55:00.000000 UTC,20170,23.5282,25.8267
39261,16111,2016-02-12 11:01:40.000000 UTC,11170,23.5295,23.4997
28255,29093,2016-02-18 06:01:40.000000 UTC,56950,23.5299,29.2132
16111,39261,2016-02-11 06:16:40.000000 UTC,9970,23.5304,23.6983
16111,39261,2016-02-12 05:31:40.000000 UTC,53650,23.531,28.4785
29093,39261,2016-02-05 00:50:00.000000 UTC,58330,23.5318,25.3315
16111,39261,2016-02-12 05:31:40.000000 UTC,17230,23.532,26.9498
28255,39261,2016-02-18 05:45:00.000000 UTC,5770,23.5324,25.8677
16111,28255,2016-02-10 18:20:00.000000 UTC,25630,23.5334,28.3097
39261,28255,2016-02-12 19:20:00.000000 UTC,27190,23.5335,23.5762
28255,39261,2016-02-18 12:50:00.000000 UTC,32710,23.5347,23.4036
29093,39261,2016-02-05 05:31:40.000000 UTC,23230,23.5359,22.7948
29093,28255,2016-02-03 13:25:00.000000 UTC,13210,23.5365,23.5379
16111,29093,2016-02-08 02:10:00.000000 UTC,53410,23.5373,28.0472
29093,28255,2016-02-04 20:15:00.000000 UTC,29170,23.5377,29.016
39261,28255,2016-02-16 02:46:40.000000 UTC,54490,23.5382,27.8547
29093,16111,2016-02-01 00:05:00.000000 UTC,9790,23.5392,28.8
29093,28255,2016-02-05 22:50:00.000000 UTC,49810,23.5397,27.655
28255,39261,2016-02-18 06:40:00.000000 UTC,33310,23.5399,23.3985
29093,28255,2016-02-01 02:55:00.000000 UTC,54550,23.5412,25.452
39261,29093,2016-02-16 18:55:00.000000 UTC,51130,23.5429,30.0908
28255,39261,2016-02-23 16:31:40.000000 UTC,13690,23.5444,23.5546
29093,16111,2016-02-02 12:50:00.000000 UTC,44950,23.5445,29.2191
16111,29093,2016-02-08 10:45:00.000000 UTC,8410,23.5446,26.8664
29093,28255,2016-02-01 07:01:40.000000 UTC,30550,23.5459,23.6206
29093,39261,2016-02-03 02:50:00.000000 UTC,3250,23.5467,23.6819
16111,28255,2016-02-07 13:01:40.000000 UTC,56050,23.5469,29.6608
29093,28255,2016-02-05 22:50:00.000000 UTC,13450,23.547,23.9219
16111,28255,2016-02-08 06:20:00.000000 UTC,9010,23.5479,23.5429
29093,39261,2016-02-04 09:16:40.000000 UTC,10270,23.5481,27.2294
29093,39261,2016-02-01 00:46:40.000000 UTC,52930,23.5498,28.8684
16111,28255,2016-02-10 20:40:00.000000 UTC,4570,23.5501,25.548
39261,16111,2016-02-14 07:20:00.000000 UTC,25210,23.5501,20.1525
16111,28255,2016-02-08 02:10:00.000000 UTC,53410,23.5519,29.1357
28255,29093,2016-02-21 03:30:00.000000 UTC,31990,23.5528,28.2277
28255,39261,2016-02-19 15:55:00.000000 UTC,23530,23.5529,26.7385
29093,39261,2016-02-01 23:55:00.000000 UTC,9550,23.5537,23.5807
28255,16111,2016-02-19 23:16:40.000000 UTC,28630,23.554,27.5991
28255,29093,2016-02-19 03:16:40.000000 UTC,46150,23.5548,30.3563
39261,28255,2016-02-12 13:10:00.000000 UTC,22990,23.5554,29.0202
29093,28255,2016-02-06 12:01:40.000000 UTC,54070,23.557,30.9232
29093,39261,2016-02-01 14:40:00.000000 UTC,57850,23.5585,29.0896
16111,39261,2016-02-07 23:31:40.000000 UTC,6850,23.5591,31.6279
39261,28255,2016-02-12 21:30:00.000000 UTC,21250,23.5593,23.5913
29093,39261,2016-02-01 16:31:40.000000 UTC,14050,23.56,25.4667
28255,39261,2016-02-19 09:15:00.000000 UTC,59770,23.5611,28.5751
16111,39261,2016-02-07 13:01:40.000000 UTC,57550,23.5618,27.4589
39261,29093,2016-02-13 14:30:00.000000 UTC,16150,23.5618,26.1522
39261,16111,2016-02-14 01:16:40.000000 UTC,42250,23.5619,28.545
16111,28255,2016-02-09 14:31:40.000000 UTC,18130,23.5633,29.7259
16111,28255,2016-02-11 21:31:40.000000 UTC,7030,23.5634,31.6636
16111,28255,2016-02-11 06:16:40.000000 UTC,53650,23.5637,29.1332
28255,39261,2016-02-19 08:00:00.000000 UTC,10450,23.5637,23.4702
16111,39261,2016-02-10 11:30:00.000000 UTC,58870,23.5638,25.3685
29093,28255,2016-02-05 15:15:00.000000 UTC,41830,23.565,25.9782
29093,39261,2016-02-01 13:46:40.000000 UTC,17830,23.5654,23.639
29093,39261,2016-02-03 02:50:00.000000 UTC,53710,23.5655,28.9866
39261,28255,2016-02-17 23:01:40.000000 UTC,33790,23.5665,23.6161
29093,39261,2016-02-04 03:01:40.000000 UTC,20710,23.5668,27.266
39261,29093,2016-02-13 03:31:40.000000 UTC,35950,23.568,27.5564
29093,39261,2016-02-05 07:55:00.000000 UTC,5830,23.5691,23.5375
29093,28255,2016-02-02 03:30:00.000000 UTC,51310,23.5704,29.42
28255,29093,2016-02-18 10:55:00.000000 UTC,53410,23.5704,28.5764
16111,29093,2016-02-06 19:01:40.000000 UTC,35590,23.5707,27.0101
28255,16111,2016-02-20 16:05:00.000000 UTC,52150,23.5711,29.9456
29093,39261,2016-02-01 00:00:00.000000 UTC,43570,23.5713,28.1506
39261,16111,2016-02-14 17:15:00.000000 UTC,30550,23.5728,23.5557
39261,29093,2016-02-12 20:45:00.000000 UTC,51970,23.5748,27.9118
29093,28255,2016-02-01 14:40:00.000000 UTC,55810,23.5753,25.6782
29093,39261,2016-02-02 12:50:00.000000 UTC,52810,23.5757,28.924
16111,39261,2016-02-08 12:16:40.000000 UTC,43510,23.5761,28.0479
29093,28255,2016-02-01 00:35:00.000000 UTC,50170,23.5762,30.864
29093,39261,2016-02-06 12:01:40.000000 UTC,35710,23.5777,25.9847
29093,28255,2016-02-06 01:25:00.000000 UTC,59050,23.5782,29.804
39261,16111,2016-02-14 08:55:00.000000 UTC,53950,23.5788,28.9913
28255,39261,2016-02-19 05:35:00.000000 UTC,27250,23.5792,23.7449
16111,28255,2016-02-06 19:40:00.000000 UTC,16930,23.5816,26.5829
16111,39261,2016-02-06 17:31:40.000000 UTC,49210,23.5817,28.8754
29093,28255,2016-02-02 07:20:00.000000 UTC,6790,23.5829,23.838
28255,39261,2016-02-23 08:31:40.000000 UTC,54550,23.5835,28.5154
16111,29093,2016-02-11 06:16:40.000000 UTC,52630,23.5843,29.3181
16111,28255,2016-02-11 06:16:40.000000 UTC,59650,23.5847,29.1551
16111,29093,2016-02-11 16:20:00.000000 UTC,33130,23.5859,27.3994
16111,29093,2016-02-06 20:25:00.000000 UTC,11110,23.5941,26.3802
28255,39261,2016-02-19 23:16:40.000000 UTC,39310,23.5944,27.3309
16111,39261,2016-02-07 15:10:00.000000 UTC,55690,23.5947,28.0743
16111,39261,2016-02-09 22:35:00.000000 UTC,1510,23.5949,26.4472
29093,16111,2016-02-01 02:10:00.000000 UTC,35410,23.5951,26.2868
29093,39261,2016-02-03 15:16:40.000000 UTC,55270,23.5953,20.3286
28255,29093,2016-02-18 19:10:00.000000 UTC,51850,23.5968,28.7922
29093,28255,2016-02-01 00:01:40.000000 UTC,48310,23.599,26.5099
16111,28255,2016-02-08 00:50:00.000000 UTC,25510,23.6006,23.548
39261,28255,2016-02-13 10:55:00.000000 UTC,38350,23.6014,23.8304
29093,16111,2016-02-03 02:50:00.000000 UTC,58990,23.6036,29.7229
16111,28255,2016-02-10 18:20:00.000000 UTC,55450,23.6044,28.2993
16111,39261,2016-02-08 02:10:00.000000 UTC,58450,23.6066,29.1006
28255,16111,2016-02-18 09:46:40.000000 UTC,31990,23.6072,25.3081
29093,39261,2016-02-02 01:05:00.000000 UTC,34570,23.6076,26.8486
16111,28255,2016-02-09 01:30:00.000000 UTC,52870,23.608,29.444
16111,39261,2016-02-10 16:01:40.000000 UTC,44110,23.6084,30.5377
28255,29093,2016-02-21 11:40:00.000000 UTC,19450,23.6088,26.9876
16111,29093,2016-02-06 20:01:40.000000 UTC,58030,23.6095,27.2344
29093,39261,2016-02-04 20:15:00.000000 UTC,13750,23.6097,23.6855
28255,29093,2016-02-18 15:00:00.000000 UTC,47110,23.61,28.7542
29093,39261,2016-02-01 00:01:40.000000 UTC,37450,23.6117,28.2562
29093,16111,2016-02-01 00:46:40.000000 UTC,1270,23.6145,31.819
28255,39261,2016-02-18 19:10:00.000000 UTC,47050,23.6154,28.125
16111,28255,2016-02-10 07:05:00.000000 UTC,44590,23.6158,25.6568
39261,28255,2016-02-14 20:46:40.000000 UTC,30010,23.6164,23.4729
29093,16111,2016-02-04 20:15:00.000000 UTC,27070,23.6168,27.7429
28255,29093,2016-02-18 16:35:00.000000 UTC,42670,23.6173,30.3058
16111,29093,2016-02-07 02:31:40.000000 UTC,5950,23.6174,24.558
16111,28255,2016-02-07 00:31:40.000000 UTC,12670,23.6176,23.6237
16111,39261,2016-02-07 06:25:00.000000 UTC,23830,23.618,23.6624
28255,16111,2016-02-22 00:45:00.000000 UTC,4930,23.622,25.8511
28255,29093,2016-02-19 13:10:00.000000 UTC,29410,23.6222,23.764
16111,28255,2016-02-11 13:46:40.000000 UTC,53830,23.6225,30.8462
29093,39261,2016-02-01 22:46:40.000000 UTC,9610,23.6232,25.445
39261,28255,2016-02-16 11:50:00.000000 UTC,40390,23.624,23.7369
16111,29093,2016-02-09 03:16:40.000000 UTC,56350,23.6246,30.7448
39261,16111,2016-02-13 01:40:00.000000 UTC,3850,23.6249,30.0558
39261,29093,2016-02-12 12:31:40.000000 UTC,59170,23.6255,29.2497
16111,39261,2016-02-07 04:46:40.000000 UTC,17290,23.627,23.7109
16111,39261,2016-02-07 09:05:00.000000 UTC,55930,23.6276,25.5355
16111,29093,2016-02-09 16:30:00.000000 UTC,59710,23.6276,26.9516
16111,39261,2016-02-07 19:46:40.000000 UTC,3550,23.6278,23.5745
39261,16111,2016-02-12 16:50:00.000000 UTC,9610,23.6279,23.5365
29093,28255,2016-02-02 01:05:00.000000 UTC,18070,23.6287,26.6995
16111,29093,2016-02-11 18:55:00.000000 UTC,9010,23.6307,23.522
29093,28255,2016-02-03 23:00:00.000000 UTC,59050,23.6308,31.0794
16111,39261,2016-02-09 05:05:00.000000 UTC,42430,23.6308,27.366
39261,16111,2016-02-12 12:00:00.000000 UTC,28630,23.6318,23.5196
28255,39261,2016-02-19 21:45:00.000000 UTC,23170,23.6318,23.6777
16111,39261,2016-02-09 10:40:00.000000 UTC,17110,23.6322,29.4326
16111,39261,2016-02-10 02:46:40.000000 UTC,46570,23.6328,30.8208
39261,28255,2016-02-14 02:45:00.000000 UTC,18730,23.6331,23.6483
28255,16111,2016-02-18 16:35:00.000000 UTC,35650,23.6363,27.2088
29093,16111,2016-02-01 00:46:40.000000 UTC,32350,23.6376,29.1286
28255,16111,2016-02-19 21:45:00.000000 UTC,14170,23.6385,24.3864
16111,28255,2016-02-06 17:35:00.000000 UTC,6490,23.6396,25.3365
28255,29093,2016-02-19 13:10:00.000000 UTC,55330,23.6404,29.8586
29093,39261,2016-02-02 08:40:00.000000 UTC,28030,23.6426,27.0001
28255,39261,2016-02-21 03:30:00.000000 UTC,46330,23.6441,28.1364
16111,28255,2016-02-07 17:25:00.000000 UTC,2350,23.6467,24.9043
29093,16111,2016-02-03 23:00:00.000000 UTC,58330,23.65,29.3534
39261,16111,2016-02-12 22:16:40.000000 UTC,35650,23.6537,26.757
39261,16111,2016-02-14 01:16:40.000000 UTC,8890,23.6544,28.9437
29093,28255,2016-02-05 00:50:00.000000 UTC,7570,23.6562,23.9001
28255,16111,2016-02-19 23:16:40.000000 UTC,42670,23.6569,28.7738
16111,29093,2016-02-07 01:50:00.000000 UTC,9430,23.658,26.3243
16111,29093,2016-02-10 11:30:00.000000 UTC,46870,23.6588,28.1199
29093,28255,2016-02-02 12:50:00.000000 UTC,53470,23.6597,29.0114
29093,39261,2016-02-06 12:01:40.000000 UTC,31030,23.6601,23.7126
39261,16111,2016-02-14 17:15:00.000000 UTC,26590,23.6601,27.0316
29093,39261,2016-02-02 15:45:00.000000 UTC,42190,23.6627,26.5201
28255,16111,2016-02-18 18:16:40.000000 UTC,43630,23.6627,29.0082
29093,39261,2016-02-01 22:46:40.000000 UTC,49090,23.6629,29.1406
28255,39261,2016-02-23 08:31:40.000000 UTC,45370,23.6633,27.1332
16111,28255,2016-02-06 17:30:00.000000 UTC,24490,23.6659,25.7844
16111,28255,2016-02-09 22:35:00.000000 UTC,11470,23.6659,23.6375
39261,29093,2016-02-15 08:01:40.000000 UTC,52030,23.666,29.4576
28255,16111,2016-02-19 01:05:00.000000 UTC,40630,23.666,23.135
39261,16111,2016-02-15 14:01:40.000000 UTC,5950,23.6664,23.62
28255,16111,2016-02-21 18:05:00.000000 UTC,26470,23.6666,23.9612
16111,28255,2016-02-06 20:01:40.000000 UTC,12790,23.6681,23.6763
16111,39261,2016-02-08 22:01:40.000000 UTC,16930,23.6697,23.6748
28255,16111,2016-02-18 19:10:00.000000 UTC,48850,23.6708,28.6248
16111,39261,2016-02-09 18:30:00.000000 UTC,28870,23.6715,23.6593
28255,16111,2016-02-23 08:31:40.000000 UTC,49330,23.6736,28.8637
39261,28255,2016-02-12 13:55:00.000000 UTC,59590,23.6752,29.7392
29093,28255,2016-02-04 09:16:40.000000 UTC,27430,23.6762,27.2578
28255,39261,2016-02-18 18:16:40.000000 UTC,56230,23.6765,27.6148
39261,28255,2016-02-12 20:45:00.000000 UTC,16570,23.6775,28.9226
28255,39261,2016-02-21 22:30:00.000000 UTC,30070,23.6776,23.766
29093,39261,2016-02-01 04:15:00.000000 UTC,21430,23.6779,23.6773
16111,39261,2016-02-09 05:05:00.000000 UTC,14110,23.6796,23.6989
29093,28255,2016-02-06 14:45:00.000000 UTC,22690,23.6798,23.6395
39261,16111,2016-02-13 17:01:40.000000 UTC,3010,23.6804,25.2826
39261,28255,2016-02-13 01:40:00.000000 UTC,13450,23.6823,25.7641
29093,28255,2016-02-02 08:40:00.000000 UTC,35530,23.6824,25.7274
16111,29093,2016-02-08 23:45:00.000000 UTC,37630,23.6827,29.321
16111,39261,2016-02-10 09:16:40.000000 UTC,59050,23.683,28.2435
29093,39261,2016-02-05 22:50:00.000000 UTC,26650,23.6842,23.6953
16111,28255,2016-02-06 23:20:00.000000 UTC,6430,23.6852,23.6949
28255,39261,2016-02-22 03:01:40.000000 UTC,31330,23.6854,23.6946
28255,29093,2016-02-20 19:46:40.000000 UTC,51310,23.6859,25.6387
29093,28255,2016-02-02 12:50:00.000000 UTC,14470,23.6866,26.1128
28255,16111,2016-02-18 10:55:00.000000 UTC,5170,23.6873,24.1235
16111,29093,2016-02-06 17:40:00.000000 UTC,40810,23.6885,25.7015
39261,16111,2016-02-13 01:40:00.000000 UTC,57370,23.6904,26.4966
28255,29093,2016-02-20 04:01:40.000000 UTC,37330,23.6952,25.9921
39261,16111,2016-02-12 18:01:40.000000 UTC,20470,23.6962,23.6717
39261,16111,2016-02-12 15:45:00.000000 UTC,39910,23.6973,28.546
29093,39261,2016-02-01 07:01:40.000000 UTC,36310,23.6988,28.0746
39261,29093,2016-02-12 19:20:00.000000 UTC,20350,23.6991,23.7443
39261,28255,2016-02-13 04:30:00.000000 UTC,32710,23.6992,23.6691
39261,16111,2016-02-18 01:45:00.000000 UTC,38530,23.6994,25.841
28255,16111,2016-02-18 19:10:00.000000 UTC,55990,23.6994,30.9247
29093,16111,2016-02-03 15:16:40.000000 UTC,58150,23.7002,28.1294
28255,16111,2016-02-19 06:46:40.000000 UTC,34930,23.7013,27.7568
16111,29093,2016-02-11 13:46:40.000000 UTC,42010,23.7018,27.6729
28255,29093,2016-02-19 03:16:40.000000 UTC,54910,23.702,25.4609
16111,29093,2016-02-07 12:00:00.000000 UTC,16990,23.7028,27.0876
29093,39261,2016-02-04 09:16:40.000000 UTC,55690,23.7038,29.4557
29093,39261,2016-02-04 18:00:00.000000 UTC,48370,23.7048,28.6755
16111,29093,2016-02-06 20:01:40.000000 UTC,23830,23.705,23.715
16111,39261,2016-02-06 19:01:40.000000 UTC,37690,23.7065,28.2733
39261,28255,2016-02-12 20:01:40.000000 UTC,54790,23.7065,28.5419
39261,28255,2016-02-16 02:46:40.000000 UTC,39550,23.7065,28.1665
29093,39261,2016-02-01 05:50:00.000000 UTC,23050,23.707,23.705
28255,29093,2016-02-19 17:20:00.000000 UTC,39190,23.7087,27.2305
16111,28255,2016-02-10 18:20:00.000000 UTC,49330,23.7095,30.7093
28255,29093,2016-02-18 15:46:40.000000 UTC,42790,23.71,30.1951
16111,39261,2016-02-12 02:50:00.000000 UTC,38770,23.7111,24.5705
29093,39261,2016-02-01 00:05:00.000000 UTC,43270,23.7123,28.9995
16111,29093,2016-02-06 18:45:00.000000 UTC,28150,23.7128,25.606
28255,16111,2016-02-18 17:25:00.000000 UTC,24910,23.7128,23.7066
29093,28255,2016-02-04 11:25:00.000000 UTC,58090,23.7133,26.7615
39261,29093,2016-02-13 03:31:40.000000 UTC,8050,23.7135,28.2961
16111,28255,2016-02-11 21:31:40.000000 UTC,10390,23.7141,25.6277
16111,39261,2016-02-09 10:40:00.000000 UTC,31750,23.7149,27.6991
29093,28255,2016-02-01 05:16:40.000000 UTC,30130,23.7169,23.8256
16111,28255,2016-02-07 08:10:00.000000 UTC,40150,23.7185,27.4955
28255,29093,2016-02-18 11:31:40.000000 UTC,39490,23.7199,27.2794
39261,29093,2016-02-17 02:15:00.000000 UTC,52630,23.7227,27.8195
28255,16111,2016-02-18 04:31:40.000000 UTC,6430,23.723,23.8057
29093,28255,2016-02-01 00:35:00.000000 UTC,5350,23.7236,22.4717
28255,29093,2016-02-18 20:05:00.000000 UTC,54190,23.7237,29.197
29093,16111,2016-02-01 15:35:00.000000 UTC,48250,23.7238,27.9505
29093,39261,2016-02-03 15:16:40.000000 UTC,30610,23.7261,23.8293
39261,16111,2016-02-17 07:16:40.000000 UTC,46630,23.7262,28.7876
29093,28255,2016-02-02 02:16:40.000000 UTC,28570,23.7267,23.7225
28255,39261,2016-02-18 16:35:00.000000 UTC,42550,23.7274,29.8576
16111,28255,2016-02-07 08:10:00.000000 UTC,46090,23.728,27.6134
16111,39261,2016-02-12 08:15:00.000000 UTC,10090,23.7291,23.7383
39261,28255,2016-02-14 15:31:40.000000 UTC,30190,23.7315,23.7236
39261,16111,2016-02-16 02:46:40.000000 UTC,31750,23.7324,28.4842
16111,28255,2016-02-09 05:05:00.000000 UTC,48430,23.7331,27.4335
28255,39261,2016-02-18 09:15:00.000000 UTC,43510,23.7333,28.0502
28255,16111,2016-02-19 15:55:00.000000 UTC,52450,23.7355,28.8094
28255,16111,2016-02-18 05:05:00.000000 UTC,52030,23.7372,28.828
39261,16111,2016-02-12 16:50:00.000000 UTC,20770,23.7381,23.7078
29093,16111,2016-02-02 03:30:00.000000 UTC,56230,23.7396,29.8344
29093,39261,2016-02-01 01:15:00.000000 UTC,26710,23.7427,23.8942
29093,16111,2016-02-02 12:50:00.000000 UTC,39310,23.7459,29.1983
39261,28255,2016-02-13 12:05:00.000000 UTC,11050,23.7467,22.4006
16111,39261,2016-02-11 03:50:00.000000 UTC,56950,23.7474,22.0824
16111,39261,2016-02-07 08:10:00.000000 UTC,6190,23.7478,23.7845
28255,39261,2016-02-22 12:25:00.000000 UTC,25810,23.7485,23.7387
16111,28255,2016-02-09 05:05:00.000000 UTC,12910,23.749,25.7274
16111,39261,2016-02-09 22:35:00.000000 UTC,11830,23.7492,23.7543
28255,29093,2016-02-20 07:20:00.000000 UTC,19990,23.7492,24.1864
29093,28255,2016-02-01 00:46:40.000000 UTC,46090,23.7499,28.2882
39261,28255,2016-02-16 02:46:40.000000 UTC,48070,23.7499,26.1995
29093,39261,2016-02-04 15:46:40.000000 UTC,38170,23.7523,25.6745
28255,39261,2016-02-18 21:01:40.000000 UTC,14770,23.7531,23.7169
29093,39261,2016-02-05 22:50:00.000000 UTC,58630,23.7561,27.8
16111,39261,2016-02-06 17:40:00.000000 UTC,9370,23.7582,23.7718
29093,39261,2016-02-01 00:25:00.000000 UTC,32650,23.759,23.782
29093,39261,2016-02-05 10:20:00.000000 UTC,43810,23.7597,28.7109
16111,39261,2016-02-11 06:16:40.000000 UTC,31630,23.7611,28.8639
16111,28255,2016-02-07 17:25:00.000000 UTC,40090,23.7615,26.6607
28255,39261,2016-02-20 10:45:00.000000 UTC,51790,23.7616,27.9003
29093,16111,2016-02-01 15:35:00.000000 UTC,56890,23.7619,28.8154
16111,28255,2016-02-07 01:10:00.000000 UTC,50410,23.7638,27.7092
28255,29093,2016-02-22 00:45:00.000000 UTC,18610,23.7644,23.7369
16111,28255,2016-02-06 18:16:40.000000 UTC,6310,23.7648,23.7777
28255,29093,2016-02-19 14:31:40.000000 UTC,12130,23.765,23.7587
29093,28255,2016-02-03 06:15:00.000000 UTC,11770,23.766,23.7385
39261,29093,2016-02-12 11:25:00.000000 UTC,16630,23.7679,23.8481
28255,39261,2016-02-21 22:30:00.000000 UTC,8230,23.7686,28.2728
29093,28255,2016-02-01 08:20:00.000000 UTC,48250,23.7689,26.4541
29093,16111,2016-02-03 19:05:00.000000 UTC,6070,23.7697,23.8227
28255,39261,2016-02-23 19:15:00.000000 UTC,33910,23.7708,27.2488
28255,39261,2016-02-18 04:40:00.000000 UTC,21430,23.7709,23.6813
39261,28255,2016-02-12 20:01:40.000000 UTC,10330,23.7715,28.2391
28255,16111,2016-02-18 14:15:00.000000 UTC,41350,23.7721,28.6911
29093,28255,2016-02-01 18:30:00.000000 UTC,24430,23.7724,27.4595
16111,29093,2016-02-06 19:01:40.000000 UTC,47710,23.7725,30.0468
16111,29093,2016-02-07 04:46:40.000000 UTC,55150,23.7734,30.7379
16111,28255,2016-02-06 22:46:40.000000 UTC,17650,23.776,26.6783
29093,28255,2016-02-04 09:16:40.000000 UTC,51430,23.7769,27.3846
39261,29093,2016-02-14 08:55:00.000000 UTC,54190,23.7793,28.9356
28255,39261,2016-02-22 07:40:00.000000 UTC,26230,23.78,26.543
28255,29093,2016-02-22 22:15:00.000000 UTC,24430,23.781,23.7926
29093,39261,2016-02-02 03:30:00.000000 UTC,16570,23.7812,23.7929
16111,28255,2016-02-07 11:00:00.000000 UTC,27130,23.7819,23.7771
16111,28255,2016-02-06 22:46:40.000000 UTC,57070,23.7827,30.8584
39261,28255,2016-02-13 03:31:40.000000 UTC,57610,23.7834,28.3697
29093,39261,2016-02-05 15:15:00.000000 UTC,13870,23.7846,23.9733
39261,16111,2016-02-14 17:15:00.000000 UTC,43450,23.7854,27.8998
39261,29093,2016-02-13 01:40:00.000000 UTC,11650,23.7855,25.996
16111,29093,2016-02-10 20:40:00.000000 UTC,9490,23.7865,23.8275
29093,39261,2016-02-02 03:30:00.000000 UTC,59290,23.7866,27.5667
16111,29093,2016-02-09 01:30:00.000000 UTC,45490,23.7874,29.5188
29093,16111,2016-02-01 13:46:40.000000 UTC,1090,23.7878,32.426
16111,28255,2016-02-11 13:46:40.000000 UTC,56410,23.7878,26.1168
39261,28255,2016-02-13 13:16:40.000000 UTC,37330,23.7887,23.859
29093,39261,2016-02-05 03:10:00.000000 UTC,33790,23.7891,23.8886
16111,29093,2016-02-08 03:31:40.000000 UTC,17410,23.7891,27.0081
29093,28255,2016-02-01 00:35:00.000000 UTC,56170,23.7893,31.0381
28255,39261,2016-02-21 13:46:40.000000 UTC,18850,23.7896,23.621
39261,29093,2016-02-14 20:46:40.000000 UTC,14170,23.7903,24.0968
29093,39261,2016-02-04 03:01:40.000000 UTC,23710,23.7905,28.2143
29093,39261,2016-02-05 10:20:00.000000 UTC,49390,23.7905,27.5572
39261,28255,2016-02-14 10:31:40.000000 UTC,50290,23.7907,27.9375
16111,39261,2016-02-07 22:15:00.000000 UTC,39250,23.7917,28.6905
29093,16111,2016-02-01 07:01:40.000000 UTC,48790,23.7931,29.136
16111,28255,2016-02-09 18:30:00.000000 UTC,59590,23.7941,26.5316
29093,28255,2016-02-01 03:46:40.000000 UTC,17770,23.7945,23.8606
39261,28255,2016-02-16 16:31:40.000000 UTC,16090,23.7955,23.8083
29093,28255,2016-02-04 15:46:40.000000 UTC,24730,23.7957,23.891
29093,28255,2016-02-05 20:16:40.000000 UTC,23590,23.7959,23.8839
16111,29093,2016-02-10 11:30:00.000000 UTC,10630,23.7965,30.183
29093,39261,2016-02-02 23:31:40.000000 UTC,14050,23.7971,25.8293
16111,28255,2016-02-12 00:10:00.000000 UTC,6910,23.7973,25.9619
39261,29093,2016-02-13 07:35:00.000000 UTC,16210,23.7984,23.8286
28255,29093,2016-02-22 10:01:40.000000 UTC,44290,23.7998,19.4404
29093,39261,2016-02-01 20:35:00.000000 UTC,20830,23.8002,23.8153
29093,39261,2016-02-03 11:35:00.000000 UTC,46270,23.8003,29.4383
16111,39261,2016-02-09 20:31:40.000000 UTC,12490,23.8015,23.7053
28255,39261,2016-02-23 05:55:00.000000 UTC,54790,23.8017,27.6008
16111,28255,2016-02-07 09:05:00.000000 UTC,55270,23.8019,29.2631
16111,28255,2016-02-08 03:31:40.000000 UTC,18490,23.8022,26.9048
16111,29093,2016-02-07 22:15:00.000000 UTC,19510,23.8024,26.977
28255,16111,2016-02-20 00:50:00.000000 UTC,22930,23.8026,26.6331
39261,29093,2016-02-13 21:01:40.000000 UTC,23650,23.8027,27.0472
29093,39261,2016-02-01 00:46:40.000000 UTC,55810,23.8031,28.5899
28255,16111,2016-02-19 01:05:00.000000 UTC,7630,23.8036,25.3408
16111,39261,2016-02-09 14:31:40.000000 UTC,3550,23.8055,23.9761
28255,39261,2016-02-18 17:25:00.000000 UTC,20050,23.8061,26.7358
28255,39261,2016-02-18 05:05:00.000000 UTC,1150,23.8071,32.6044
29093,28255,2016-02-01 21:40:00.000000 UTC,21190,23.8072,25.7531
16111,28255,2016-02-07 23:31:40.000000 UTC,59890,23.8083,25.5068
39261,29093,2016-02-12 11:46:40.000000 UTC,27670,23.8096,23.8227
16111,39261,2016-02-07 09:05:00.000000 UTC,41410,23.8098,29.0343
29093,39261,2016-02-04 07:10:00.000000 UTC,29890,23.8112,25.0189
16111,39261,2016-02-08 00:50:00.000000 UTC,24190,23.8126,23.7885
39261,28255,2016-02-12 21:30:00.000000 UTC,25930,23.8132,23.8255
29093,28255,2016-02-03 15:16:40.000000 UTC,6430,23.8143,24.0261
16111,28255,2016-02-11 01:25:00.000000 UTC,45310,23.8144,19.1849
28255,39261,2016-02-21 01:31:40.000000 UTC,7450,23.815,31.3551
28255,16111,2016-02-20 12:30:00.000000 UTC,36970,23.8151,27.3793
16111,28255,2016-02-08 12:16:40.000000 UTC,55750,23.8161,29.357
16111,28255,2016-02-11 13:46:40.000000 UTC,59770,23.8166,30.976
29093,28255,2016-02-01 02:31:40.000000 UTC,51790,23.8175,29.889
29093,28255,2016-02-01 05:16:40.000000 UTC,15670,23.8178,27.5691
29093,39261,2016-02-01 02:10:00.000000 UTC,32650,23.8181,25.8561
39261,29093,2016-02-12 12:50:00.000000 UTC,15070,23.8181,23.8206
28255,29093,2016-02-18 09:15:00.000000 UTC,55150,23.8186,19.7131
16111,39261,2016-02-10 00:40:00.000000 UTC,31630,23.8205,23.9572
16111,39261,2016-02-12 02:50:00.000000 UTC,21850,23.8209,23.7652
16111,39261,2016-02-07 22:15:00.000000 UTC,17890,23.8222,26.2363
28255,29093,2016-02-18 04:31:40.000000 UTC,51190,23.8229,30.0389
16111,39261,2016-02-09 10:40:00.000000 UTC,52990,23.8241,29.0202
39261,29093,2016-02-12 13:10:00.000000 UTC,17530,23.8242,29.6287
16111,39261,2016-02-06 19:01:40.000000 UTC,58930,23.8244,28.7555
39261,29093,2016-02-16 05:00:00.000000 UTC,10870,23.8245,24.0437
16111,28255,2016-02-12 00:10:00.000000 UTC,48850,23.8247,27.4871
29093,28255,2016-02-01 08:20:00.000000 UTC,22270,23.8275,28.041
16111,39261,2016-02-12 11:00:00.000000 UTC,29050,23.8283,23.9084
28255,29093,2016-02-19 21:45:00.000000 UTC,17890,23.829,26.1515
39261,28255,2016-02-12 21:30:00.000000 UTC,33010,23.8293,23.7346
16111,39261,2016-02-08 13:50:00.000000 UTC,49570,23.83,29.2707
28255,39261,2016-02-19 14:31:40.000000 UTC,28810,23.8309,23.8161
29093,39261,2016-02-02 23:31:40.000000 UTC,59950,23.831,31.1744
29093,16111,2016-02-01 07:01:40.000000 UTC,9850,23.8311,29.5687
28255,39261,2016-02-19 09:15:00.000000 UTC,38530,23.8314,27.8974
28255,16111,2016-02-21 20:16:40.000000 UTC,59590,23.8334,25.8531
28255,39261,2016-02-22 07:40:00.000000 UTC,53530,23.8339,28.3905
39261,16111,2016-02-16 23:46:40.000000 UTC,59710,23.834,29.3458
39261,28255,2016-02-12 22:16:40.000000 UTC,31930,23.8346,23.8764
28255,29093,2016-02-18 14:15:00.000000 UTC,49810,23.8362,28.7132
16111,39261,2016-02-06 17:40:00.000000 UTC,42670,23.837,29.8632
39261,16111,2016-02-12 19:20:00.000000 UTC,57970,23.8381,29.8286
28255,16111,2016-02-18 05:05:00.000000 UTC,33370,23.8395,23.8001
28255,39261,2016-02-18 10:55:00.000000 UTC,33610,23.8399,23.8614
16111,28255,2016-02-06 19:40:00.000000 UTC,49270,23.8418,28.2937
39261,29093,2016-02-15 08:01:40.000000 UTC,11470,23.8429,23.7381
29093,28255,2016-02-05 12:46:40.000000 UTC,17290,23.843,23.8647
16111,28255,2016-02-06 17:31:40.000000 UTC,18610,23.8433,26.1243
39261,16111,2016-02-13 02:35:00.000000 UTC,39970,23.8433,27.3917
29093,16111,2016-02-03 01:10:00.000000 UTC,58690,23.8441,28.7443
39261,29093,2016-02-16 23:46:40.000000 UTC,55990,23.8447,29.3365
16111,29093,2016-02-06 17:40:00.000000 UTC,55090,23.8448,30.2534
16111,39261,2016-02-07 12:00:00.000000 UTC,18730,23.8448,26.9148
39261,29093,2016-02-17 02:15:00.000000 UTC,49870,23.846,28.7412
28255,29093,2016-02-19 21:45:00.000000 UTC,43390,23.8466,28.9315
39261,28255,2016-02-12 11:25:00.000000 UTC,49570,23.8467,27.3499
28255,16111,2016-02-21 03:30:00.000000 UTC,5770,23.8492,27.0814
29093,28255,2016-02-02 17:15:00.000000 UTC,13450,23.8496,25.6293
28255,39261,2016-02-23 03:20:00.000000 UTC,32410,23.8497,23.9408
29093,39261,2016-02-03 19:05:00.000000 UTC,36910,23.8502,26.9608
29093,28255,2016-02-01 04:45:00.000000 UTC,46690,23.852,28.8964
29093,28255,2016-02-03 15:16:40.000000 UTC,50110,23.8521,28.0424
28255,29093,2016-02-23 19:15:00.000000 UTC,36190,23.8523,28.3646
39261,28255,2016-02-17 20:20:00.000000 UTC,32890,23.8524,24.0487
28255,16111,2016-02-18 09:15:00.000000 UTC,12190,23.8546,29.4955
29093,28255,2016-02-05 03:10:00.000000 UTC,58990,23.8551,31.0544
29093,39261,2016-02-01 07:01:40.000000 UTC,42370,23.8554,28.3468
39261,28255,2016-02-17 02:15:00.000000 UTC,56410,23.8559,28.6485
28255,39261,2016-02-23 13:50:00.000000 UTC,19570,23.8561,23.8613
28255,29093,2016-02-19 15:55:00.000000 UTC,55990,23.8566,28.8912
29093,28255,2016-02-03 19:05:00.000000 UTC,19150,23.8568,23.8811
28255,39261,2016-02-22 07:40:00.000000 UTC,47470,23.8571,28.3262
16111,39261,2016-02-10 18:20:00.000000 UTC,29050,23.8589,26.2491
29093,16111,2016-02-01 18:30:00.000000 UTC,57370,23.8591,26.8953
29093,16111,2016-02-01 01:31:40.000000 UTC,14470,23.8593,23.8699
29093,39261,2016-02-03 23:00:00.000000 UTC,32590,23.8613,23.9322
28255,16111,2016-02-20 23:35:00.000000 UTC,12730,23.8623,23.8296
39261,28255,2016-02-13 17:01:40.000000 UTC,26350,23.8645,23.8891
28255,16111,2016-02-20 12:30:00.000000 UTC,46750,23.8658,30.5281
29093,28255,2016-02-01 03:46:40.000000 UTC,52570,23.8667,28.7678
29093,39261,2016-02-01 00:00:00.000000 UTC,46570,23.8672,28.2227
16111,39261,2016-02-12 11:00:00.000000 UTC,35170,23.8691,23.9136
28255,29093,2016-02-22 19:45:00.000000 UTC,4990,23.8699,30.7793
29093,16111,2016-02-02 07:20:00.000000 UTC,57430,23.8705,25.2676
29093,39261,2016-02-04 15:46:40.000000 UTC,44230,23.8713,26.0342
28255,16111,2016-02-18 04:31:40.000000 UTC,48790,23.8726,29.663
28255,29093,2016-02-20 21:40:00.000000 UTC,35770,23.8726,26.9795
29093,39261,2016-02-01 16:31:40.000000 UTC,44410,23.8728,27.1655
28255,39261,2016-02-19 21:45:00.000000 UTC,44830,23.8734,28.677
29093,28255,2016-02-05 22:50:00.000000 UTC,52390,23.8739,29.9768
28255,39261,2016-02-22 14:50:00.000000 UTC,13930,23.8741,23.9755
16111,39261,2016-02-07 12:00:00.000000 UTC,19270,23.8746,24.1935
28255,16111,2016-02-20 19:46:40.000000 UTC,13570,23.8773,23.8964
29093,28255,2016-02-03 19:05:00.000000 UTC,25150,23.8779,23.9057
29093,28255,2016-02-01 14:40:00.000000 UTC,29530,23.8781,29.14
39261,29093,2016-02-17 02:15:00.000000 UTC,58270,23.8782,27.9713
39261,28255,2016-02-14 20:46:40.000000 UTC,29950,23.8785,23.7729
29093,28255,2016-02-01 05:16:40.000000 UTC,57370,23.8787,29.7925
28255,29093,2016-02-22 12:25:00.000000 UTC,42670,23.8788,27.3652
39261,16111,2016-02-15 14:01:40.000000 UTC,49750,23.8812,29.7678
39261,29093,2016-02-14 13:50:00.000000 UTC,58930,23.8831,28.2165
39261,16111,2016-02-12 20:01:40.000000 UTC,41290,23.8847,28.6874
16111,28255,2016-02-08 12:16:40.000000 UTC,16450,23.8849,23.917
29093,28255,2016-02-01 03:46:40.000000 UTC,28570,23.8853,28.7308
29093,16111,2016-02-03 02:50:00.000000 UTC,28990,23.8855,23.8811
39261,28255,2016-02-15 10:00:00.000000 UTC,31030,23.886,26.0283
28255,16111,2016-02-21 18:05:00.000000 UTC,2950,23.886,24.317
39261,16111,2016-02-12 12:15:00.000000 UTC,21970,23.8868,23.8904
28255,39261,2016-02-18 15:00:00.000000 UTC,11050,23.8887,29.1157
39261,16111,2016-02-13 08:40:00.000000 UTC,12790,23.8889,27.1876
29093,28255,2016-02-01 00:01:40.000000 UTC,30550,23.8893,26.2604
16111,29093,2016-02-07 12:00:00.000000 UTC,18730,23.8895,23.9232
16111,39261,2016-02-10 09:16:40.000000 UTC,16630,23.8896,26.6021
16111,28255,2016-02-10 20:40:00.000000 UTC,55870,23.8901,30.8372
16111,28255,2016-02-09 01:30:00.000000 UTC,31810,23.8902,25.957
39261,16111,2016-02-12 12:31:40.000000 UTC,33250,23.8908,23.8156
29093,39261,2016-02-01 00:01:40.000000 UTC,55570,23.8912,28.6397
28255,39261,2016-02-23 16:31:40.000000 UTC,32950,23.8925,23.877
29093,28255,2016-02-01 07:40:00.000000 UTC,51430,23.8944,30.4303
28255,39261,2016-02-23 16:31:40.000000 UTC,49750,23.8944,25.5723
16111,28255,2016-02-10 02:46:40.000000 UTC,54190,23.8946,25.4064
16111,29093,2016-02-10 02:46:40.000000 UTC,25810,23.8949,23.7603
39261,29093,2016-02-14 01:16:40.000000 UTC,33730,23.8963,27.9352
39261,16111,2016-02-14 01:16:40.000000 UTC,53110,23.8966,27.8189
16111,28255,2016-02-06 17:31:40.000000 UTC,57610,23.8978,29.1092
16111,39261,2016-02-10 09:16:40.000000 UTC,28450,23.8987,25.6954
16111,39261,2016-02-11 21:31:40.000000 UTC,7030,23.8988,23.9401
29093,39261,2016-02-06 01:25:00.000000 UTC,58930,23.8998,26.6688
16111,39261,2016-02-09 06:55:00.000000 UTC,9070,23.9001,26.8692
29093,39261,2016-02-04 03:01:40.000000 UTC,6970,23.9017,21.6095
16111,39261,2016-02-09 20:31:40.000000 UTC,29410,23.9034,23.9306
28255,39261,2016-02-18 09:46:40.000000 UTC,38470,23.9036,24.4436
28255,39261,2016-02-23 08:31:40.000000 UTC,31510,23.9036,23.8477
29093,39261,2016-02-05 00:50:00.000000 UTC,14890,23.9042,23.9792
28255,29093,2016-02-20 05:40:00.000000 UTC,3430,23.9055,24.4407
28255,29093,2016-02-20 17:55:00.000000 UTC,24670,23.9056,23.7352
28255,29093,2016-02-18 05:05:00.000000 UTC,34870,23.9062,28.0851
29093,28255,2016-02-05 22:50:00.000000 UTC,29350,23.9077,27.3783
39261,28255,2016-02-12 17:25:00.000000 UTC,14110,23.9077,24.0627
29093,28255,2016-02-05 05:31:40.000000 UTC,38050,23.9084,26.0778
39261,28255,2016-02-14 19:00:00.000000 UTC,8050,23.9096,27.0027
28255,39261,2016-02-20 19:46:40.000000 UTC,58990,23.9106,25.4373
28255,16111,2016-02-21 03:30:00.000000 UTC,8350,23.912,28.412
16111,28255,2016-02-06 18:45:00.000000 UTC,14830,23.9123,27.4
28255,39261,2016-02-19 09:15:00.000000 UTC,41530,23.9126,27.7498
39261,28255,2016-02-15 04:10:00.000000 UTC,27250,23.9153,19.7813
39261,29093,2016-02-15 08:01:40.000000 UTC,27130,23.9155,24.2917
16111,39261,2016-02-10 18:20:00.000000 UTC,12670,23.9185,23.9118
28255,29093,2016-02-23 19:15:00.000000 UTC,39010,23.9185,27.8771
16111,28255,2016-02-10 00:40:00.000000 UTC,37570,23.9186,27.1236
29093,28255,2016-02-02 04:45:00.000000 UTC,46270,23.9221,27.5192
28255,39261,2016-02-18 04:55:00.000000 UTC,25690,23.9226,26.1454
29093,28255,2016-02-01 05:16:40.000000 UTC,51430,23.9228,28.8345
39261,28255,2016-02-12 11:16:40.000000 UTC,26350,23.9229,23.9483
16111,28255,2016-02-06 22:15:00.000000 UTC,58510,23.9235,29.6649
29093,16111,2016-02-01 03:20:00.000000 UTC,48010,23.9241,25.8944
29093,39261,2016-02-01 00:00:00.000000 UTC,52630,23.9254,28.45
39261,16111,2016-02-17 02:15:00.000000 UTC,59170,23.9282,28.9651
39261,28255,2016-02-14 15:31:40.000000 UTC,25450,23.9283,23.9589
28255,39261,2016-02-20 21:40:00.000000 UTC,43150,23.9287,27.9798
29093,16111,2016-02-06 06:40:00.000000 UTC,15010,23.9288,27.7957
16111,28255,2016-02-11 03:50:00.000000 UTC,35470,23.9291,27.8772
16111,28255,2016-02-06 21:16:40.000000 UTC,52090,23.9295,29.9957
16111,28255,2016-02-07 00:31:40.000000 UTC,14110,23.9301,25.2029
28255,39261,2016-02-19 06:46:40.000000 UTC,53050,23.9312,26.6388
28255,16111,2016-02-21 03:30:00.000000 UTC,37870,23.9314,30.3068
29093,28255,2016-02-01 07:40:00.000000 UTC,25750,23.9329,23.9546
28255,16111,2016-02-18 07:25:00.000000 UTC,26650,23.9329,26.4112
29093,39261,2016-02-01 21:40:00.000000 UTC,25570,23.9336,25.4524
29093,39261,2016-02-02 01:05:00.000000 UTC,10870,23.9356,28.6262
28255,16111,2016-02-22 19:45:00.000000 UTC,31810,23.9364,23.9363
16111,39261,2016-02-07 08:10:00.000000 UTC,7270,23.9372,23.9565
28255,29093,2016-02-23 08:31:40.000000 UTC,24010,23.9381,26.572
16111,39261,2016-02-10 09:16:40.000000 UTC,43930,23.9385,28.8046
16111,29093,2016-02-11 06:16:40.000000 UTC,46930,23.9385,29.3636
28255,39261,2016-02-20 10:45:00.000000 UTC,15970,23.9394,25.9417
29093,39261,2016-02-02 07:20:00.000000 UTC,41950,23.942,26.2399
39261,29093,2016-02-15 14:01:40.000000 UTC,19630,23.9421,26.6127
29093,28255,2016-02-03 15:16:40.000000 UTC,47530,23.9431,27.7099
29093,28255,2016-02-05 12:46:40.000000 UTC,16030,23.9432,23.8805
16111,28255,2016-02-08 02:10:00.000000 UTC,59350,23.9447,29.3091
29093,28255,2016-02-05 10:20:00.000000 UTC,47650,23.9458,28.9392
29093,39261,2016-02-02 07:20:00.000000 UTC,52690,23.9463,24.4088
28255,16111,2016-02-18 09:15:00.000000 UTC,28510,23.9467,27.3421
28255,39261,2016-02-18 07:25:00.000000 UTC,32410,23.9469,23.7425
28255,16111,2016-02-23 19:15:00.000000 UTC,16510,23.9472,28.7354
39261,29093,2016-02-14 12:10:00.000000 UTC,44890,23.9474,27.4018
28255,16111,2016-02-20 07:20:00.000000 UTC,27610,23.9483,23.9376
29093,28255,2016-02-01 14:40:00.000000 UTC,59110,23.9487,31.0994
28255,39261,2016-02-21 03:30:00.000000 UTC,24550,23.949,24.3508
28255,16111,2016-02-20 02:25:00.000000 UTC,29710,23.9492,24.0016
28255,39261,2016-02-21 09:35:00.000000 UTC,6550,23.9529,23.889
16111,28255,2016-02-11 06:16:40.000000 UTC,59590,23.9543,29.3063
16111,39261,2016-02-09 20:31:40.000000 UTC,6370,23.9544,23.9025
29093,39261,2016-02-03 02:50:00.000000 UTC,59710,23.9556,29.0236
16111,29093,2016-02-07 01:50:00.000000 UTC,44830,23.9574,27.9907
28255,39261,2016-02-18 06:01:40.000000 UTC,55150,23.9583,29.0239
16111,39261,2016-02-10 02:46:40.000000 UTC,46510,23.9599,30.7694
39261,16111,2016-02-13 17:01:40.000000 UTC,15610,23.9603,23.9674
28255,16111,2016-02-18 06:01:40.000000 UTC,59830,23.9609,29.4567
39261,28255,2016-02-14 08:55:00.000000 UTC,35170,23.9612,28.5323
29093,28255,2016-02-04 03:01:40.000000 UTC,26830,23.9618,23.9885
16111,39261,2016-02-07 22:15:00.000000 UTC,18010,23.9622,26.7822
16111,28255,2016-02-06 19:01:40.000000 UTC,35350,23.9628,23.9252
16111,39261,2016-02-12 00:10:00.000000 UTC,51790,23.9643,27.4704
39261,29093,2016-02-14 19:00:00.000000 UTC,30370,23.9649,23.9234
39261,28255,2016-02-15 10:00:00.000000 UTC,7630,23.9649,27.568
28255,39261,2016-02-18 23:00:00.000000 UTC,14830,23.9658,23.8874
29093,28255,2016-02-02 18:46:40.000000 UTC,33010,23.9662,24.011
39261,28255,2016-02-14 10:31:40.000000 UTC,47290,23.9663,28.1446
29093,16111,2016-02-01 01:15:00.000000 UTC,8890,23.9666,23.9354
28255,39261,2016-02-21 03:30:00.000000 UTC,41410,23.9696,23.9741
16111,28255,2016-02-07 01:10:00.000000 UTC,25930,23.9699,24.0775
16111,29093,2016-02-08 02:10:00.000000 UTC,13810,23.9701,26.1882
28255,29093,2016-02-20 19:46:40.000000 UTC,17530,23.9718,24.0355
28255,39261,2016-02-19 09:15:00.000000 UTC,11710,23.9725,28.9273
16111,28255,2016-02-10 16:01:40.000000 UTC,54550,23.9731,30.8204
16111,39261,2016-02-08 13:50:00.000000 UTC,10090,23.9745,25.3861
29093,39261,2016-02-01 00:46:40.000000 UTC,58930,23.9751,28.9063
28255,39261,2016-02-19 03:16:40.000000 UTC,50590,23.977,27.4439
28255,16111,2016-02-20 10:45:00.000000 UTC,47170,23.9772,30.5286
29093,28255,2016-02-06 12:01:40.000000 UTC,23890,23.9773,30.1125
28255,29093,2016-02-18 09:15:00.000000 UTC,48070,23.9775,28.329
39261,29093,2016-02-14 19:00:00.000000 UTC,57310,23.9785,29.2601
28255,39261,2016-02-18 20:05:00.000000 UTC,16750,23.9788,27.064
29093,28255,2016-02-01 21:40:00.000000 UTC,15430,23.9817,24.6812
16111,39261,2016-02-10 23:01:40.000000 UTC,30910,23.9819,23.9965
28255,39261,2016-02-21 15:55:00.000000 UTC,43810,23.9828,27.6567
28255,39261,2016-02-19 06:46:40.000000 UTC,56530,23.9831,28.2485
28255,39261,2016-02-18 09:15:00.000000 UTC,34390,23.9846,27.2177
29093,28255,2016-02-06 17:30:00.000000 UTC,5470,23.9851,24.0112
39261,29093,2016-02-16 02:46:40.000000 UTC,44230,23.9872,28.5733
16111,39261,2016-02-06 19:40:00.000000 UTC,20710,23.9883,23.9548
39261,29093,2016-02-17 02:15:00.000000 UTC,45430,23.992,24.243
16111,39261,2016-02-10 23:01:40.000000 UTC,58270,23.9922,31.0919
39261,28255,2016-02-12 12:15:00.000000 UTC,53350,23.9926,30.4562
28255,39261,2016-02-18 05:05:00.000000 UTC,15430,23.994,23.9533
29093,39261,2016-02-03 08:00:00.000000 UTC,34690,23.9945,24.3809
39261,29093,2016-02-15 18:10:00.000000 UTC,46750,23.9948,27.1864
29093,39261,2016-02-04 20:15:00.000000 UTC,25810,23.997,24.0066
16111,39261,2016-02-10 09:16:40.000000 UTC,56050,23.9973,28.942
28255,16111,2016-02-19 23:16:40.000000 UTC,56590,23.9974,28.272
29093,28255,2016-02-01 01:50:00.000000 UTC,12670,23.9978,23.954
28255,39261,2016-02-19 21:45:00.000000 UTC,11470,23.998,25.6317
39261,29093,2016-02-16 02:46:40.000000 UTC,52630,23.9986,27.8789
28255,16111,2016-02-20 14:16:40.000000 UTC,50110,23.9991,27.7758
29093,39261,2016-02-01 21:40:00.000000 UTC,59470,24.0006,31.0898
39261,16111,2016-02-12 20:01:40.000000 UTC,54910,24.0021,26.6644
39261,29093,2016-02-15 10:00:00.000000 UTC,28510,24.0033,27.1928
28255,39261,2016-02-18 18:16:40.000000 UTC,48670,24.0037,30.1582
28255,29093,2016-02-18 09:15:00.000000 UTC,31090,24.0049,27.502
28255,29093,2016-02-18 05:30:00.000000 UTC,25510,24.0073,24.0449
29093,16111,2016-02-02 10:01:40.000000 UTC,13630,24.0083,23.9927
28255,29093,2016-02-18 19:10:00.000000 UTC,23530,24.0091,27.6051
39261,28255,2016-02-17 17:40:00.000000 UTC,39070,24.0121,23.8726
16111,39261,2016-02-10 09:16:40.000000 UTC,28090,24.0127,24.0446
39261,29093,2016-02-17 07:16:40.000000 UTC,59950,24.0129,28.8996
16111,28255,2016-02-11 16:20:00.000000 UTC,59770,24.0131,30.0536
29093,16111,2016-02-01 04:45:00.000000 UTC,30130,24.0143,23.9921
16111,28255,2016-02-10 11:30:00.000000 UTC,43630,24.0168,27.7248
29093,28255,2016-02-01 00:10:00.000000 UTC,51310,24.0176,29.8891
28255,16111,2016-02-19 21:45:00.000000 UTC,45370,24.0178,29.0975
29093,28255,2016-02-03 02:50:00.000000 UTC,41710,24.0187,28.335
28255,29093,2016-02-19 06:46:40.000000 UTC,10270,24.0212,29.0534
28255,16111,2016-02-22 19:45:00.000000 UTC,13990,24.0236,24.0854
29093,28255,2016-02-03 02:50:00.000000 UTC,35710,24.0241,28.0247
29093,28255,2016-02-03 08:00:00.000000 UTC,28810,24.0241,24.0313
29093,28255,2016-02-03 11:35:00.000000 UTC,18970,24.0243,24.6847
16111,28255,2016-02-06 19:40:00.000000 UTC,40870,24.0254,26.7049
28255,16111,2016-02-18 07:01:40.000000 UTC,22750,24.0264,24.0011
39261,28255,2016-02-15 18:10:00.000000 UTC,26590,24.0281,28.6801
29093,39261,2016-02-03 02:50:00.000000 UTC,10450,24.0288,24.0463
16111,28255,2016-02-11 11:15:00.000000 UTC,14170,24.0289,23.9917
28255,39261,2016-02-19 11:50:00.000000 UTC,3310,24.0292,24.0673
29093,28255,2016-02-05 15:15:00.000000 UTC,8230,24.0295,22.6886
28255,29093,2016-02-19 11:50:00.000000 UTC,30910,24.0317,25.4353
16111,39261,2016-02-10 13:45:00.000000 UTC,17410,24.0327,24.0511
28255,39261,2016-02-19 15:55:00.000000 UTC,44710,24.0327,28.4254
28255,29093,2016-02-19 06:46:40.000000 UTC,35290,24.0355,28.2408
39261,16111,2016-02-12 20:45:00.000000 UTC,13450,24.0358,27.5009
28255,39261,2016-02-19 09:15:00.000000 UTC,11410,24.0358,28.1408
16111,39261,2016-02-07 19:46:40.000000 UTC,44350,24.0359,29.358
16111,28255,2016-02-09 05:05:00.000000 UTC,57850,24.0378,30.5407
16111,28255,2016-02-12 11:00:00.000000 UTC,42550,24.038,29.0173
28255,16111,2016-02-23 11:10:00.000000 UTC,10570,24.0382,23.9824
28255,29093,2016-02-22 14:50:00.000000 UTC,31570,24.0388,24.1693
29093,39261,2016-02-03 11:35:00.000000 UTC,6610,24.0391,24.1051
39261,28255,2016-02-14 10:31:40.000000 UTC,32290,24.0403,27.0323
29093,39261,2016-02-01 20:35:00.000000 UTC,13450,24.0407,24.1263
28255,29093,2016-02-18 05:45:00.000000 UTC,50470,24.0413,30.5657
29093,28255,2016-02-03 02:50:00.000000 UTC,17050,24.0418,24.1075
28255,29093,2016-02-21 03:30:00.000000 UTC,43270,24.0418,28.4462
29093,16111,2016-02-01 21:40:00.000000 UTC,23830,24.0421,25.0957
29093,28255,2016-02-02 15:45:00.000000 UTC,26530,24.0423,24.0501
29093,39261,2016-02-01 12:55:00.000000 UTC,35830,24.0435,24.0701
39261,28255,2016-02-12 22:16:40.000000 UTC,7990,24.0437,23.9764
39261,29093,2016-02-13 13:16:40.000000 UTC,3550,24.0441,24.5025
39261,29093,2016-02-13 10:55:00.000000 UTC,20590,24.045,26.4012
39261,28255,2016-02-16 09:31:40.000000 UTC,5890,24.0453,24.3383
16111,39261,2016-02-12 11:00:00.000000 UTC,58030,24.0458,29.1411
29093,28255,2016-02-02 17:15:00.000000 UTC,58750,24.0471,31.0955
28255,16111,2016-02-21 07:31:40.000000 UTC,58450,24.048,30.6149
39261,28255,2016-02-13 18:20:00.000000 UTC,42910,24.05,24.888
29093,16111,2016-02-03 01:10:00.000000 UTC,41950,24.0523,28.4452
28255,39261,2016-02-19 01:05:00.000000 UTC,46810,24.0529,26.636
16111,28255,2016-02-06 18:05:00.000000 UTC,49990,24.053,30.6787
39261,28255,2016-02-14 04:15:00.000000 UTC,14050,24.0545,24.0373
29093,16111,2016-02-02 03:30:00.000000 UTC,46810,24.0548,20.9676
16111,39261,2016-02-06 20:25:00.000000 UTC,20890,24.0552,24.1184
39261,16111,2016-02-17 17:40:00.000000 UTC,18130,24.0553,24.0035
39261,28255,2016-02-14 10:31:40.000000 UTC,36370,24.0561,24.0814
39261,29093,2016-02-12 23:55:00.000000 UTC,6610,24.0564,25.02
28255,39261,2016-02-18 12:50:00.000000 UTC,38710,24.0565,23.9335
29093,39261,2016-02-03 23:00:00.000000 UTC,11950,24.059,27.5137
29093,39261,2016-02-05 15:15:00.000000 UTC,56290,24.0602,26.4937
16111,28255,2016-02-07 06:25:00.000000 UTC,17590,24.0607,27.6815
16111,28255,2016-02-06 19:01:40.000000 UTC,58150,24.0608,28.6307
16111,39261,2016-02-11 16:20:00.000000 UTC,52810,24.0613,28.8361
29093,39261,2016-02-01 15:35:00.000000 UTC,56350,24.0616,27.7358
29093,39261,2016-02-06 01:25:00.000000 UTC,55270,24.0632,30.8906
39261,28255,2016-02-13 07:35:00.000000 UTC,54850,24.0645,26.9205
39261,28255,2016-02-12 22:16:40.000000 UTC,13870,24.0648,24.2252
28255,39261,2016-02-20 17:55:00.000000 UTC,28750,24.0669,24.0891
16111,29093,2016-02-10 07:05:00.000000 UTC,37390,24.0671,25.5838
39261,28255,2016-02-15 22:25:00.000000 UTC,46270,24.0688,26.591
28255,16111,2016-02-18 17:25:00.000000 UTC,51490,24.0704,29.7955
29093,39261,2016-02-02 12:50:00.000000 UTC,58810,24.071,29.1242
16111,39261,2016-02-07 05:35:00.000000 UTC,39250,24.0742,27.997
39261,29093,2016-02-16 21:20:00.000000 UTC,29590,24.075,23.9275
29093,39261,2016-02-02 04:45:00.000000 UTC,39190,24.0774,27.067
16111,29093,2016-02-07 02:31:40.000000 UTC,22930,24.079,24.1449
29093,28255,2016-02-03 02:50:00.000000 UTC,38710,24.0808,28.1862
39261,28255,2016-02-12 13:31:40.000000 UTC,8290,24.0817,24.3293
16111,39261,2016-02-08 02:10:00.000000 UTC,19390,24.0821,27.6766
28255,39261,2016-02-20 09:01:40.000000 UTC,29650,24.0829,24.0705
29093,28255,2016-02-01 02:55:00.000000 UTC,56650,24.083,30.8387
16111,39261,2016-02-07 12:00:00.000000 UTC,55030,24.084,27.3153
29093,16111,2016-02-01 04:45:00.000000 UTC,51370,24.0841,29.3111
28255,29093,2016-02-20 05:40:00.000000 UTC,6910,24.0841,25.4637
39261,28255,2016-02-13 07:35:00.000000 UTC,22210,24.0859,28.9733
29093,28255,2016-02-01 16:31:40.000000 UTC,52030,24.0861,27.5418
29093,28255,2016-02-01 00:16:40.000000 UTC,18310,24.0864,24.0775
28255,39261,2016-02-20 12:30:00.000000 UTC,28510,24.0864,24.1242
16111,28255,2016-02-07 15:10:00.000000 UTC,12790,24.0892,29.9445
39261,16111,2016-02-12 11:25:00.000000 UTC,5110,24.0908,26.1635
39261,16111,2016-02-12 11:46:40.000000 UTC,1270,24.0924,26.3403
29093,39261,2016-02-02 14:16:40.000000 UTC,38410,24.0928,28.5379
16111,39261,2016-02-06 17:31:40.000000 UTC,57730,24.0931,26.2489
28255,29093,2016-02-19 01:05:00.000000 UTC,53050,24.0932,29.5416
29093,28255,2016-02-01 01:15:00.000000 UTC,30310,24.0942,24.0892
28255,39261,2016-02-19 14:31:40.000000 UTC,21490,24.0942,24.1118
28255,16111,2016-02-18 11:31:40.000000 UTC,53650,24.0943,27.3746
16111,28255,2016-02-08 12:16:40.000000 UTC,9190,24.0951,24.0855
39261,16111,2016-02-12 16:16:40.000000 UTC,32170,24.0954,24.1698
28255,29093,2016-02-18 13:31:40.000000 UTC,23950,24.0956,24.1217
39261,29093,2016-02-17 09:50:00.000000 UTC,16510,24.0957,24.1081
39261,28255,2016-02-12 13:10:00.000000 UTC,52990,24.0959,29.8349
16111,29093,2016-02-09 18:30:00.000000 UTC,8890,24.0968,24.1921
39261,16111,2016-02-13 10:55:00.000000 UTC,38470,24.0968,24.4084
16111,29093,2016-02-06 18:05:00.000000 UTC,11050,24.0974,26.5168
16111,28255,2016-02-12 02:50:00.000000 UTC,29890,24.0977,24.1075
39261,16111,2016-02-15 14:01:40.000000 UTC,55330,24.0981,29.8688
16111,29093,2016-02-07 15:10:00.000000 UTC,34690,24.1024,24.1215
39261,28255,2016-02-13 15:45:00.000000 UTC,38290,24.1029,24.4873
29093,28255,2016-02-03 04:31:40.000000 UTC,23350,24.1032,24.163
28255,29093,2016-02-20 23:35:00.000000 UTC,16750,24.1049,24.1107
39261,16111,2016-02-14 08:55:00.000000 UTC,46090,24.105,29.275
29093,28255,2016-02-02 17:15:00.000000 UTC,31150,24.106,26.5454
29093,28255,2016-02-01 06:25:00.000000 UTC,24250,24.1076,24.1001
16111,29093,2016-02-07 07:16:40.000000 UTC,11410,24.1081,26.276
28255,39261,2016-02-23 03:20:00.000000 UTC,54670,24.1102,27.5921
28255,16111,2016-02-18 05:45:00.000000 UTC,6250,24.1111,24.2232
29093,39261,2016-02-01 02:10:00.000000 UTC,56410,24.1119,27.8867
29093,28255,2016-02-01 05:16:40.000000 UTC,12070,24.1129,24.2165
28255,29093,2016-02-20 21:40:00.000000 UTC,58210,24.1134,27.3501
16111,28255,2016-02-07 23:31:40.000000 UTC,36130,24.1152,24.1632
39261,16111,2016-02-15 04:10:00.000000 UTC,15310,24.1168,28.6295
16111,28255,2016-02-08 22:01:40.000000 UTC,58870,24.1172,27.0789
29093,39261,2016-02-01 00:46:40.000000 UTC,37690,24.1184,28.2148
39261,29093,2016-02-16 02:46:40.000000 UTC,7810,24.12,28.0343
29093,39261,2016-02-04 13:35:00.000000 UTC,50230,24.1212,27.9194
29093,28255,2016-02-01 00:00:00.000000 UTC,46990,24.1224,24.2975
28255,16111,2016-02-20 07:20:00.000000 UTC,6310,24.1224,24.1051
28255,29093,2016-02-19 08:00:00.000000 UTC,5590,24.1225,24.7904
16111,39261,2016-02-09 10:40:00.000000 UTC,40450,24.1228,27.2859
16111,39261,2016-02-11 06:16:40.000000 UTC,10330,24.1229,25.5626
28255,39261,2016-02-18 10:55:00.000000 UTC,49570,24.1239,28.3128
28255,16111,2016-02-18 16:35:00.000000 UTC,56590,24.1253,30.843
29093,28255,2016-02-01 03:46:40.000000 UTC,17710,24.1258,24.2238
39261,28255,2016-02-14 10:31:40.000000 UTC,35350,24.1258,27.8943
16111,28255,2016-02-10 11:30:00.000000 UTC,31630,24.1273,27.6303
29093,16111,2016-02-01 00:00:00.000000 UTC,54490,24.1278,28.913
16111,39261,2016-02-06 21:16:40.000000 UTC,50650,24.1291,27.8853
28255,39261,2016-02-18 10:20:00.000000 UTC,32470,24.1291,24.1143
28255,16111,2016-02-18 05:45:00.000000 UTC,53470,24.1294,30.7774
28255,29093,2016-02-18 06:01:40.000000 UTC,56890,24.1321,29.3603
28255,39261,2016-02-18 18:16:40.000000 UTC,28990,24.1324,27.8819
39261,16111,2016-02-12 20:45:00.000000 UTC,36730,24.133,23.7701
16111,28255,2016-02-06 19:01:40.000000 UTC,49150,24.1339,28.276
29093,28255,2016-02-02 20:20:00.000000 UTC,27490,24.136,24.1162
16111,39261,2016-02-12 05:31:40.000000 UTC,47410,24.1374,27.7012
28255,16111,2016-02-18 10:55:00.000000 UTC,28090,24.138,27.1518
16111,28255,2016-02-08 04:55:00.000000 UTC,31330,24.1395,24.4999
29093,39261,2016-02-01 00:46:40.000000 UTC,43750,24.1399,28.2977
28255,29093,2016-02-19 21:45:00.000000 UTC,54670,24.1414,29.1503
39261,28255,2016-02-14 12:10:00.000000 UTC,41350,24.1425,27.737
39261,16111,2016-02-13 19:40:00.000000 UTC,36190,24.1442,24.1444
16111,29093,2016-02-08 17:01:40.000000 UTC,42070,24.1447,25.858
28255,29093,2016-02-20 14:16:40.000000 UTC,42910,24.1472,27.4561
39261,16111,2016-02-13 10:55:00.000000 UTC,8230,24.1483,26.6832
39261,28255,2016-02-15 18:10:00.000000 UTC,22930,24.1483,24.2441
28255,39261,2016-02-21 11:40:00.000000 UTC,6730,24.1484,24.3226
29093,28255,2016-02-02 21:55:00.000000 UTC,54010,24.1486,29.5799
28255,29093,2016-02-19 04:25:00.000000 UTC,58030,24.149,29.6081
29093,28255,2016-02-03 19:05:00.000000 UTC,52210,24.1493,30.6739
16111,39261,2016-02-09 20:31:40.000000 UTC,11170,24.1499,24.2641
29093,16111,2016-02-01 19:31:40.000000 UTC,37270,24.1501,28.7547
16111,28255,2016-02-09 01:30:00.000000 UTC,49390,24.1501,25.5195
39261,29093,2016-02-16 02:46:40.000000 UTC,49870,24.1502,28.6868
29093,39261,2016-02-01 14:40:00.000000 UTC,54070,24.1517,26.1549
29093,28255,2016-02-04 20:15:00.000000 UTC,24430,24.1548,24.1702
16111,28255,2016-02-09 18:30:00.000000 UTC,42130,24.1585,27.5011
29093,39261,2016-02-02 14:16:40.000000 UTC,56530,24.1586,29.063
16111,39261,2016-02-06 17:35:00.000000 UTC,51970,24.1595,27.0124
39261,28255,2016-02-12 15:45:00.000000 UTC,40270,24.1617,28.0744
16111,39261,2016-02-11 01:25:00.000000 UTC,24310,24.1621,28.6981
28255,16111,2016-02-23 13:50:00.000000 UTC,27850,24.1621,24.0388
16111,39261,2016-02-07 04:00:00.000000 UTC,16990,24.1626,24.2732
16111,28255,2016-02-06 17:35:00.000000 UTC,24190,24.1648,24.2208
28255,39261,2016-02-22 00:45:00.000000 UTC,30070,24.1652,24.1817
16111,39261,2016-02-09 20:31:40.000000 UTC,24550,24.1694,24.072
39261,29093,2016-02-13 18:20:00.000000 UTC,41770,24.1721,25.2676
29093,28255,2016-02-05 00:50:00.000000 UTC,32530,24.1724,24.16
29093,28255,2016-02-05 07:55:00.000000 UTC,38290,24.1734,27.1511
16111,28255,2016-02-08 06:20:00.000000 UTC,9250,24.1741,24.9797
29093,39261,2016-02-01 19:31:40.000000 UTC,39550,24.1753,28.307
29093,16111,2016-02-04 11:25:00.000000 UTC,23530,24.1756,24.1614
39261,28255,2016-02-12 12:15:00.000000 UTC,49570,24.1758,27.2254
39261,29093,2016-02-12 15:45:00.000000 UTC,52390,24.1776,29.9968
28255,29093,2016-02-22 03:01:40.000000 UTC,58870,24.1778,29.8925
39261,29093,2016-02-14 10:31:40.000000 UTC,37030,24.1795,28.182
29093,28255,2016-02-01 07:01:40.000000 UTC,38410,24.1813,28.1282
29093,28255,2016-02-06 12:01:40.000000 UTC,59950,24.1839,31.0621
16111,29093,2016-02-06 22:46:40.000000 UTC,56230,24.1842,27.5424
16111,29093,2016-02-12 05:31:40.000000 UTC,39130,24.1845,27.8117
29093,28255,2016-02-05 05:31:40.000000 UTC,29290,24.1846,29.6806
29093,28255,2016-02-04 20:15:00.000000 UTC,54370,24.1861,25.1157
29093,28255,2016-02-02 15:45:00.000000 UTC,46270,24.1873,30.4987
28255,39261,2016-02-18 08:16:40.000000 UTC,58570,24.1873,28.2054
29093,39261,2016-02-01 00:46:40.000000 UTC,38890,24.1874,23.7372
29093,39261,2016-02-05 05:31:40.000000 UTC,45610,24.1879,27.5979
28255,39261,2016-02-18 19:10:00.000000 UTC,59110,24.188,28.3848
29093,16111,2016-02-05 07:55:00.000000 UTC,43510,24.1885,28.3775
29093,28255,2016-02-01 03:46:40.000000 UTC,17230,24.1891,26.7153
16111,39261,2016-02-08 03:31:40.000000 UTC,13030,24.1893,24.265
16111,28255,2016-02-12 05:31:40.000000 UTC,20350,24.1898,26.6448
28255,29093,2016-02-18 10:55:00.000000 UTC,56170,24.1922,28.6709
28255,29093,2016-02-23 19:15:00.000000 UTC,27670,24.1922,27.215
28255,16111,2016-02-23 11:10:00.000000 UTC,59770,24.1925,29.55
29093,28255,2016-02-01 05:16:40.000000 UTC,47710,24.1931,26.0545
39261,28255,2016-02-14 15:31:40.000000 UTC,41170,24.1936,27.8427
39261,28255,2016-02-12 13:31:40.000000 UTC,14230,24.1938,24.2205
29093,28255,2016-02-03 19:05:00.000000 UTC,24490,24.1949,27.0834
16111,28255,2016-02-06 19:01:40.000000 UTC,43150,24.1961,27.9973
29093,28255,2016-02-01 02:31:40.000000 UTC,54670,24.1998,26.2829
28255,39261,2016-02-19 15:55:00.000000 UTC,53350,24.2007,26.4007
28255,39261,2016-02-20 07:20:00.000000 UTC,4030,24.2013,24.8814
39261,28255,2016-02-15 22:25:00.000000 UTC,55690,24.2021,30.2886
28255,16111,2016-02-22 07:40:00.000000 UTC,49330,24.2027,28.7951
16111,29093,2016-02-09 10:40:00.000000 UTC,32050,24.2034,28.4744
16111,28255,2016-02-07 02:31:40.000000 UTC,25030,24.2069,24.1615
39261,16111,2016-02-14 10:31:40.000000 UTC,36850,24.2076,28.2965
29093,28255,2016-02-02 23:31:40.000000 UTC,54010,24.2086,30.8991
28255,39261,2016-02-18 07:50:00.000000 UTC,33550,24.2094,24.1972
39261,28255,2016-02-17 23:01:40.000000 UTC,56110,24.2099,26.9657
29093,28255,2016-02-05 03:10:00.000000 UTC,58930,24.2107,31.0071
29093,28255,2016-02-02 04:45:00.000000 UTC,50050,24.2126,30.7893
39261,29093,2016-02-16 18:55:00.000000 UTC,26590,24.2128,28.3254
29093,28255,2016-02-01 00:25:00.000000 UTC,28990,24.2152,24.2782
39261,29093,2016-02-13 14:30:00.000000 UTC,52870,24.2171,29.1405
16111,39261,2016-02-07 05:35:00.000000 UTC,3070,24.2172,25.1159
16111,29093,2016-02-11 01:25:00.000000 UTC,58750,24.2176,27.5267
16111,29093,2016-02-08 23:45:00.000000 UTC,59710,24.2177,28.5488
16111,29093,2016-02-07 17:25:00.000000 UTC,17590,24.2183,24.7475
28255,39261,2016-02-18 08:16:40.000000 UTC,19750,24.219,26.4088
16111,28255,2016-02-09 22:35:00.000000 UTC,24610,24.2196,24.2353
16111,39261,2016-02-06 21:45:00.000000 UTC,16630,24.2211,24.1913
39261,28255,2016-02-12 23:55:00.000000 UTC,38890,24.2213,24.2556
28255,16111,2016-02-18 10:20:00.000000 UTC,16510,24.2213,24.3873
28255,29093,2016-02-21 03:30:00.000000 UTC,48910,24.2218,28.5616
39261,16111,2016-02-16 00:35:00.000000 UTC,28870,24.2221,24.1986
28255,29093,2016-02-20 00:50:00.000000 UTC,53230,24.2226,30.6334
29093,28255,2016-02-01 04:45:00.000000 UTC,58630,24.2249,29.115
29093,28255,2016-02-03 11:35:00.000000 UTC,18910,24.2251,24.2602
29093,28255,2016-02-03 02:50:00.000000 UTC,12250,24.2252,29.5959
16111,28255,2016-02-08 20:20:00.000000 UTC,11110,24.2253,24.206
39261,16111,2016-02-18 04:30:00.000000 UTC,9730,24.2268,24.2716
28255,39261,2016-02-18 19:10:00.000000 UTC,53050,24.2305,28.1814
28255,39261,2016-02-23 08:31:40.000000 UTC,42430,24.2319,28.3754
39261,28255,2016-02-16 21:20:00.000000 UTC,59170,24.2326,26.3629
39261,29093,2016-02-14 08:55:00.000000 UTC,17410,24.2348,26.3767
29093,28255,2016-02-03 19:05:00.000000 UTC,42790,24.2362,25.9803
29093,39261,2016-02-01 00:46:40.000000 UTC,27790,24.2394,24.2641
28255,39261,2016-02-18 07:25:00.000000 UTC,39490,24.2394,24.2262
29093,28255,2016-02-04 01:00:00.000000 UTC,15790,24.2409,24.2187
16111,28255,2016-02-11 13:46:40.000000 UTC,56350,24.2434,26.3422
16111,29093,2016-02-11 08:45:00.000000 UTC,58810,24.2438,28.1024
16111,28255,2016-02-09 10:40:00.000000 UTC,27130,24.2453,17.5668
29093,16111,2016-02-04 18:00:00.000000 UTC,18310,24.2475,26.9344
16111,39261,2016-02-12 05:31:40.000000 UTC,23230,24.2493,26.8629
39261,28255,2016-02-12 12:50:00.000000 UTC,26230,24.2496,24.2451
29093,28255,2016-02-01 19:31:40.000000 UTC,33070,24.2504,24.3491
16111,29093,2016-02-06 20:50:00.000000 UTC,29470,24.2506,24.2608
28255,39261,2016-02-23 05:55:00.000000 UTC,25210,24.251,24.2997
16111,28255,2016-02-06 23:55:00.000000 UTC,19630,24.2518,23.2113
16111,28255,2016-02-12 02:50:00.000000 UTC,53710,24.2527,25.3834
28255,16111,2016-02-18 16:35:00.000000 UTC,49270,24.2535,28.2012
39261,28255,2016-02-12 20:01:40.000000 UTC,39070,24.2544,24.2561
28255,29093,2016-02-20 21:40:00.000000 UTC,41710,24.2584,28.2212
39261,28255,2016-02-17 15:01:40.000000 UTC,15070,24.2593,24.3489
39261,28255,2016-02-14 10:31:40.000000 UTC,56230,24.2598,28.0096
39261,28255,2016-02-12 13:10:00.000000 UTC,15670,24.2609,23.8306
29093,39261,2016-02-01 02:55:00.000000 UTC,57130,24.2617,26
29093,28255,2016-02-01 00:00:00.000000 UTC,7210,24.2619,27.9691
29093,39261,2016-02-05 12:46:40.000000 UTC,25810,24.2624,26.5484
39261,16111,2016-02-16 02:46:40.000000 UTC,34450,24.2628,26.9691
39261,16111,2016-02-12 23:05:00.000000 UTC,57910,24.2634,27.0155
28255,39261,2016-02-18 04:31:40.000000 UTC,47170,24.2634,29.8104
16111,39261,2016-02-07 05:35:00.000000 UTC,29590,24.2642,24.3084
29093,28255,2016-02-03 23:00:00.000000 UTC,55570,24.2653,26.3588
29093,39261,2016-02-02 10:01:40.000000 UTC,24310,24.2656,24.2295
28255,16111,2016-02-19 13:10:00.000000 UTC,42610,24.2656,25.9466
39261,28255,2016-02-17 17:40:00.000000 UTC,34150,24.2668,24.2
28255,39261,2016-02-21 03:30:00.000000 UTC,30910,24.2694,26.1212
28255,39261,2016-02-18 19:10:00.000000 UTC,46990,24.2703,27.9541
16111,28255,2016-02-09 06:55:00.000000 UTC,57190,24.2705,27.7988
39261,28255,2016-02-12 12:15:00.000000 UTC,41830,24.2719,25.8084
29093,28255,2016-02-02 08:40:00.000000 UTC,58990,24.2723,27.8207
39261,29093,2016-02-13 08:40:00.000000 UTC,17230,24.273,24.2367
16111,28255,2016-02-10 02:46:40.000000 UTC,36370,24.2749,24.3574
16111,39261,2016-02-11 06:16:40.000000 UTC,55810,24.2749,29.2848
29093,39261,2016-02-06 12:01:40.000000 UTC,17170,24.275,27.4438
29093,39261,2016-02-01 02:10:00.000000 UTC,14830,24.2758,24.026
28255,16111,2016-02-18 15:00:00.000000 UTC,30190,24.2769,27.875
29093,28255,2016-02-03 15:16:40.000000 UTC,14950,24.2771,29.2204
39261,16111,2016-02-17 02:15:00.000000 UTC,53530,24.2781,28.9861
28255,16111,2016-02-19 20:15:00.000000 UTC,53710,24.2805,26.2795
16111,39261,2016-02-07 17:25:00.000000 UTC,50590,24.2812,27.0271
28255,29093,2016-02-18 09:46:40.000000 UTC,34750,24.2815,24.7677
29093,39261,2016-02-03 11:35:00.000000 UTC,11350,24.2817,24.2854
28255,29093,2016-02-22 12:25:00.000000 UTC,59890,24.2829,26.6539
39261,16111,2016-02-16 11:50:00.000000 UTC,14830,24.2841,24.3859
39261,28255,2016-02-12 11:35:00.000000 UTC,32290,24.286,24.3101
39261,16111,2016-02-12 16:50:00.000000 UTC,47230,24.2878,29.9739
28255,16111,2016-02-19 23:16:40.000000 UTC,47890,24.2885,27.7699
29093,28255,2016-02-02 12:50:00.000000 UTC,25990,24.2896,24.3277
28255,29093,2016-02-23 05:55:00.000000 UTC,55990,24.2897,28.096
16111,28255,2016-02-07 01:50:00.000000 UTC,12550,24.291,26.0801
28255,39261,2016-02-20 14:16:40.000000 UTC,41830,24.2921,24.3261
16111,28255,2016-02-10 18:20:00.000000 UTC,13750,24.2935,25.4209
28255,16111,2016-02-19 11:50:00.000000 UTC,26290,24.2946,24.3075
29093,28255,2016-02-03 08:00:00.000000 UTC,26350,24.295,28.2306
16111,39261,2016-02-10 16:01:40.000000 UTC,28810,24.297,24.367
39261,29093,2016-02-13 05:30:00.000000 UTC,33670,24.297,24.2829
28255,39261,2016-02-20 12:30:00.000000 UTC,36550,24.297,27.2084
39261,16111,2016-02-12 18:40:00.000000 UTC,9070,24.2983,23.9627
29093,28255,2016-02-06 12:01:40.000000 UTC,53890,24.2993,30.8356
16111,39261,2016-02-07 01:10:00.000000 UTC,54370,24.2993,27.8766
39261,16111,2016-02-13 06:31:40.000000 UTC,5890,24.2995,24.4007
29093,28255,2016-02-06 14:45:00.000000 UTC,22810,24.2996,24.3002
28255,29093,2016-02-21 22:30:00.000000 UTC,36490,24.2998,27.155
16111,39261,2016-02-12 11:00:00.000000 UTC,12550,24.3006,26.3618
16111,29093,2016-02-11 13:46:40.000000 UTC,48010,24.3011,26.4673
39261,29093,2016-02-17 15:01:40.000000 UTC,9670,24.3027,24.3572
28255,16111,2016-02-19 15:55:00.000000 UTC,38290,24.3072,27.2929
28255,39261,2016-02-18 14:15:00.000000 UTC,43570,24.3076,28.4485
16111,39261,2016-02-09 06:55:00.000000 UTC,45310,24.3079,27.1818
39261,29093,2016-02-16 11:50:00.000000 UTC,17410,24.3083,29.5244
28255,16111,2016-02-18 08:16:40.000000 UTC,52870,24.3087,30.7288
29093,39261,2016-02-03 02:50:00.000000 UTC,47530,24.3111,28.448
39261,29093,2016-02-12 14:46:40.000000 UTC,22930,24.3114,29.7851
28255,16111,2016-02-18 07:25:00.000000 UTC,27070,24.3124,24.3138
16111,39261,2016-02-08 03:31:40.000000 UTC,18550,24.3129,20.632
16111,28255,2016-02-08 23:45:00.000000 UTC,59110,24.313,27.6412
28255,29093,2016-02-21 11:40:00.000000 UTC,3070,24.3131,24.4282
29093,39261,2016-02-04 09:16:40.000000 UTC,58630,24.3138,27.585
29093,28255,2016-02-04 20:15:00.000000 UTC,9010,24.3148,28.9249
39261,29093,2016-02-16 11:50:00.000000 UTC,36850,24.315,27.2298
39261,28255,2016-02-13 19:40:00.000000 UTC,18910,24.3156,24.2937
28255,29093,2016-02-18 19:10:00.000000 UTC,38650,24.3167,24.3064
39261,28255,2016-02-13 18:20:00.000000 UTC,43030,24.3174,24.3818
29093,28255,2016-02-06 01:25:00.000000 UTC,24610,24.319,24.3005
39261,16111,2016-02-12 11:35:00.000000 UTC,26890,24.3205,28.0271
28255,29093,2016-02-18 04:30:00.000000 UTC,20170,24.3205,24.264
16111,28255,2016-02-06 22:46:40.000000 UTC,31270,24.3227,24.3214
39261,29093,2016-02-12 12:15:00.000000 UTC,48490,24.3239,27.3998
28255,39261,2016-02-20 14:16:40.000000 UTC,51670,24.3264,28.5911
29093,16111,2016-02-01 00:35:00.000000 UTC,30190,24.3283,24.3994
16111,28255,2016-02-06 17:30:00.000000 UTC,51670,24.3299,28.9144
28255,29093,2016-02-22 12:25:00.000000 UTC,20650,24.3304,24.3336
16111,28255,2016-02-06 17:30:00.000000 UTC,46870,24.3321,24.7069
39261,28255,2016-02-15 00:25:00.000000 UTC,59590,24.3321,25.1881
39261,28255,2016-02-17 07:16:40.000000 UTC,40510,24.3327,24.3511
29093,28255,2016-02-04 22:31:40.000000 UTC,18430,24.3336,26.8393
39261,28255,2016-02-13 02:35:00.000000 UTC,48910,24.3338,27.3886
29093,28255,2016-02-05 00:50:00.000000 UTC,48610,24.334,27.7354
28255,39261,2016-02-18 17:25:00.000000 UTC,32710,24.3366,24.3533
16111,39261,2016-02-10 16:01:40.000000 UTC,34930,24.3367,24.344
16111,28255,2016-02-07 07:16:40.000000 UTC,49390,24.3369,27.7028
28255,29093,2016-02-20 12:30:00.000000 UTC,32110,24.3375,27.461
39261,28255,2016-02-12 13:10:00.000000 UTC,14230,24.3376,24.3786
39261,29093,2016-02-13 10:55:00.000000 UTC,31810,24.3395,26.6808
28255,16111,2016-02-21 03:30:00.000000 UTC,55690,24.34,28.7774
28255,16111,2016-02-22 17:16:40.000000 UTC,31390,24.3401,24.3466
16111,28255,2016-02-07 23:31:40.000000 UTC,31210,24.341,24.3468
29093,28255,2016-02-04 11:25:00.000000 UTC,2350,24.3419,24.8868
28255,39261,2016-02-18 09:15:00.000000 UTC,33670,24.3419,24.4533
29093,28255,2016-02-01 00:01:40.000000 UTC,10390,24.3425,27.1446
29093,16111,2016-02-04 15:46:40.000000 UTC,59230,24.345,17.4016
29093,39261,2016-02-03 15:16:40.000000 UTC,36610,24.3461,24.376
16111,28255,2016-02-06 19:40:00.000000 UTC,30550,24.3465,24.3624
28255,16111,2016-02-21 22:30:00.000000 UTC,54370,24.3473,28.8251
28255,39261,2016-02-21 13:46:40.000000 UTC,41770,24.3474,24.3436
39261,29093,2016-02-13 23:50:00.000000 UTC,13630,24.3475,24.3883
28255,16111,2016-02-20 14:16:40.000000 UTC,33250,24.3479,26.8912
39261,16111,2016-02-14 15:31:40.000000 UTC,49630,24.3493,28.4875
39261,29093,2016-02-12 11:35:00.000000 UTC,32290,24.3495,24.3468
16111,28255,2016-02-07 23:31:40.000000 UTC,37090,24.3517,24.365
29093,39261,2016-02-02 18:46:40.000000 UTC,58810,24.3518,31.2247
39261,16111,2016-02-12 18:01:40.000000 UTC,31450,24.3522,25.4009
39261,16111,2016-02-16 02:46:40.000000 UTC,33850,24.3538,24.3556
16111,28255,2016-02-09 05:05:00.000000 UTC,46150,24.3567,30.564
28255,16111,2016-02-19 23:16:40.000000 UTC,12070,24.3569,26.7199
16111,39261,2016-02-07 17:25:00.000000 UTC,59110,24.3579,28.4792
39261,16111,2016-02-12 11:01:40.000000 UTC,1450,24.3585,25.8954
16111,29093,2016-02-08 18:40:00.000000 UTC,23950,24.3587,24.3427
29093,39261,2016-02-01 07:01:40.000000 UTC,39310,24.3598,28.1967
28255,29093,2016-02-23 05:55:00.000000 UTC,47590,24.3608,28.9689
39261,16111,2016-02-14 08:55:00.000000 UTC,26950,24.3647,24.383
28255,29093,2016-02-18 05:05:00.000000 UTC,46150,24.365,28.34
39261,29093,2016-02-17 09:50:00.000000 UTC,20770,24.3661,24.5663
39261,29093,2016-02-16 09:31:40.000000 UTC,33430,24.3664,24.3594
16111,39261,2016-02-09 18:30:00.000000 UTC,18550,24.3672,26.9076
16111,28255,2016-02-10 11:30:00.000000 UTC,58090,24.3674,27.8915
39261,28255,2016-02-14 01:16:40.000000 UTC,9190,24.3676,28.4395
39261,28255,2016-02-13 19:40:00.000000 UTC,38110,24.3683,24.3718
28255,16111,2016-02-18 13:31:40.000000 UTC,26890,24.3691,24.3961
39261,28255,2016-02-14 08:55:00.000000 UTC,20110,24.3704,25.5522
29093,16111,2016-02-01 21:40:00.000000 UTC,46270,24.3718,25.8732
16111,28255,2016-02-10 18:20:00.000000 UTC,28030,24.3718,24.403
16111,39261,2016-02-06 21:45:00.000000 UTC,10570,24.373,24.3304
16111,28255,2016-02-07 04:46:40.000000 UTC,25510,24.3738,24.3858
39261,16111,2016-02-15 04:10:00.000000 UTC,18010,24.3738,26.7442
29093,28255,2016-02-01 00:05:00.000000 UTC,16570,24.3746,26.0945
39261,29093,2016-02-15 14:01:40.000000 UTC,13990,24.3748,26.658
16111,28255,2016-02-10 13:45:00.000000 UTC,14530,24.3751,26.6748
29093,16111,2016-02-05 12:46:40.000000 UTC,59950,24.3764,29.3637
29093,28255,2016-02-01 02:31:40.000000 UTC,35470,24.3775,24.3872
39261,16111,2016-02-12 20:01:40.000000 UTC,46870,24.3779,28.8603
16111,29093,2016-02-07 00:31:40.000000 UTC,51130,24.3784,25.3912
29093,39261,2016-02-01 05:16:40.000000 UTC,16990,24.3806,24.3232
16111,29093,2016-02-06 19:01:40.000000 UTC,38710,24.381,28.6598
29093,28255,2016-02-05 20:16:40.000000 UTC,24850,24.3814,24.3369
29093,28255,2016-02-01 14:40:00.000000 UTC,59050,24.3815,31.0615
16111,28255,2016-02-06 19:40:00.000000 UTC,29350,24.382,24.457
16111,28255,2016-02-09 10:40:00.000000 UTC,17110,24.3823,29.3327
29093,39261,2016-02-05 03:10:00.000000 UTC,33670,24.3826,24.4454
16111,39261,2016-02-07 02:31:40.000000 UTC,34690,24.3829,24.9196
28255,16111,2016-02-19 03:16:40.000000 UTC,49990,24.3832,27.7856
28255,39261,2016-02-18 20:05:00.000000 UTC,10270,24.3848,25.1459
39261,29093,2016-02-12 12:15:00.000000 UTC,38770,24.3855,24.4059
28255,16111,2016-02-21 03:30:00.000000 UTC,44470,24.3855,28.6279
29093,28255,2016-02-03 21:01:40.000000 UTC,7570,24.3859,24.4827
16111,29093,2016-02-09 06:55:00.000000 UTC,8770,24.3869,25.4019
16111,39261,2016-02-10 11:30:00.000000 UTC,54010,24.3894,29.0656
39261,28255,2016-02-14 02:45:00.000000 UTC,30430,24.3902,25.1702
28255,16111,2016-02-19 17:20:00.000000 UTC,24730,24.3905,26.0044
39261,29093,2016-02-12 11:01:40.000000 UTC,16810,24.3907,24.4172
28255,39261,2016-02-18 07:25:00.000000 UTC,13750,24.3917,26.0901
16111,28255,2016-02-09 14:31:40.000000 UTC,17890,24.3918,28.8253
29093,16111,2016-02-02 07:20:00.000000 UTC,50710,24.3922,29.2438
39261,29093,2016-02-17 09:50:00.000000 UTC,11110,24.3939,25.6116
29093,28255,2016-02-01 03:20:00.000000 UTC,13090,24.395,24.5926
29093,39261,2016-02-02 01:05:00.000000 UTC,28030,24.3977,24.4297
29093,28255,2016-02-01 07:40:00.000000 UTC,4270,24.3998,26.412
28255,29093,2016-02-21 22:30:00.000000 UTC,24730,24.4004,24.3627
29093,28255,2016-02-01 09:45:00.000000 UTC,8410,24.4017,24.2468
29093,28255,2016-02-04 22:31:40.000000 UTC,39370,24.4022,29.2652
29093,39261,2016-02-03 02:50:00.000000 UTC,35110,24.4026,26.9432
28255,39261,2016-02-18 19:10:00.000000 UTC,46030,24.4028,24.5516
16111,39261,2016-02-09 05:05:00.000000 UTC,48490,24.4036,27.4487
29093,28255,2016-02-01 19:31:40.000000 UTC,38110,24.4042,28.0876
28255,16111,2016-02-18 12:10:00.000000 UTC,14770,24.4055,24.384
28255,39261,2016-02-18 23:00:00.000000 UTC,40150,24.4056,24.2944
29093,16111,2016-02-01 04:45:00.000000 UTC,45730,24.4065,29.3065
39261,28255,2016-02-14 12:10:00.000000 UTC,8710,24.4065,28.1743
29093,39261,2016-02-01 00:46:40.000000 UTC,10810,24.4067,29.0403
29093,16111,2016-02-01 07:01:40.000000 UTC,9790,24.4079,29.4052
28255,29093,2016-02-18 05:05:00.000000 UTC,49390,24.408,29.6012
39261,29093,2016-02-17 12:25:00.000000 UTC,32650,24.4102,24.419
29093,28255,2016-02-01 01:00:00.000000 UTC,51310,24.4105,30.157
16111,39261,2016-02-11 01:25:00.000000 UTC,58990,24.4119,31.1802
16111,39261,2016-02-11 01:25:00.000000 UTC,55150,24.4121,27.2279
28255,39261,2016-02-21 07:31:40.000000 UTC,37750,24.4123,28.3735
16111,39261,2016-02-07 06:25:00.000000 UTC,53650,24.4129,26.5598
16111,28255,2016-02-06 17:55:00.000000 UTC,28930,24.4137,24.3982
16111,29093,2016-02-12 05:31:40.000000 UTC,44770,24.4144,28.0246
29093,28255,2016-02-04 20:15:00.000000 UTC,31630,24.4148,24.4094
16111,39261,2016-02-09 01:30:00.000000 UTC,29950,24.4156,24.3808
28255,29093,2016-02-20 04:01:40.000000 UTC,31990,24.4158,24.3933
16111,39261,2016-02-07 01:50:00.000000 UTC,4330,24.4169,24.759
29093,28255,2016-02-02 04:45:00.000000 UTC,55990,24.4171,30.9242
28255,39261,2016-02-19 13:10:00.000000 UTC,33550,24.4183,24.4316
28255,39261,2016-02-20 14:16:40.000000 UTC,45610,24.4197,28.5198
39261,28255,2016-02-12 22:16:40.000000 UTC,52930,24.421,30.4545
16111,28255,2016-02-11 21:31:40.000000 UTC,49630,24.4226,30.6629
16111,29093,2016-02-06 17:35:00.000000 UTC,35410,24.4231,26.4387
28255,29093,2016-02-23 19:15:00.000000 UTC,10210,24.4242,24.4561
28255,29093,2016-02-18 11:31:40.000000 UTC,28750,24.4243,24.4808
28255,29093,2016-02-19 02:10:00.000000 UTC,25810,24.4259,24.4265
28255,16111,2016-02-19 06:46:40.000000 UTC,18070,24.4269,27.2401
29093,39261,2016-02-05 12:46:40.000000 UTC,53110,24.427,28.9401
39261,28255,2016-02-17 02:15:00.000000 UTC,28990,24.4292,24.4905
28255,39261,2016-02-19 17:20:00.000000 UTC,33730,24.43,24.4523
16111,28255,2016-02-06 20:25:00.000000 UTC,44590,24.4303,30.445
16111,28255,2016-02-06 17:55:00.000000 UTC,40990,24.4304,24.4842
29093,39261,2016-02-02 20:20:00.000000 UTC,17170,24.4311,28.9359
16111,28255,2016-02-08 15:25:00.000000 UTC,4030,24.4312,24.3799
29093,28255,2016-02-03 23:00:00.000000 UTC,31930,24.4329,24.5264
28255,39261,2016-02-22 07:40:00.000000 UTC,59530,24.4338,28.5953
28255,29093,2016-02-22 03:01:40.000000 UTC,29350,24.4349,24.2501
16111,29093,2016-02-07 08:10:00.000000 UTC,53410,24.4351,29.4014
28255,39261,2016-02-18 12:50:00.000000 UTC,21910,24.4358,24.4256
16111,28255,2016-02-11 16:20:00.000000 UTC,56110,24.4374,29.0243
16111,29093,2016-02-07 01:10:00.000000 UTC,34270,24.4376,24.3867
16111,39261,2016-02-07 23:31:40.000000 UTC,4270,24.4376,25.5284
16111,29093,2016-02-06 17:35:00.000000 UTC,6910,24.4382,24.5514
29093,16111,2016-02-03 13:25:00.000000 UTC,22930,24.4388,24.4385
29093,16111,2016-02-01 07:01:40.000000 UTC,34690,24.4399,28.4887
39261,28255,2016-02-16 14:10:00.000000 UTC,29470,24.4401,24.4214
28255,29093,2016-02-21 20:16:40.000000 UTC,25150,24.4403,24.3492
16111,29093,2016-02-06 17:30:00.000000 UTC,44230,24.4412,29.0127
29093,28255,2016-02-02 01:05:00.000000 UTC,29470,24.4418,24.5405
28255,39261,2016-02-21 15:55:00.000000 UTC,55810,24.4444,27.7694
39261,28255,2016-02-12 18:01:40.000000 UTC,31810,24.4451,25.2705
16111,29093,2016-02-08 22:01:40.000000 UTC,18310,24.4456,24.7663
29093,28255,2016-02-01 00:01:40.000000 UTC,51730,24.4467,28.8189
28255,39261,2016-02-19 18:46:40.000000 UTC,9550,24.4468,24.4631
29093,28255,2016-02-01 00:46:40.000000 UTC,43030,24.4471,28.1973
29093,28255,2016-02-01 02:10:00.000000 UTC,36430,24.4475,24.4671
29093,39261,2016-02-01 01:00:00.000000 UTC,14470,24.449,24.3537
39261,29093,2016-02-12 11:35:00.000000 UTC,39610,24.4497,27.2221
39261,28255,2016-02-12 12:15:00.000000 UTC,31990,24.4498,25.5237
28255,39261,2016-02-22 10:01:40.000000 UTC,38530,24.4499,27.4384
39261,28255,2016-02-13 22:25:00.000000 UTC,24730,24.4502,24.5915
39261,28255,2016-02-13 07:35:00.000000 UTC,35050,24.4511,26.8405
39261,16111,2016-02-13 07:35:00.000000 UTC,38710,24.4513,27.1553
29093,28255,2016-02-01 12:55:00.000000 UTC,7630,24.4522,24.7763
16111,28255,2016-02-06 19:40:00.000000 UTC,49330,24.4531,28.4706
39261,29093,2016-02-13 01:40:00.000000 UTC,20290,24.4534,29.4831
29093,28255,2016-02-01 00:01:40.000000 UTC,24730,24.4538,26.6258
39261,28255,2016-02-14 19:00:00.000000 UTC,1870,24.454,26.0533
28255,16111,2016-02-21 11:40:00.000000 UTC,26170,24.454,27.2658
28255,29093,2016-02-22 22:15:00.000000 UTC,35530,24.454,25.2983
29093,28255,2016-02-03 15:16:40.000000 UTC,24250,24.4551,24.5115
39261,29093,2016-02-12 12:00:00.000000 UTC,26470,24.4551,24.518
39261,28255,2016-02-13 17:01:40.000000 UTC,29770,24.4556,28.8177
28255,39261,2016-02-18 04:31:40.000000 UTC,19990,24.4557,24.3715
39261,28255,2016-02-14 13:50:00.000000 UTC,48190,24.4562,24.4962
29093,16111,2016-02-05 22:50:00.000000 UTC,28210,24.4577,24.4554
28255,16111,2016-02-19 15:55:00.000000 UTC,52390,24.4586,28.9757
29093,39261,2016-02-05 05:31:40.000000 UTC,15670,24.4589,26.2168
16111,29093,2016-02-11 13:46:40.000000 UTC,31390,24.459,24.4492
28255,39261,2016-02-18 11:31:40.000000 UTC,37990,24.4592,26.6191
29093,16111,2016-02-05 07:55:00.000000 UTC,27490,24.4595,24.5375
39261,29093,2016-02-13 10:55:00.000000 UTC,23710,24.461,29.7599
16111,39261,2016-02-09 14:31:40.000000 UTC,39790,24.4613,24.5627
39261,29093,2016-02-17 17:40:00.000000 UTC,36970,24.4615,24.4472
39261,16111,2016-02-13 04:30:00.000000 UTC,34510,24.4617,24.4301
28255,29093,2016-02-19 06:46:40.000000 UTC,55030,24.4633,28.456
16111,28255,2016-02-10 16:01:40.000000 UTC,57130,24.4644,26.3705
39261,28255,2016-02-15 00:25:00.000000 UTC,9490,24.4646,25.8966
29093,28255,2016-02-01 04:45:00.000000 UTC,22750,24.4655,28.8307
28255,29093,2016-02-18 15:00:00.000000 UTC,52690,24.466,28.7426
39261,28255,2016-02-15 22:25:00.000000 UTC,52810,24.4667,24.5844
28255,29093,2016-02-19 02:10:00.000000 UTC,37210,24.4668,24.4526
16111,39261,2016-02-06 20:25:00.000000 UTC,52210,24.4675,24.9328
28255,39261,2016-02-18 09:15:00.000000 UTC,8230,24.4675,24.0091
39261,29093,2016-02-12 12:15:00.000000 UTC,37210,24.4679,27.1146
16111,28255,2016-02-08 02:10:00.000000 UTC,37750,24.4689,24.4899
39261,28255,2016-02-14 10:31:40.000000 UTC,50230,24.4689,27.7618
28255,39261,2016-02-19 18:46:40.000000 UTC,27670,24.4691,24.4741
29093,39261,2016-02-01 21:40:00.000000 UTC,59410,24.4702,31.0427
29093,39261,2016-02-03 01:10:00.000000 UTC,40030,24.473,24.4913
16111,39261,2016-02-11 03:50:00.000000 UTC,44410,24.4731,24.4846
28255,39261,2016-02-18 09:15:00.000000 UTC,49510,24.4733,28.2838
16111,39261,2016-02-06 17:30:00.000000 UTC,37390,24.4743,27.8681
39261,28255,2016-02-14 19:00:00.000000 UTC,11950,24.4743,24.4616
16111,39261,2016-02-06 18:05:00.000000 UTC,44050,24.4746,26.5536
16111,39261,2016-02-06 17:35:00.000000 UTC,57610,24.4757,25.7434
29093,28255,2016-02-02 23:31:40.000000 UTC,53950,24.4773,30.8317
39261,28255,2016-02-12 23:05:00.000000 UTC,40930,24.4797,29.9149
16111,29093,2016-02-11 16:20:00.000000 UTC,41650,24.4802,29.1836
16111,28255,2016-02-10 09:16:40.000000 UTC,10150,24.4804,28.5366
39261,28255,2016-02-12 17:25:00.000000 UTC,16630,24.4806,28.7477
16111,28255,2016-02-07 23:31:40.000000 UTC,41830,24.481,25.5966
28255,16111,2016-02-20 12:30:00.000000 UTC,4030,24.4811,24.4101
29093,39261,2016-02-03 23:00:00.000000 UTC,38230,24.4827,25.9437
29093,16111,2016-02-04 20:15:00.000000 UTC,51910,24.4827,28.1569
16111,39261,2016-02-06 18:16:40.000000 UTC,40030,24.4835,26.4881
28255,39261,2016-02-18 15:00:00.000000 UTC,19690,24.4837,27.6309
16111,29093,2016-02-06 23:55:00.000000 UTC,7030,24.485,24.4196
28255,29093,2016-02-18 04:55:00.000000 UTC,52030,24.4869,27.7793
28255,29093,2016-02-18 15:00:00.000000 UTC,7750,24.4871,28.4686
28255,39261,2016-02-23 22:00:00.000000 UTC,19870,24.4872,24.1453
16111,29093,2016-02-11 16:20:00.000000 UTC,21370,24.4874,24.4933
39261,29093,2016-02-13 07:35:00.000000 UTC,21310,24.49,26.7384
29093,16111,2016-02-03 11:35:00.000000 UTC,7510,24.4907,25.5699
29093,39261,2016-02-01 23:55:00.000000 UTC,38590,24.4914,24.4939
29093,39261,2016-02-01 16:31:40.000000 UTC,32230,24.4924,26.2713
29093,28255,2016-02-03 09:46:40.000000 UTC,17110,24.4926,24.3724
16111,29093,2016-02-12 05:31:40.000000 UTC,42010,24.493,28.9426
39261,29093,2016-02-13 17:01:40.000000 UTC,9730,24.4942,25.0366
29093,28255,2016-02-01 09:45:00.000000 UTC,18910,24.4978,24.5142
39261,28255,2016-02-12 15:45:00.000000 UTC,56170,24.498,24.5425
28255,29093,2016-02-22 14:50:00.000000 UTC,59590,24.4982,25.9938
28255,16111,2016-02-18 07:50:00.000000 UTC,21310,24.4989,24.4003
28255,16111,2016-02-20 21:40:00.000000 UTC,35590,24.4991,24.4837
16111,29093,2016-02-09 01:30:00.000000 UTC,8710,24.4994,26.6875
16111,39261,2016-02-07 03:15:00.000000 UTC,20470,24.4995,27.2745
16111,29093,2016-02-09 01:30:00.000000 UTC,42550,24.4998,27.0115
16111,28255,2016-02-11 06:16:40.000000 UTC,37990,24.4998,24.5162
28255,39261,2016-02-19 04:25:00.000000 UTC,54370,24.502,30.2244
29093,28255,2016-02-03 09:46:40.000000 UTC,46510,24.5021,27.1438
29093,39261,2016-02-01 07:01:40.000000 UTC,29410,24.5026,24.4981
29093,28255,2016-02-04 22:31:40.000000 UTC,48970,24.5031,24.6762
29093,39261,2016-02-01 12:05:00.000000 UTC,29410,24.5043,24.4841
39261,28255,2016-02-12 11:25:00.000000 UTC,47350,24.5061,30.0833
39261,29093,2016-02-12 23:05:00.000000 UTC,25210,24.5075,24.7815
16111,28255,2016-02-07 09:05:00.000000 UTC,49210,24.5079,29.3662
16111,28255,2016-02-11 21:31:40.000000 UTC,49570,24.5083,30.5926
28255,39261,2016-02-21 01:31:40.000000 UTC,35050,24.5088,24.7559
39261,28255,2016-02-16 21:20:00.000000 UTC,27730,24.5113,24.4863
29093,39261,2016-02-05 22:50:00.000000 UTC,45790,24.5123,24.6335
29093,39261,2016-02-01 05:50:00.000000 UTC,17170,24.5131,24.4042
39261,28255,2016-02-12 21:30:00.000000 UTC,58690,24.5133,30.1256
16111,29093,2016-02-10 23:01:40.000000 UTC,13990,24.5141,24.5707
39261,16111,2016-02-14 15:31:40.000000 UTC,36490,24.5148,24.4972
28255,39261,2016-02-19 02:10:00.000000 UTC,33070,24.5161,24.419
29093,28255,2016-02-06 12:01:40.000000 UTC,53830,24.5174,30.7633
28255,29093,2016-02-22 19:45:00.000000 UTC,47470,24.5175,25.0791
16111,39261,2016-02-11 08:45:00.000000 UTC,3310,24.5186,24.6901
16111,39261,2016-02-06 17:55:00.000000 UTC,33490,24.5192,24.4482
29093,16111,2016-02-04 20:15:00.000000 UTC,57490,24.5205,28.2417
29093,28255,2016-02-01 00:00:00.000000 UTC,39850,24.522,28.3832
29093,28255,2016-02-01 12:05:00.000000 UTC,20890,24.5228,24.4891
29093,39261,2016-02-01 08:20:00.000000 UTC,40570,24.5233,24.9063
28255,29093,2016-02-23 16:31:40.000000 UTC,15010,24.5243,24.5687
29093,28255,2016-02-02 17:15:00.000000 UTC,58690,24.5245,31.0591
28255,39261,2016-02-20 10:45:00.000000 UTC,40150,24.5246,26.1756
16111,39261,2016-02-06 18:16:40.000000 UTC,43390,24.526,28.7769
39261,29093,2016-02-15 20:16:40.000000 UTC,14230,24.5262,24.3854
29093,39261,2016-02-03 02:50:00.000000 UTC,34510,24.5263,24.5256
28255,16111,2016-02-20 02:25:00.000000 UTC,53290,24.5267,29.4326
29093,28255,2016-02-04 15:46:40.000000 UTC,30790,24.5296,24.8453
39261,16111,2016-02-12 13:10:00.000000 UTC,32290,24.5338,27.2552
39261,28255,2016-02-17 12:25:00.000000 UTC,15130,24.5354,24.5091
28255,16111,2016-02-18 04:40:00.000000 UTC,10930,24.5367,23.8841
39261,16111,2016-02-14 17:15:00.000000 UTC,20530,24.5384,24.609
28255,29093,2016-02-18 04:40:00.000000 UTC,55450,24.5389,30.4229
29093,28255,2016-02-02 08:40:00.000000 UTC,35230,24.5395,26.8764
29093,39261,2016-02-02 17:15:00.000000 UTC,24310,24.5407,26.6756
16111,39261,2016-02-09 18:30:00.000000 UTC,51850,24.5408,28.8193
16111,28255,2016-02-10 13:45:00.000000 UTC,59830,24.5427,30.8349
16111,29093,2016-02-09 18:30:00.000000 UTC,51790,24.5432,29.0677
28255,39261,2016-02-21 13:46:40.000000 UTC,23410,24.5444,24.6264
39261,28255,2016-02-15 18:10:00.000000 UTC,55930,24.5453,30.2868
28255,39261,2016-02-21 20:16:40.000000 UTC,19270,24.5454,24.5046
28255,39261,2016-02-19 05:35:00.000000 UTC,33190,24.5455,24.5579
16111,29093,2016-02-06 23:20:00.000000 UTC,17050,24.5458,25.103
39261,29093,2016-02-17 04:45:00.000000 UTC,49270,24.5462,28.9287
28255,39261,2016-02-22 07:40:00.000000 UTC,54670,24.5488,24.5546
29093,28255,2016-02-01 03:20:00.000000 UTC,7030,24.5493,24.7562
29093,16111,2016-02-02 14:16:40.000000 UTC,9070,24.5507,29.4968
39261,29093,2016-02-14 13:50:00.000000 UTC,39430,24.5563,28.9674
16111,39261,2016-02-07 01:50:00.000000 UTC,17830,24.5567,24.5618
29093,39261,2016-02-01 02:10:00.000000 UTC,44410,24.561,27.3831
16111,39261,2016-02-08 15:25:00.000000 UTC,55930,24.5616,29.6819
39261,29093,2016-02-12 12:00:00.000000 UTC,10870,24.5628,24.4538
29093,39261,2016-02-01 14:40:00.000000 UTC,11650,24.5637,25.8631
39261,29093,2016-02-13 17:01:40.000000 UTC,57850,24.5641,29.577
16111,39261,2016-02-11 08:45:00.000000 UTC,16870,24.5642,24.5684
39261,28255,2016-02-12 11:35:00.000000 UTC,40330,24.5645,27.6074
39261,16111,2016-02-12 16:50:00.000000 UTC,20650,24.5645,24.5402
16111,28255,2016-02-06 23:55:00.000000 UTC,31630,24.5647,24.6689
28255,39261,2016-02-18 13:31:40.000000 UTC,55270,24.5658,29.5289
28255,39261,2016-02-21 15:55:00.000000 UTC,52870,24.5663,28.4124
28255,29093,2016-02-21 07:31:40.000000 UTC,42730,24.5673,27.7196
28255,39261,2016-02-18 08:16:40.000000 UTC,25750,24.5682,26.5288
16111,39261,2016-02-07 14:05:00.000000 UTC,21310,24.571,24.5141
16111,39261,2016-02-09 08:46:40.000000 UTC,25930,24.5722,24.4727
39261,29093,2016-02-13 04:30:00.000000 UTC,34990,24.5723,24.6373
16111,28255,2016-02-11 16:20:00.000000 UTC,17170,24.5728,26.6833
16111,28255,2016-02-06 22:15:00.000000 UTC,7390,24.5745,24.7412
29093,28255,2016-02-03 15:16:40.000000 UTC,35590,24.5747,27.415
28255,29093,2016-02-19 06:46:40.000000 UTC,52210,24.5773,28.5895
29093,39261,2016-02-02 07:20:00.000000 UTC,11590,24.5776,24.636
29093,28255,2016-02-01 00:25:00.000000 UTC,28930,24.5792,24.5702
39261,28255,2016-02-12 11:35:00.000000 UTC,56350,24.5799,24.4589
39261,16111,2016-02-14 17:15:00.000000 UTC,54550,24.5806,27.917
39261,28255,2016-02-17 23:01:40.000000 UTC,53470,24.5833,29.9544
39261,28255,2016-02-12 21:30:00.000000 UTC,28690,24.5836,29.1336
16111,39261,2016-02-06 17:30:00.000000 UTC,49210,24.5839,28.8614
29093,16111,2016-02-01 14:40:00.000000 UTC,25330,24.5845,24.581
28255,39261,2016-02-19 11:50:00.000000 UTC,22930,24.5862,24.6339
16111,28255,2016-02-10 23:01:40.000000 UTC,11170,24.5891,24.6251
28255,39261,2016-02-19 17:20:00.000000 UTC,11050,24.5896,24.6446
16111,28255,2016-02-06 20:01:40.000000 UTC,11470,24.59,24.6108
39261,29093,2016-02-14 15:31:40.000000 UTC,38710,24.5907,28.0549
28255,29093,2016-02-19 17:20:00.000000 UTC,11230,24.5907,25.9157
16111,39261,2016-02-12 11:00:00.000000 UTC,35050,24.591,24.4723
16111,39261,2016-02-12 11:00:00.000000 UTC,57970,24.5912,29.2855
16111,29093,2016-02-06 21:16:40.000000 UTC,8230,24.5938,29.2889
16111,28255,2016-02-11 21:31:40.000000 UTC,20170,24.5943,28.7141
28255,29093,2016-02-18 18:16:40.000000 UTC,33070,24.5964,24.5704
29093,28255,2016-02-03 19:05:00.000000 UTC,37090,24.5966,24.6168
28255,39261,2016-02-18 09:15:00.000000 UTC,10570,24.5969,28.4959
29093,16111,2016-02-01 15:35:00.000000 UTC,59470,24.5972,28.3279
29093,16111,2016-02-01 02:31:40.000000 UTC,45370,24.5984,30.2607
16111,28255,2016-02-11 01:25:00.000000 UTC,49690,24.5984,28.3361
29093,28255,2016-02-01 22:46:40.000000 UTC,47290,24.5988,27.0954
16111,28255,2016-02-12 02:50:00.000000 UTC,29770,24.5997,24.6832
29093,39261,2016-02-03 23:00:00.000000 UTC,25990,24.6003,26.1976
29093,28255,2016-02-03 04:31:40.000000 UTC,27970,24.6016,24.6083
16111,29093,2016-02-08 12:16:40.000000 UTC,45130,24.6031,29.766
28255,29093,2016-02-19 11:50:00.000000 UTC,36310,24.6047,24.6959
39261,29093,2016-02-17 07:16:40.000000 UTC,32770,24.605,24.4931
39261,29093,2016-02-16 09:31:40.000000 UTC,20950,24.6056,24.5988
16111,39261,2016-02-09 18:30:00.000000 UTC,45790,24.6066,28.7492
16111,28255,2016-02-10 13:45:00.000000 UTC,56590,24.6074,26.3219
29093,28255,2016-02-01 01:50:00.000000 UTC,41290,24.6093,24.6166
16111,28255,2016-02-07 18:35:00.000000 UTC,40870,24.6094,24.5998
16111,28255,2016-02-10 11:30:00.000000 UTC,25630,24.6095,27.7451
28255,39261,2016-02-19 13:10:00.000000 UTC,28930,24.61,24.6012
39261,16111,2016-02-12 14:46:40.000000 UTC,54250,24.6104,27.817
16111,39261,2016-02-08 03:31:40.000000 UTC,23110,24.6109,26.9909
29093,28255,2016-02-01 12:05:00.000000 UTC,19390,24.6121,24.6367
16111,28255,2016-02-06 19:40:00.000000 UTC,35350,24.6133,24.6521
28255,39261,2016-02-18 15:46:40.000000 UTC,26470,24.6146,24.6543
29093,16111,2016-02-01 08:20:00.000000 UTC,41110,24.6147,25.3439
29093,16111,2016-02-01 22:46:40.000000 UTC,8530,24.6148,25.2942
16111,29093,2016-02-12 11:00:00.000000 UTC,16570,24.6151,26.5261
28255,39261,2016-02-18 15:46:40.000000 UTC,11110,24.6162,29.1839
29093,16111,2016-02-03 19:05:00.000000 UTC,39130,24.6168,27.1961
39261,29093,2016-02-14 17:15:00.000000 UTC,46630,24.617,28.5879
29093,39261,2016-02-04 01:00:00.000000 UTC,20770,24.6173,24.6249
16111,28255,2016-02-11 16:20:00.000000 UTC,22990,24.6179,25.9366
39261,28255,2016-02-12 11:25:00.000000 UTC,32230,24.6183,24.6482
39261,28255,2016-02-12 12:31:40.000000 UTC,50290,24.6188,24.5796
29093,39261,2016-02-04 09:16:40.000000 UTC,52450,24.619,27.9102
16111,28255,2016-02-07 09:05:00.000000 UTC,46210,24.6193,27.1743
28255,39261,2016-02-19 05:35:00.000000 UTC,21010,24.6193,24.6918
28255,16111,2016-02-19 21:45:00.000000 UTC,14290,24.6194,25.0595
39261,28255,2016-02-12 20:45:00.000000 UTC,31150,24.6217,27.3276
16111,28255,2016-02-11 03:50:00.000000 UTC,54310,24.6225,24.9912
28255,39261,2016-02-22 03:01:40.000000 UTC,37450,24.6226,24.4933
29093,39261,2016-02-01 16:31:40.000000 UTC,47410,24.623,29.2844
16111,28255,2016-02-07 00:31:40.000000 UTC,59170,24.623,29.4073
39261,29093,2016-02-17 12:25:00.000000 UTC,31510,24.6249,24.5947
39261,16111,2016-02-13 06:31:40.000000 UTC,28030,24.6251,25.8355
16111,29093,2016-02-07 04:46:40.000000 UTC,34330,24.6275,24.655
16111,29093,2016-02-07 08:10:00.000000 UTC,27970,24.6278,27.9985
29093,39261,2016-02-01 09:01:40.000000 UTC,34690,24.6281,24.6389
16111,28255,2016-02-11 03:50:00.000000 UTC,32410,24.63,27.9914
28255,39261,2016-02-18 23:00:00.000000 UTC,28330,24.6311,24.6448
28255,39261,2016-02-20 00:50:00.000000 UTC,35410,24.6336,24.7828
16111,29093,2016-02-07 17:25:00.000000 UTC,17170,24.6338,27.0674
28255,16111,2016-02-18 13:31:40.000000 UTC,3250,24.6338,24.7586
16111,39261,2016-02-10 09:16:40.000000 UTC,49930,24.6343,29.0288
16111,39261,2016-02-09 08:46:40.000000 UTC,21370,24.6347,24.5991
29093,28255,2016-02-05 05:31:40.000000 UTC,47350,24.6367,30.3204
28255,16111,2016-02-19 02:10:00.000000 UTC,5770,24.6381,26.2168
16111,28255,2016-02-09 10:40:00.000000 UTC,55390,24.6382,28.6421
16111,28255,2016-02-11 13:46:40.000000 UTC,38710,24.6391,24.6834
39261,28255,2016-02-12 12:15:00.000000 UTC,53230,24.6397,30.2942
29093,28255,2016-02-02 20:20:00.000000 UTC,32230,24.6403,24.7437
16111,28255,2016-02-06 20:50:00.000000 UTC,25030,24.6407,24.6262
28255,39261,2016-02-18 04:55:00.000000 UTC,33490,24.6408,24.563
29093,28255,2016-02-01 07:40:00.000000 UTC,59590,24.6414,28.133
16111,39261,2016-02-07 02:31:40.000000 UTC,34750,24.6414,24.651
28255,39261,2016-02-18 04:30:00.000000 UTC,25990,24.6414,24.5999
39261,16111,2016-02-13 17:01:40.000000 UTC,57970,24.6437,29.5548
16111,39261,2016-02-06 23:20:00.000000 UTC,29110,24.6438,24.6516
39261,28255,2016-02-12 13:10:00.000000 UTC,26110,24.6448,24.7166
28255,39261,2016-02-19 06:46:40.000000 UTC,9010,24.646,24.8129
29093,39261,2016-02-05 03:10:00.000000 UTC,15430,24.6475,24.5322
29093,28255,2016-02-05 03:10:00.000000 UTC,31870,24.6491,24.67
16111,29093,2016-02-08 15:25:00.000000 UTC,42190,24.6498,26.5368
39261,28255,2016-02-13 18:20:00.000000 UTC,48850,24.6505,25.2072
28255,29093,2016-02-18 11:31:40.000000 UTC,35530,24.6511,24.6452
39261,28255,2016-02-14 01:16:40.000000 UTC,42670,24.6538,24.7111
16111,39261,2016-02-07 04:46:40.000000 UTC,18670,24.6539,24.6045
29093,28255,2016-02-06 14:45:00.000000 UTC,33430,24.6547,24.5759
16111,39261,2016-02-07 19:46:40.000000 UTC,18130,24.6554,29.4692
29093,39261,2016-02-01 22:46:40.000000 UTC,27490,24.6562,24.7025
29093,39261,2016-02-04 03:01:40.000000 UTC,33430,24.6569,24.6989
29093,28255,2016-02-06 01:25:00.000000 UTC,58990,24.6574,29.928
29093,39261,2016-02-03 02:50:00.000000 UTC,20290,24.6576,28.1907
29093,16111,2016-02-01 00:46:40.000000 UTC,34810,24.6585,28.6126
39261,29093,2016-02-12 13:55:00.000000 UTC,14470,24.6593,25.9931
28255,16111,2016-02-23 08:31:40.000000 UTC,6790,24.6597,24.7115
39261,28255,2016-02-12 19:20:00.000000 UTC,25870,24.6606,24.6806
28255,39261,2016-02-18 18:16:40.000000 UTC,53470,24.6609,29.3327
39261,29093,2016-02-12 14:46:40.000000 UTC,31450,24.6615,24.6476
16111,39261,2016-02-06 17:55:00.000000 UTC,17830,24.6618,26.677
28255,16111,2016-02-22 07:40:00.000000 UTC,52030,24.6637,27.8282
28255,29093,2016-02-23 03:20:00.000000 UTC,45310,24.665,27.4992
16111,29093,2016-02-12 11:00:00.000000 UTC,37630,24.6652,24.6156
28255,39261,2016-02-18 21:01:40.000000 UTC,34210,24.6652,24.6577
29093,39261,2016-02-05 20:16:40.000000 UTC,31930,24.6663,24.7081
29093,28255,2016-02-05 03:10:00.000000 UTC,46930,24.6675,30.6066
28255,29093,2016-02-20 21:40:00.000000 UTC,39730,24.6675,24.8725
29093,16111,2016-02-05 03:10:00.000000 UTC,54970,24.6689,28.1548
16111,28255,2016-02-11 11:15:00.000000 UTC,8170,24.6698,24.4879
28255,29093,2016-02-22 12:25:00.000000 UTC,14710,24.6713,26.1447
39261,16111,2016-02-12 14:46:40.000000 UTC,9730,24.6727,26.3326
29093,16111,2016-02-01 19:31:40.000000 UTC,40030,24.6737,28.429
16111,28255,2016-02-09 01:30:00.000000 UTC,7630,24.6743,24.6672
29093,39261,2016-02-01 03:46:40.000000 UTC,14710,24.6746,26.7897
29093,16111,2016-02-03 02:50:00.000000 UTC,30730,24.6766,28.0364
16111,28255,2016-02-08 02:10:00.000000 UTC,8410,24.6791,26.3767
28255,16111,2016-02-23 05:55:00.000000 UTC,45430,24.6792,24.6677
39261,28255,2016-02-12 11:35:00.000000 UTC,58270,24.6795,28.2168
29093,28255,2016-02-02 07:20:00.000000 UTC,58270,24.681,29.0983
16111,39261,2016-02-06 19:01:40.000000 UTC,28510,24.6833,27.076
28255,39261,2016-02-21 15:55:00.000000 UTC,46810,24.6833,28.3454
16111,39261,2016-02-09 10:40:00.000000 UTC,31690,24.6837,27.8882
39261,28255,2016-02-14 22:35:00.000000 UTC,35710,24.6859,24.7113
39261,16111,2016-02-14 19:00:00.000000 UTC,9070,24.6866,26.483
29093,28255,2016-02-04 20:15:00.000000 UTC,47590,24.6871,27.8987
29093,16111,2016-02-01 00:00:00.000000 UTC,46030,24.6879,28.7943
39261,16111,2016-02-13 06:31:40.000000 UTC,28270,24.688,24.6671
16111,39261,2016-02-06 22:15:00.000000 UTC,21310,24.6892,24.6878
16111,28255,2016-02-07 05:35:00.000000 UTC,11470,24.6903,26.0445
28255,39261,2016-02-18 05:45:00.000000 UTC,13690,24.6905,26.0432
39261,16111,2016-02-12 12:15:00.000000 UTC,33130,24.6906,24.7435
39261,29093,2016-02-13 02:35:00.000000 UTC,14170,24.6916,29.0165
28255,29093,2016-02-18 14:15:00.000000 UTC,49750,24.693,28.8725
39261,28255,2016-02-15 10:00:00.000000 UTC,30730,24.6931,24.7891
28255,39261,2016-02-23 11:10:00.000000 UTC,26950,24.6941,24.6929
16111,39261,2016-02-11 03:50:00.000000 UTC,10450,24.6956,29.1207
16111,28255,2016-02-06 18:05:00.000000 UTC,49930,24.6963,30.6009
16111,39261,2016-02-11 16:20:00.000000 UTC,52750,24.6965,28.9867
28255,16111,2016-02-19 06:46:40.000000 UTC,47650,24.6969,27.8708
29093,28255,2016-02-05 10:20:00.000000 UTC,33370,24.6971,24.7008
28255,39261,2016-02-18 13:31:40.000000 UTC,15910,24.6996,24.6996
29093,28255,2016-02-03 19:05:00.000000 UTC,58090,24.6997,30.743
28255,29093,2016-02-18 10:55:00.000000 UTC,39190,24.6997,28.5039
39261,29093,2016-02-16 00:35:00.000000 UTC,34450,24.7001,24.6802
16111,29093,2016-02-10 23:01:40.000000 UTC,13690,24.702,26.4409
28255,39261,2016-02-21 01:31:40.000000 UTC,28930,24.7037,24.8262
39261,29093,2016-02-12 13:10:00.000000 UTC,42550,24.707,27.3532
39261,29093,2016-02-17 07:16:40.000000 UTC,54250,24.7077,28.9673
16111,29093,2016-02-07 19:46:40.000000 UTC,14530,24.709,29.5649
28255,39261,2016-02-19 00:01:40.000000 UTC,59230,24.7093,28.1428
29093,39261,2016-02-05 17:45:00.000000 UTC,37390,24.7107,24.612
29093,28255,2016-02-03 17:10:00.000000 UTC,9070,24.7134,28.496
29093,28255,2016-02-01 00:05:00.000000 UTC,18370,24.7155,24.649
16111,39261,2016-02-07 10:01:40.000000 UTC,14110,24.7162,24.5211
28255,39261,2016-02-19 23:16:40.000000 UTC,33910,24.7165,24.75
16111,39261,2016-02-11 11:15:00.000000 UTC,34270,24.7166,24.6568
29093,28255,2016-02-01 00:01:40.000000 UTC,18370,24.7172,24.7009
16111,29093,2016-02-06 23:55:00.000000 UTC,28510,24.7179,24.5389
39261,28255,2016-02-12 13:31:40.000000 UTC,15790,24.7185,24.7138
28255,16111,2016-02-18 10:55:00.000000 UTC,11770,24.7186,29.328
28255,39261,2016-02-18 09:15:00.000000 UTC,28270,24.7187,26.7149
29093,28255,2016-02-01 01:31:40.000000 UTC,43270,24.7189,28.2938
16111,28255,2016-02-09 10:40:00.000000 UTC,10990,24.7189,29.2147
39261,29093,2016-02-14 10:31:40.000000 UTC,55030,24.7189,24.6269
29093,39261,2016-02-03 21:01:40.000000 UTC,31870,24.7199,24.7572
28255,16111,2016-02-22 07:40:00.000000 UTC,43690,24.721,28.7939
28255,29093,2016-02-22 22:15:00.000000 UTC,18610,24.7216,24.8004
29093,28255,2016-02-01 19:31:40.000000 UTC,53050,24.7232,28.7753
16111,39261,2016-02-07 18:35:00.000000 UTC,11650,24.7235,29.5213
39261,28255,2016-02-12 11:35:00.000000 UTC,43330,24.7237,27.99
16111,39261,2016-02-07 01:50:00.000000 UTC,16030,24.7255,26.112
39261,29093,2016-02-13 14:30:00.000000 UTC,27130,24.7257,24.8772
28255,29093,2016-02-20 10:45:00.000000 UTC,37390,24.7266,24.8203
16111,39261,2016-02-06 19:40:00.000000 UTC,23530,24.7283,29.7059
29093,28255,2016-02-02 18:46:40.000000 UTC,37930,24.7301,24.7691
29093,16111,2016-02-06 01:25:00.000000 UTC,59170,24.7307,30.4381
29093,16111,2016-02-01 09:01:40.000000 UTC,29890,24.7309,24.7328
29093,28255,2016-02-01 00:46:40.000000 UTC,57970,24.7313,28.6764
16111,29093,2016-02-06 17:30:00.000000 UTC,57970,24.7313,27.315
29093,28255,2016-02-01 00:10:00.000000 UTC,46930,24.7314,24.7287
39261,29093,2016-02-14 17:15:00.000000 UTC,15130,24.7322,24.8098
16111,39261,2016-02-08 10:45:00.000000 UTC,51490,24.7325,26.7965
39261,28255,2016-02-12 12:15:00.000000 UTC,20110,24.7325,25.055
39261,29093,2016-02-12 12:15:00.000000 UTC,17950,24.7335,29.9693
16111,28255,2016-02-07 00:31:40.000000 UTC,8650,24.7343,27.8292
28255,29093,2016-02-21 22:30:00.000000 UTC,13570,24.7387,24.7277
39261,29093,2016-02-12 11:25:00.000000 UTC,7570,24.7392,27.1921
29093,39261,2016-02-01 18:30:00.000000 UTC,37090,24.7394,24.8392
28255,29093,2016-02-19 01:05:00.000000 UTC,3430,24.7395,24.8011
28255,16111,2016-02-18 09:15:00.000000 UTC,22870,24.7396,27.1502
39261,28255,2016-02-17 12:25:00.000000 UTC,28630,24.7413,24.7831
16111,39261,2016-02-10 02:46:40.000000 UTC,37150,24.7424,24.7362
28255,39261,2016-02-20 21:40:00.000000 UTC,43090,24.743,27.8104
29093,28255,2016-02-04 11:25:00.000000 UTC,58210,24.7433,26.3262
28255,39261,2016-02-18 04:35:00.000000 UTC,38170,24.744,24.7298
16111,39261,2016-02-09 20:31:40.000000 UTC,29230,24.7447,24.7856
39261,28255,2016-02-14 12:10:00.000000 UTC,49330,24.7454,24.8439
16111,39261,2016-02-09 14:31:40.000000 UTC,48010,24.7467,28.8698
16111,28255,2016-02-12 05:31:40.000000 UTC,14290,24.748,26.2479
28255,29093,2016-02-19 04:25:00.000000 UTC,48010,24.7481,24.9646
29093,28255,2016-02-02 23:31:40.000000 UTC,14650,24.7503,26.1837
28255,39261,2016-02-18 06:40:00.000000 UTC,48250,24.7517,30.213
16111,28255,2016-02-08 17:01:40.000000 UTC,23650,24.7526,24.7475
16111,39261,2016-02-11 18:55:00.000000 UTC,42550,24.7539,24.751
39261,29093,2016-02-12 11:01:40.000000 UTC,4090,24.7547,25.1424
16111,39261,2016-02-08 10:45:00.000000 UTC,27190,24.7559,25.0483
28255,29093,2016-02-18 16:35:00.000000 UTC,27670,24.7563,24.7805
28255,29093,2016-02-18 05:45:00.000000 UTC,3910,24.7575,30.0914
16111,28255,2016-02-11 13:46:40.000000 UTC,59650,24.7576,30.8437
28255,16111,2016-02-18 08:45:00.000000 UTC,2230,24.7594,24.9404
28255,39261,2016-02-20 21:40:00.000000 UTC,37030,24.7597,27.5401
29093,39261,2016-02-01 00:01:40.000000 UTC,31270,24.7598,28.5363
28255,39261,2016-02-20 16:05:00.000000 UTC,48070,24.7604,25.1359
29093,28255,2016-02-01 05:16:40.000000 UTC,11950,24.7605,24.9841
28255,39261,2016-02-21 07:31:40.000000 UTC,48490,24.7608,24.2642
28255,39261,2016-02-19 17:20:00.000000 UTC,35050,24.7611,24.678
16111,39261,2016-02-08 22:01:40.000000 UTC,34990,24.7613,24.7918
29093,39261,2016-02-01 05:16:40.000000 UTC,10990,24.7623,24.8213
16111,39261,2016-02-10 20:40:00.000000 UTC,42010,24.7628,25.8498
29093,39261,2016-02-02 18:46:40.000000 UTC,8530,24.7631,24.7626
28255,39261,2016-02-23 19:15:00.000000 UTC,39910,24.7631,27.3557
28255,29093,2016-02-20 16:05:00.000000 UTC,53290,24.7634,25.7827
28255,39261,2016-02-18 06:40:00.000000 UTC,33610,24.7638,24.7731
16111,28255,2016-02-07 22:15:00.000000 UTC,29650,24.7647,24.8364
39261,28255,2016-02-15 06:05:00.000000 UTC,35410,24.765,24.729
29093,28255,2016-02-01 00:00:00.000000 UTC,40870,24.7657,24.7165
39261,29093,2016-02-14 04:15:00.000000 UTC,33790,24.766,24.7414
28255,16111,2016-02-18 16:35:00.000000 UTC,18850,24.7689,27.1177
29093,28255,2016-02-04 18:00:00.000000 UTC,37510,24.7714,26.4178
28255,29093,2016-02-19 08:00:00.000000 UTC,25990,24.7714,24.7788
29093,39261,2016-02-01 01:15:00.000000 UTC,20470,24.772,24.8565
29093,16111,2016-02-05 03:10:00.000000 UTC,38890,24.7723,24.7806
16111,39261,2016-02-06 22:46:40.000000 UTC,10930,24.7723,24.8056
16111,28255,2016-02-07 00:31:40.000000 UTC,14050,24.7729,24.8881
39261,28255,2016-02-14 04:15:00.000000 UTC,4390,24.7731,24.9419
39261,29093,2016-02-16 18:55:00.000000 UTC,31330,24.7733,24.8063
16111,39261,2016-02-06 17:31:40.000000 UTC,55150,24.776,29.2371
29093,39261,2016-02-02 01:05:00.000000 UTC,57070,24.7765,24.7868
39261,16111,2016-02-18 01:45:00.000000 UTC,32770,24.7769,24.7768
28255,29093,2016-02-19 18:46:40.000000 UTC,6850,24.7771,24.6333
29093,28255,2016-02-02 21:55:00.000000 UTC,6370,24.7779,26.2319
29093,39261,2016-02-01 05:50:00.000000 UTC,27730,24.778,24.775
16111,28255,2016-02-08 04:55:00.000000 UTC,26710,24.7783,24.8451
28255,39261,2016-02-20 21:40:00.000000 UTC,34870,24.7791,24.8587
16111,28255,2016-02-08 23:45:00.000000 UTC,14470,24.7794,29.0257
39261,29093,2016-02-12 15:45:00.000000 UTC,50230,24.7797,28.6044
29093,16111,2016-02-01 00:00:00.000000 UTC,26350,24.7816,27.4707
29093,39261,2016-02-01 02:55:00.000000 UTC,26950,24.7817,24.8173
29093,39261,2016-02-02 08:40:00.000000 UTC,40510,24.7824,25.8263
39261,28255,2016-02-16 21:20:00.000000 UTC,46930,24.7847,24.8017
16111,28255,2016-02-08 17:01:40.000000 UTC,29530,24.7848,24.8007
28255,39261,2016-02-18 04:30:00.000000 UTC,7810,24.7865,25.0109
39261,29093,2016-02-14 01:16:40.000000 UTC,36490,24.788,27.9265
29093,39261,2016-02-03 01:10:00.000000 UTC,20230,24.7888,27.0047
16111,28255,2016-02-08 10:45:00.000000 UTC,34210,24.7892,25.9982
39261,16111,2016-02-14 01:16:40.000000 UTC,58990,24.7899,28.8431
28255,39261,2016-02-18 06:20:00.000000 UTC,7930,24.7917,24.8302
39261,28255,2016-02-16 11:50:00.000000 UTC,46150,24.7924,24.8875
28255,16111,2016-02-20 05:40:00.000000 UTC,55690,24.7924,26.3802
28255,39261,2016-02-20 05:40:00.000000 UTC,46210,24.7928,25.4768
28255,16111,2016-02-21 13:46:40.000000 UTC,38590,24.7936,24.6947
39261,16111,2016-02-14 12:10:00.000000 UTC,27430,24.7941,24.8447
39261,28255,2016-02-17 09:50:00.000000 UTC,55870,24.7941,29.1877
28255,39261,2016-02-22 10:01:40.000000 UTC,42550,24.7949,24.8109
28255,39261,2016-02-18 17:25:00.000000 UTC,38710,24.7952,24.8146
39261,28255,2016-02-13 06:31:40.000000 UTC,49450,24.7968,24.7977
28255,16111,2016-02-18 04:31:40.000000 UTC,48550,24.7976,30.1482
28255,29093,2016-02-18 05:16:40.000000 UTC,31270,24.7982,24.9082
16111,28255,2016-02-08 23:45:00.000000 UTC,56050,24.8002,29.2789
16111,39261,2016-02-08 04:55:00.000000 UTC,30070,24.803,24.8254
39261,16111,2016-02-12 17:25:00.000000 UTC,45010,24.8034,28.5412
16111,28255,2016-02-09 05:05:00.000000 UTC,31030,24.8044,24.8551
29093,28255,2016-02-01 06:25:00.000000 UTC,36190,24.8045,24.7966
16111,29093,2016-02-11 16:20:00.000000 UTC,52930,24.8051,29.4136
39261,28255,2016-02-16 02:46:40.000000 UTC,24190,24.8051,24.9932
39261,16111,2016-02-18 04:30:00.000000 UTC,32050,24.8052,24.7776
28255,39261,2016-02-22 00:45:00.000000 UTC,36010,24.8078,24.9334
29093,28255,2016-02-01 00:16:40.000000 UTC,18430,24.8079,24.792
29093,16111,2016-02-01 21:40:00.000000 UTC,46030,24.8084,26.8619
39261,28255,2016-02-14 10:31:40.000000 UTC,47230,24.8088,28.3052
39261,28255,2016-02-15 18:10:00.000000 UTC,22810,24.8089,24.9365
29093,28255,2016-02-01 09:45:00.000000 UTC,6910,24.8096,24.9535
16111,28255,2016-02-09 03:16:40.000000 UTC,30550,24.8101,25.0188
39261,28255,2016-02-16 23:46:40.000000 UTC,45670,24.8121,24.7976
29093,28255,2016-02-01 22:46:40.000000 UTC,29050,24.8125,24.8435
39261,16111,2016-02-15 20:16:40.000000 UTC,34450,24.8189,24.703
16111,29093,2016-02-07 17:25:00.000000 UTC,59050,24.8198,28.8662
16111,28255,2016-02-11 16:20:00.000000 UTC,10810,24.8199,24.8082
16111,39261,2016-02-06 20:25:00.000000 UTC,32950,24.8217,24.8306
39261,28255,2016-02-13 02:35:00.000000 UTC,38290,24.8223,19.7448
39261,16111,2016-02-16 18:55:00.000000 UTC,1930,24.8223,25.666
39261,28255,2016-02-12 22:16:40.000000 UTC,17530,24.8225,28.1972
16111,28255,2016-02-07 07:16:40.000000 UTC,53050,24.8231,30.5806
29093,39261,2016-02-05 05:31:40.000000 UTC,21970,24.8236,24.8363
29093,16111,2016-02-02 07:20:00.000000 UTC,45070,24.8241,29.239
16111,28255,2016-02-06 19:01:40.000000 UTC,52090,24.8241,28.7757
28255,29093,2016-02-18 04:55:00.000000 UTC,30010,24.8242,24.8607
16111,39261,2016-02-08 10:45:00.000000 UTC,39370,24.8248,26.1845
16111,28255,2016-02-06 23:20:00.000000 UTC,4030,24.825,24.816
16111,28255,2016-02-12 02:50:00.000000 UTC,35770,24.8257,24.8609
28255,16111,2016-02-19 06:46:40.000000 UTC,23650,24.8257,27.2002
28255,16111,2016-02-19 05:35:00.000000 UTC,21970,24.8282,24.8324
39261,16111,2016-02-13 14:30:00.000000 UTC,27490,24.8285,24.6121
39261,16111,2016-02-12 20:01:40.000000 UTC,52450,24.8295,29.0204
16111,29093,2016-02-07 15:10:00.000000 UTC,44410,24.8312,29.9712
28255,39261,2016-02-18 10:55:00.000000 UTC,44530,24.8317,24.7856
16111,39261,2016-02-09 10:40:00.000000 UTC,58930,24.8324,28.8986
39261,28255,2016-02-17 04:45:00.000000 UTC,45430,24.8327,24.9107
29093,39261,2016-02-06 17:30:00.000000 UTC,58750,24.8329,30.9014
16111,29093,2016-02-09 14:31:40.000000 UTC,35770,24.833,25.0009
29093,39261,2016-02-01 03:46:40.000000 UTC,51610,24.8334,24.815
28255,29093,2016-02-18 04:31:40.000000 UTC,56710,24.8351,30.3677
28255,39261,2016-02-21 03:30:00.000000 UTC,59470,24.8352,24.8246
29093,39261,2016-02-01 00:46:40.000000 UTC,21970,24.8357,24.8842
29093,39261,2016-02-01 04:45:00.000000 UTC,50530,24.8378,29.0914
39261,28255,2016-02-14 05:46:40.000000 UTC,30370,24.8388,24.8186
39261,29093,2016-02-17 02:15:00.000000 UTC,51010,24.8398,24.7082
29093,28255,2016-02-04 03:01:40.000000 UTC,34030,24.8405,24.8548
16111,29093,2016-02-07 15:10:00.000000 UTC,28090,24.8405,28.0479
29093,28255,2016-02-01 02:31:40.000000 UTC,6910,24.8406,24.925
39261,29093,2016-02-15 16:05:00.000000 UTC,32110,24.8409,24.8373
16111,29093,2016-02-07 00:31:40.000000 UTC,55570,24.8446,29.7593
28255,16111,2016-02-21 22:30:00.000000 UTC,29890,24.8449,24.8474
29093,39261,2016-02-01 19:31:40.000000 UTC,57670,24.8452,28.8272
29093,39261,2016-02-01 06:25:00.000000 UTC,27850,24.8463,24.828
29093,28255,2016-02-05 10:20:00.000000 UTC,27310,24.8468,24.8002
16111,29093,2016-02-07 08:10:00.000000 UTC,24370,24.847,25.085
16111,28255,2016-02-10 07:05:00.000000 UTC,56470,24.8479,25.8768
29093,39261,2016-02-04 18:00:00.000000 UTC,25090,24.85,24.9164
16111,39261,2016-02-08 02:10:00.000000 UTC,18790,24.8503,24.9694
16111,28255,2016-02-07 01:10:00.000000 UTC,29890,24.8506,27.6871
29093,28255,2016-02-04 18:00:00.000000 UTC,25390,24.8507,24.8917
16111,29093,2016-02-06 22:46:40.000000 UTC,52030,24.8533,25.4115
28255,39261,2016-02-19 11:50:00.000000 UTC,28930,24.8538,24.8402
39261,16111,2016-02-15 14:01:40.000000 UTC,7810,24.8549,25.9657
29093,16111,2016-02-01 04:45:00.000000 UTC,51310,24.8552,29.4736
16111,29093,2016-02-06 23:20:00.000000 UTC,11470,24.8553,24.8922
16111,28255,2016-02-09 14:31:40.000000 UTC,51370,24.8556,24.9558
28255,29093,2016-02-18 23:00:00.000000 UTC,33310,24.8569,24.8314
29093,28255,2016-02-06 17:30:00.000000 UTC,9730,24.8581,26.3317
28255,39261,2016-02-21 05:30:00.000000 UTC,53470,24.8596,24.8556
28255,16111,2016-02-22 22:15:00.000000 UTC,18910,24.8596,24.8463
29093,39261,2016-02-05 20:16:40.000000 UTC,55930,24.8618,26.2045
28255,16111,2016-02-18 09:15:00.000000 UTC,12130,24.8623,29.3342
28255,16111,2016-02-18 04:55:00.000000 UTC,53650,24.8634,30.7435
16111,28255,2016-02-09 01:30:00.000000 UTC,42250,24.8642,24.7665
39261,29093,2016-02-12 17:25:00.000000 UTC,16210,24.8653,28.7392
39261,29093,2016-02-12 15:45:00.000000 UTC,55870,24.8659,28.7533
28255,39261,2016-02-23 03:20:00.000000 UTC,42670,24.866,27.0795
39261,29093,2016-02-16 23:46:40.000000 UTC,30430,24.8677,25.952
39261,29093,2016-02-16 09:31:40.000000 UTC,3730,24.8693,26.3905
29093,39261,2016-02-03 08:00:00.000000 UTC,22390,24.8697,24.8829
29093,39261,2016-02-04 20:15:00.000000 UTC,37090,24.8709,27.7126
29093,39261,2016-02-03 17:10:00.000000 UTC,14410,24.8727,25.3374
28255,29093,2016-02-18 05:05:00.000000 UTC,25750,24.8755,24.8948
28255,39261,2016-02-18 12:10:00.000000 UTC,26290,24.8784,24.8175
28255,29093,2016-02-22 14:50:00.000000 UTC,59350,24.8787,26.9351
16111,28255,2016-02-07 04:46:40.000000 UTC,52570,24.8814,30.8305
16111,28255,2016-02-06 20:50:00.000000 UTC,14230,24.8815,28.9459
29093,28255,2016-02-05 20:16:40.000000 UTC,41470,24.8821,25.0192
39261,28255,2016-02-15 06:05:00.000000 UTC,41410,24.8825,24.8524
16111,29093,2016-02-06 19:01:40.000000 UTC,58390,24.8833,28.6505
28255,29093,2016-02-18 06:01:40.000000 UTC,51190,24.8847,29.4021
39261,29093,2016-02-12 11:16:40.000000 UTC,4030,24.8853,25.0643
29093,16111,2016-02-01 02:10:00.000000 UTC,46330,24.8864,27.712
28255,16111,2016-02-22 17:16:40.000000 UTC,31270,24.888,24.9462
28255,39261,2016-02-18 04:55:00.000000 UTC,19690,24.8882,26.067
16111,39261,2016-02-07 13:01:40.000000 UTC,15070,24.8891,25.1848
29093,28255,2016-02-01 00:05:00.000000 UTC,24370,24.8901,24.9433
29093,28255,2016-02-01 23:55:00.000000 UTC,5530,24.8903,24.8353
39261,29093,2016-02-12 11:25:00.000000 UTC,23710,24.8907,29.7918
28255,39261,2016-02-19 15:55:00.000000 UTC,11230,24.8915,25.7313
29093,39261,2016-02-01 17:30:00.000000 UTC,24610,24.8916,24.9075
28255,39261,2016-02-21 22:30:00.000000 UTC,23770,24.8917,24.7742
16111,28255,2016-02-06 18:05:00.000000 UTC,16570,24.893,26.5024
39261,28255,2016-02-15 14:01:40.000000 UTC,47050,24.8932,24.9987
28255,29093,2016-02-18 09:15:00.000000 UTC,30490,24.894,24.9987
28255,16111,2016-02-18 10:55:00.000000 UTC,22450,24.8961,26.9496
39261,28255,2016-02-13 22:25:00.000000 UTC,24670,24.8969,24.9031
29093,39261,2016-02-01 00:00:00.000000 UTC,55570,24.8974,28.6183
28255,29093,2016-02-18 09:15:00.000000 UTC,46210,24.8989,24.8906
16111,39261,2016-02-09 05:05:00.000000 UTC,43090,24.9005,24.9189
39261,28255,2016-02-12 11:25:00.000000 UTC,20170,24.9006,24.9464
28255,39261,2016-02-18 14:15:00.000000 UTC,55630,24.9016,28.7342
29093,28255,2016-02-01 14:40:00.000000 UTC,58990,24.9023,31.0006
16111,39261,2016-02-06 19:01:40.000000 UTC,40630,24.9024,27.7002
29093,28255,2016-02-06 06:40:00.000000 UTC,30910,24.9033,27.7114
39261,29093,2016-02-12 18:01:40.000000 UTC,45430,24.9033,29.2422
28255,39261,2016-02-18 05:05:00.000000 UTC,58390,24.9042,28.0718
16111,28255,2016-02-11 06:16:40.000000 UTC,56170,24.9048,26.3831
16111,29093,2016-02-06 17:35:00.000000 UTC,35230,24.9057,25.6439
16111,39261,2016-02-07 17:25:00.000000 UTC,17530,24.906,29.6259
16111,29093,2016-02-09 05:05:00.000000 UTC,57790,24.9076,26.97
28255,39261,2016-02-18 08:16:40.000000 UTC,45610,24.9082,24.8129
16111,39261,2016-02-06 22:46:40.000000 UTC,27070,24.9093,26.8093
16111,28255,2016-02-10 13:45:00.000000 UTC,44890,24.9093,25.0493
28255,16111,2016-02-22 05:20:00.000000 UTC,1930,24.9113,26.0876
29093,39261,2016-02-01 19:31:40.000000 UTC,51610,24.9121,28.6234
39261,16111,2016-02-18 01:45:00.000000 UTC,24790,24.9131,28.9997
29093,28255,2016-02-04 22:31:40.000000 UTC,41950,24.9138,28.2828
39261,29093,2016-02-17 04:45:00.000000 UTC,23470,24.9162,24.9203
29093,39261,2016-02-06 14:45:00.000000 UTC,31990,24.9171,24.9402
28255,16111,2016-02-18 08:45:00.000000 UTC,11290,24.9171,24.8695
16111,39261,2016-02-12 05:31:40.000000 UTC,11530,24.9187,28.7503
39261,28255,2016-02-14 08:55:00.000000 UTC,54310,24.9191,24.9072
29093,28255,2016-02-01 00:00:00.000000 UTC,51790,24.9193,28.6371
39261,28255,2016-02-15 20:16:40.000000 UTC,58810,24.9197,24.9128
16111,39261,2016-02-07 07:16:40.000000 UTC,57370,24.9198,30.8723
28255,39261,2016-02-18 07:25:00.000000 UTC,49750,24.9201,27.3984
29093,28255,2016-02-05 05:31:40.000000 UTC,19990,24.9204,26.3787
16111,39261,2016-02-09 10:40:00.000000 UTC,32470,24.9208,24.9266
16111,29093,2016-02-07 04:46:40.000000 UTC,39670,24.9211,26.2634
16111,39261,2016-02-09 06:55:00.000000 UTC,43630,24.9214,24.9133
39261,28255,2016-02-13 05:30:00.000000 UTC,43450,24.9216,24.9836
29093,16111,2016-02-02 01:05:00.000000 UTC,25150,24.9218,24.9018
39261,28255,2016-02-15 08:01:40.000000 UTC,13030,24.9252,25.0493
39261,16111,2016-02-13 14:30:00.000000 UTC,53050,24.9255,29.3734
39261,29093,2016-02-14 13:50:00.000000 UTC,11230,24.9272,29.1662
29093,39261,2016-02-04 18:00:00.000000 UTC,32590,24.9275,24.9294
16111,28255,2016-02-08 03:31:40.000000 UTC,51670,24.9283,30.1344
39261,28255,2016-02-14 19:00:00.000000 UTC,59890,24.9287,24.8955
39261,16111,2016-02-15 20:16:40.000000 UTC,28750,24.9301,24.9069
28255,39261,2016-02-20 02:25:00.000000 UTC,46210,24.9303,24.908
39261,28255,2016-02-13 01:40:00.000000 UTC,22570,24.9305,29.323
28255,39261,2016-02-23 05:55:00.000000 UTC,51910,24.9307,29.0216
28255,29093,2016-02-22 07:40:00.000000 UTC,23350,24.9321,26.669
29093,39261,2016-02-01 02:10:00.000000 UTC,54250,24.9347,30.8815
29093,16111,2016-02-01 01:15:00.000000 UTC,31270,24.9349,24.9292
29093,39261,2016-02-01 20:35:00.000000 UTC,27790,24.9352,28.0641
28255,39261,2016-02-19 01:05:00.000000 UTC,28510,24.9357,25.0694
28255,39261,2016-02-21 11:40:00.000000 UTC,30970,24.9376,24.9626
39261,29093,2016-02-12 11:25:00.000000 UTC,50350,24.9377,25.3273
39261,16111,2016-02-12 23:55:00.000000 UTC,7450,24.9379,25.5307
39261,28255,2016-02-14 15:31:40.000000 UTC,1810,24.9389,25.1
16111,39261,2016-02-07 06:25:00.000000 UTC,41890,24.9391,24.9723
39261,29093,2016-02-12 13:10:00.000000 UTC,11830,24.9394,29.7969
29093,28255,2016-02-03 13:25:00.000000 UTC,35830,24.9396,24.913
29093,39261,2016-02-03 02:50:00.000000 UTC,29290,24.94,27.4346
29093,39261,2016-02-04 22:31:40.000000 UTC,55990,24.9407,27.6198
16111,39261,2016-02-06 19:40:00.000000 UTC,17410,24.9409,29.6445
29093,28255,2016-02-02 01:05:00.000000 UTC,41350,24.9412,25.0512
39261,28255,2016-02-18 04:30:00.000000 UTC,44410,24.9417,24.9301
28255,16111,2016-02-19 02:10:00.000000 UTC,40750,24.9418,24.8237
29093,39261,2016-02-01 05:16:40.000000 UTC,27550,24.9445,25.0038
16111,39261,2016-02-07 13:01:40.000000 UTC,15010,24.9462,24.8929
16111,39261,2016-02-08 13:50:00.000000 UTC,28210,24.9462,25.7471
16111,29093,2016-02-06 17:31:40.000000 UTC,49750,24.9468,29.4468
29093,28255,2016-02-01 00:05:00.000000 UTC,34810,24.9474,24.9225
39261,29093,2016-02-12 14:20:00.000000 UTC,27310,24.9475,24.9689
39261,28255,2016-02-17 23:01:40.000000 UTC,59470,24.9475,30.1521
28255,29093,2016-02-18 20:05:00.000000 UTC,47350,24.9486,14.8537
29093,39261,2016-02-05 07:55:00.000000 UTC,53050,24.9496,25.049
28255,39261,2016-02-22 17:16:40.000000 UTC,48790,24.9506,25.4249
16111,29093,2016-02-07 01:10:00.000000 UTC,34150,24.9511,24.9668
28255,16111,2016-02-18 07:01:40.000000 UTC,15850,24.9514,24.8798
29093,28255,2016-02-01 17:30:00.000000 UTC,22090,24.9515,24.9477
39261,28255,2016-02-12 11:35:00.000000 UTC,52270,24.9516,27.9809
29093,28255,2016-02-02 21:55:00.000000 UTC,32470,24.9558,25.1869
16111,28255,2016-02-07 12:00:00.000000 UTC,27490,24.9578,23.2131
16111,28255,2016-02-06 20:50:00.000000 UTC,19150,24.9584,24.9309
28255,29093,2016-02-18 12:50:00.000000 UTC,59530,24.9602,30.661
39261,28255,2016-02-18 01:45:00.000000 UTC,56530,24.9623,24.9488
16111,29093,2016-02-06 21:45:00.000000 UTC,29650,24.963,24.954
29093,39261,2016-02-03 02:50:00.000000 UTC,45430,24.9633,25.0721
16111,28255,2016-02-10 00:40:00.000000 UTC,31810,24.9642,27.5685
28255,16111,2016-02-18 06:20:00.000000 UTC,2770,24.9645,25.4937
39261,28255,2016-02-14 10:31:40.000000 UTC,1870,24.9658,24.4792
16111,39261,2016-02-10 00:40:00.000000 UTC,8650,24.966,28.4575
29093,28255,2016-02-05 12:46:40.000000 UTC,45910,24.9662,24.9676
39261,28255,2016-02-15 18:10:00.000000 UTC,44110,24.9673,30.0715
16111,28255,2016-02-06 23:55:00.000000 UTC,31690,24.9675,24.9407
28255,39261,2016-02-23 05:55:00.000000 UTC,44650,24.969,24.9741
28255,29093,2016-02-20 09:01:40.000000 UTC,45850,24.9691,30.3583
39261,28255,2016-02-14 12:10:00.000000 UTC,50530,24.9694,28.7632
39261,16111,2016-02-12 14:46:40.000000 UTC,57970,24.9696,31.1334
39261,29093,2016-02-12 11:05:00.000000 UTC,32290,24.9699,24.9477
39261,28255,2016-02-15 00:25:00.000000 UTC,42910,24.97,24.8828
16111,29093,2016-02-06 18:45:00.000000 UTC,7030,24.9711,24.9655
29093,39261,2016-02-03 17:10:00.000000 UTC,26350,24.9721,24.9323
39261,29093,2016-02-14 17:15:00.000000 UTC,43090,24.9736,25.0054
28255,39261,2016-02-18 15:46:40.000000 UTC,16090,24.9739,25.0158
28255,39261,2016-02-18 04:40:00.000000 UTC,44230,24.9763,24.9087
28255,16111,2016-02-18 15:00:00.000000 UTC,35770,24.9763,28.0323
29093,28255,2016-02-01 01:15:00.000000 UTC,35050,24.9776,24.9769
39261,28255,2016-02-12 15:45:00.000000 UTC,31930,24.9779,25.1855
29093,28255,2016-02-04 20:15:00.000000 UTC,8950,24.9796,28.7743
28255,29093,2016-02-19 05:35:00.000000 UTC,36370,24.9803,25.1603
29093,39261,2016-02-02 12:50:00.000000 UTC,31090,24.9817,24.9878
39261,28255,2016-02-16 02:46:40.000000 UTC,18430,24.9819,26.0944
28255,16111,2016-02-18 07:25:00.000000 UTC,32590,24.982,25.0268
28255,29093,2016-02-18 08:16:40.000000 UTC,40150,24.9837,27.2587
39261,29093,2016-02-12 20:45:00.000000 UTC,15550,24.9841,29.0242
29093,28255,2016-02-02 11:25:00.000000 UTC,36310,24.9842,24.9768
16111,39261,2016-02-07 17:25:00.000000 UTC,34210,24.9842,24.9485
39261,28255,2016-02-15 22:25:00.000000 UTC,6430,24.9846,24.9734
39261,28255,2016-02-14 10:31:40.000000 UTC,1930,24.9852,24.8978
29093,28255,2016-02-06 06:40:00.000000 UTC,33610,24.9861,27.2435
39261,28255,2016-02-16 11:50:00.000000 UTC,27610,24.9868,26.8345
29093,28255,2016-02-01 04:45:00.000000 UTC,19390,24.9872,24.9082
16111,29093,2016-02-06 18:16:40.000000 UTC,44230,24.9877,29.2671
28255,39261,2016-02-21 03:30:00.000000 UTC,58330,24.9886,28.5703
29093,39261,2016-02-05 00:50:00.000000 UTC,39010,24.9891,24.9937
39261,16111,2016-02-13 01:40:00.000000 UTC,36370,24.9898,24.9044
39261,28255,2016-02-17 09:50:00.000000 UTC,28870,24.9898,25.4616
39261,16111,2016-02-16 16:31:40.000000 UTC,35890,24.9911,24.8655
29093,16111,2016-02-05 20:16:40.000000 UTC,49570,24.9917,25.5394
16111,28255,2016-02-06 22:46:40.000000 UTC,32530,24.9917,28.8881
16111,39261,2016-02-10 13:45:00.000000 UTC,57910,24.9928,27.1942
39261,29093,2016-02-12 16:16:40.000000 UTC,25330,24.9929,24.9751
29093,39261,2016-02-01 06:25:00.000000 UTC,11590,24.9937,26.141
39261,16111,2016-02-13 01:40:00.000000 UTC,40810,24.9937,25.0296
39261,29093,2016-02-16 14:10:00.000000 UTC,59290,24.9943,25.9138
28255,39261,2016-02-20 12:30:00.000000 UTC,45850,24.9943,27.6861
16111,28255,2016-02-10 07:05:00.000000 UTC,38530,24.9953,24.9818
28255,39261,2016-02-18 17:25:00.000000 UTC,16150,24.9955,24.9776
16111,28255,2016-02-07 10:01:40.000000 UTC,38770,24.9966,24.8883
29093,39261,2016-02-01 01:31:40.000000 UTC,43990,24.9973,28.0752
16111,28255,2016-02-07 05:35:00.000000 UTC,27130,24.9976,24.9406
39261,28255,2016-02-13 04:30:00.000000 UTC,39010,24.9978,25.479
16111,39261,2016-02-09 10:40:00.000000 UTC,2950,24.9983,17.926
39261,28255,2016-02-12 16:16:40.000000 UTC,17830,24.9989,27.4389
39261,28255,2016-02-14 12:10:00.000000 UTC,1990,24.9999,25.5694
39261,28255,2016-02-14 10:31:40.000000 UTC,1990,25.0036,25.2847
16111,29093,2016-02-07 12:00:00.000000 UTC,22570,25.0047,27.3127
16111,28255,2016-02-07 06:25:00.000000 UTC,43870,25.0048,25.0475
29093,28255,2016-02-04 15:46:40.000000 UTC,25150,25.0064,25.9258
29093,39261,2016-02-06 01:25:00.000000 UTC,33190,25.0077,25.0194
16111,28255,2016-02-10 16:01:40.000000 UTC,21310,25.0082,25.3236
29093,39261,2016-02-03 15:16:40.000000 UTC,14890,25.0089,29.0288
39261,16111,2016-02-16 11:50:00.000000 UTC,24610,25.0089,25.0407
28255,39261,2016-02-22 03:01:40.000000 UTC,1690,25.0092,25.7066
28255,39261,2016-02-18 19:10:00.000000 UTC,40210,25.0096,25.1596
28255,39261,2016-02-19 01:05:00.000000 UTC,49810,25.0107,29.2419
16111,28255,2016-02-11 16:20:00.000000 UTC,22810,25.0116,25.0304
28255,16111,2016-02-21 18:05:00.000000 UTC,47650,25.0122,25.678
28255,29093,2016-02-22 17:16:40.000000 UTC,37810,25.0132,24.9732
28255,29093,2016-02-20 23:35:00.000000 UTC,310,25.0148,25.0521
28255,29093,2016-02-19 21:45:00.000000 UTC,44530,25.0153,24.9914
28255,39261,2016-02-22 19:45:00.000000 UTC,8110,25.0159,24.9034
16111,28255,2016-02-10 13:45:00.000000 UTC,56890,25.0162,25.1632
39261,29093,2016-02-12 12:15:00.000000 UTC,26050,25.0174,26.3542
29093,39261,2016-02-04 22:31:40.000000 UTC,25810,25.0193,26.928
16111,39261,2016-02-12 11:00:00.000000 UTC,6310,25.0195,25.3431
29093,28255,2016-02-01 20:35:00.000000 UTC,33130,25.0197,25.0084
39261,28255,2016-02-14 10:31:40.000000 UTC,2050,25.0207,25.6431
16111,39261,2016-02-08 23:45:00.000000 UTC,52870,25.021,28.0001
16111,29093,2016-02-06 22:15:00.000000 UTC,1870,25.0226,26.819
16111,39261,2016-02-06 21:16:40.000000 UTC,11650,25.024,29.5602
29093,39261,2016-02-02 15:45:00.000000 UTC,17890,25.0241,26.668
28255,39261,2016-02-22 10:01:40.000000 UTC,50590,25.0244,27.7722
39261,28255,2016-02-14 12:10:00.000000 UTC,2050,25.0249,25.9047
39261,29093,2016-02-12 14:46:40.000000 UTC,56770,25.0269,30.4503
39261,28255,2016-02-13 15:45:00.000000 UTC,26650,25.0288,25.0176
28255,39261,2016-02-18 04:46:40.000000 UTC,39550,25.0295,25.0116
28255,39261,2016-02-21 11:40:00.000000 UTC,28810,25.0304,27.0745
39261,16111,2016-02-12 11:35:00.000000 UTC,7450,25.0305,28.1295
29093,28255,2016-02-04 20:15:00.000000 UTC,49450,25.0309,25.0393
39261,28255,2016-02-14 01:16:40.000000 UTC,48610,25.0309,25.04
16111,29093,2016-02-10 23:01:40.000000 UTC,56350,25.0314,31.0391
39261,29093,2016-02-14 20:46:40.000000 UTC,31150,25.0318,25.1553
28255,39261,2016-02-22 10:01:40.000000 UTC,14890,25.032,28.5986
29093,28255,2016-02-01 01:31:40.000000 UTC,59170,25.0328,25.0172
29093,39261,2016-02-01 04:45:00.000000 UTC,11050,25.0333,25.5586
16111,28255,2016-02-11 03:50:00.000000 UTC,12250,25.0342,25.0984
29093,28255,2016-02-04 22:31:40.000000 UTC,26350,25.0353,25.0305
29093,28255,2016-02-06 14:45:00.000000 UTC,33370,25.0363,24.8513
16111,28255,2016-02-09 18:30:00.000000 UTC,18190,25.0366,26.684
29093,28255,2016-02-01 14:40:00.000000 UTC,43930,25.0367,25.0804
29093,28255,2016-02-04 03:01:40.000000 UTC,49870,25.0377,28.115
28255,39261,2016-02-19 17:20:00.000000 UTC,55750,25.0379,30.438
29093,39261,2016-02-01 18:30:00.000000 UTC,20950,25.038,26.9676
16111,39261,2016-02-07 12:00:00.000000 UTC,42790,25.0383,27.5684
28255,29093,2016-02-18 07:25:00.000000 UTC,57130,25.0385,27.8835
16111,29093,2016-02-08 12:16:40.000000 UTC,29350,25.0388,25.1385
29093,39261,2016-02-01 22:46:40.000000 UTC,19930,25.0399,25.0384
28255,16111,2016-02-18 10:55:00.000000 UTC,22090,25.0419,25.0703
29093,16111,2016-02-01 15:35:00.000000 UTC,28990,25.0422,27.8986
29093,39261,2016-02-01 12:05:00.000000 UTC,56830,25.0427,30.8391
39261,28255,2016-02-12 15:45:00.000000 UTC,40210,25.0438,27.9036
29093,28255,2016-02-06 06:40:00.000000 UTC,58270,25.0441,30.027
28255,39261,2016-02-18 04:55:00.000000 UTC,50290,25.0466,25.1206
16111,28255,2016-02-10 18:20:00.000000 UTC,49090,25.0469,30.6951
39261,28255,2016-02-12 12:00:00.000000 UTC,50170,25.0497,25.0596
39261,29093,2016-02-14 05:46:40.000000 UTC,40210,25.0499,24.9538
28255,39261,2016-02-18 09:15:00.000000 UTC,7990,25.0501,25.1536
29093,28255,2016-02-01 00:35:00.000000 UTC,55750,25.0512,30.5196
39261,28255,2016-02-13 01:40:00.000000 UTC,58510,25.0514,30.2324
29093,28255,2016-02-05 00:50:00.000000 UTC,58210,25.0517,30.4839
28255,39261,2016-02-22 07:40:00.000000 UTC,42370,25.0517,25.0553
28255,29093,2016-02-18 19:10:00.000000 UTC,57370,25.0518,28.5861
16111,28255,2016-02-07 22:15:00.000000 UTC,49990,25.052,29.2747
16111,28255,2016-02-10 23:01:40.000000 UTC,22990,25.0533,25.1642
28255,16111,2016-02-20 14:16:40.000000 UTC,16570,25.0533,26.9977
39261,28255,2016-02-17 23:01:40.000000 UTC,53410,25.0538,29.845
29093,28255,2016-02-01 20:35:00.000000 UTC,22750,25.0549,25.0201
29093,16111,2016-02-04 09:16:40.000000 UTC,13570,25.0551,29.1075
28255,29093,2016-02-19 14:31:40.000000 UTC,19150,25.0556,25.0816
28255,39261,2016-02-21 01:31:40.000000 UTC,56230,25.0556,30.1959
16111,29093,2016-02-09 14:31:40.000000 UTC,57550,25.0563,28.6882
29093,28255,2016-02-05 00:50:00.000000 UTC,58150,25.0564,30.3822
28255,39261,2016-02-21 03:30:00.000000 UTC,53350,25.0569,24.9865
28255,39261,2016-02-18 07:25:00.000000 UTC,33730,25.0585,25.058
29093,28255,2016-02-01 01:31:40.000000 UTC,55210,25.0606,28.6346
16111,28255,2016-02-07 22:15:00.000000 UTC,7210,25.0612,25.098
29093,39261,2016-02-01 03:46:40.000000 UTC,46570,25.0625,25.0229
29093,28255,2016-02-02 04:45:00.000000 UTC,55150,25.0631,29.2707
28255,16111,2016-02-20 09:01:40.000000 UTC,58750,25.0637,30.8954
28255,29093,2016-02-20 23:35:00.000000 UTC,22090,25.0639,25.9118
16111,29093,2016-02-11 16:20:00.000000 UTC,16150,25.0659,26.7686
28255,16111,2016-02-19 02:10:00.000000 UTC,27310,25.0659,28.9567
29093,28255,2016-02-02 07:20:00.000000 UTC,47470,25.0662,25.0031
28255,39261,2016-02-19 10:31:40.000000 UTC,27190,25.0664,25.0577
29093,28255,2016-02-06 12:01:40.000000 UTC,44170,25.0677,27.4738
28255,29093,2016-02-21 03:30:00.000000 UTC,23410,25.069,27.0429
29093,28255,2016-02-02 20:20:00.000000 UTC,47410,25.0696,30.7703
28255,16111,2016-02-18 18:16:40.000000 UTC,29530,25.0704,27.603
29093,16111,2016-02-05 05:31:40.000000 UTC,58570,25.071,31.4504
39261,29093,2016-02-16 00:35:00.000000 UTC,59650,25.071,30.3518
29093,28255,2016-02-02 14:16:40.000000 UTC,33130,25.0719,28.1382
28255,39261,2016-02-20 00:50:00.000000 UTC,53290,25.0721,24.6765
39261,28255,2016-02-14 20:46:40.000000 UTC,17710,25.075,25.1579
16111,28255,2016-02-06 23:55:00.000000 UTC,30250,25.0765,24.9967
39261,29093,2016-02-13 09:46:40.000000 UTC,22690,25.0777,24.9729
16111,28255,2016-02-06 20:25:00.000000 UTC,17110,25.0793,26.6297
28255,39261,2016-02-18 18:16:40.000000 UTC,31990,25.0796,27.3385
16111,39261,2016-02-06 17:40:00.000000 UTC,54670,25.0802,30.2899
39261,28255,2016-02-15 04:10:00.000000 UTC,35770,25.0811,23.4576
29093,28255,2016-02-05 03:10:00.000000 UTC,53410,25.0814,20.0318
29093,16111,2016-02-06 12:01:40.000000 UTC,15430,25.0822,25.1487
28255,39261,2016-02-23 00:46:40.000000 UTC,58270,25.0827,30.239
16111,29093,2016-02-07 13:01:40.000000 UTC,22990,25.0829,25.4688
39261,28255,2016-02-12 15:45:00.000000 UTC,10630,25.0832,28.717
28255,39261,2016-02-18 04:55:00.000000 UTC,33610,25.0837,25.0816
28255,39261,2016-02-21 03:30:00.000000 UTC,19150,25.086,27.1934
16111,39261,2016-02-07 07:16:40.000000 UTC,51430,25.0866,30.8527
39261,16111,2016-02-13 01:40:00.000000 UTC,47470,25.0869,25.051
16111,28255,2016-02-10 11:30:00.000000 UTC,45490,25.0873,25.1047
28255,16111,2016-02-22 10:01:40.000000 UTC,49090,25.0891,27.9357
39261,28255,2016-02-13 03:31:40.000000 UTC,44830,25.0894,25.1199
29093,16111,2016-02-02 12:50:00.000000 UTC,56050,25.0897,29.6917
29093,28255,2016-02-04 22:31:40.000000 UTC,54850,25.0903,25.2263
29093,28255,2016-02-01 07:01:40.000000 UTC,18250,25.0933,25.1031
16111,28255,2016-02-07 01:50:00.000000 UTC,57670,25.0936,30.6956
28255,39261,2016-02-18 18:16:40.000000 UTC,38050,25.0938,27.4007
16111,39261,2016-02-07 19:46:40.000000 UTC,28990,25.0945,25.1052
29093,39261,2016-02-03 01:10:00.000000 UTC,28270,25.0973,25.105
39261,29093,2016-02-12 14:20:00.000000 UTC,20170,25.0974,24.9702
29093,28255,2016-02-02 10:01:40.000000 UTC,31450,25.0977,25.0847
28255,16111,2016-02-18 21:01:40.000000 UTC,30910,25.0988,25.1283
39261,28255,2016-02-12 15:45:00.000000 UTC,25270,25.0992,27.7398
29093,28255,2016-02-05 03:10:00.000000 UTC,55450,25.1001,26.6878
29093,16111,2016-02-04 05:05:00.000000 UTC,33730,25.1014,25.0865
28255,16111,2016-02-18 04:55:00.000000 UTC,51010,25.1017,24.9289
16111,39261,2016-02-09 01:30:00.000000 UTC,43270,25.1025,25.1272
29093,39261,2016-02-01 05:16:40.000000 UTC,27430,25.1033,25.5494
16111,39261,2016-02-10 00:40:00.000000 UTC,50710,25.1036,28.3749
39261,28255,2016-02-12 11:25:00.000000 UTC,53230,25.1039,30.1295
39261,16111,2016-02-15 22:25:00.000000 UTC,35110,25.1045,25.0847
39261,28255,2016-02-12 11:16:40.000000 UTC,8170,25.1048,25.4426
28255,39261,2016-02-18 07:25:00.000000 UTC,59530,25.106,30.4132
16111,28255,2016-02-12 05:31:40.000000 UTC,41290,25.1065,28.8733
28255,39261,2016-02-21 03:30:00.000000 UTC,4870,25.1091,25.1725
39261,28255,2016-02-13 01:40:00.000000 UTC,19330,25.1096,26.1419
29093,16111,2016-02-03 19:05:00.000000 UTC,53890,25.1097,31.3667
16111,29093,2016-02-08 09:15:00.000000 UTC,25030,25.1122,25.1168
28255,39261,2016-02-19 03:16:40.000000 UTC,54910,25.1126,19.6295
16111,28255,2016-02-11 03:50:00.000000 UTC,18190,25.1127,25.1107
16111,39261,2016-02-12 00:10:00.000000 UTC,31810,25.1135,25.0434
39261,16111,2016-02-16 02:46:40.000000 UTC,59710,25.114,29.1044
39261,28255,2016-02-16 02:46:40.000000 UTC,12370,25.1162,25.6648
29093,39261,2016-02-01 01:00:00.000000 UTC,20350,25.1164,25.2421
16111,28255,2016-02-12 02:50:00.000000 UTC,23650,25.1165,25.1476
29093,28255,2016-02-01 05:50:00.000000 UTC,21790,25.1167,27.1803
16111,28255,2016-02-07 07:16:40.000000 UTC,31750,25.1174,26.2443
16111,29093,2016-02-06 20:01:40.000000 UTC,1690,25.118,25.9088
28255,16111,2016-02-18 09:15:00.000000 UTC,4090,25.119,25.545
28255,39261,2016-02-18 09:15:00.000000 UTC,25270,25.1191,28.1997
16111,28255,2016-02-06 20:50:00.000000 UTC,1510,25.1193,26.1228
28255,29093,2016-02-20 14:16:40.000000 UTC,31210,25.1193,25.1859
28255,16111,2016-02-21 20:16:40.000000 UTC,30250,25.1199,25.4622
39261,16111,2016-02-13 07:35:00.000000 UTC,24970,25.12,29.2106
29093,28255,2016-02-05 12:46:40.000000 UTC,56650,25.1201,29.1904
29093,28255,2016-02-01 15:35:00.000000 UTC,50110,25.1204,25.1183
28255,39261,2016-02-18 04:55:00.000000 UTC,59170,25.1215,29.9337
28255,39261,2016-02-18 21:01:40.000000 UTC,8530,25.1244,25.0252
39261,28255,2016-02-12 12:15:00.000000 UTC,13930,25.125,26.1453
39261,16111,2016-02-15 14:01:40.000000 UTC,21910,25.1295,29.5811
16111,39261,2016-02-11 21:31:40.000000 UTC,18670,25.1297,26.2343
29093,28255,2016-02-01 04:45:00.000000 UTC,1750,25.1316,26.1968
28255,29093,2016-02-22 17:16:40.000000 UTC,11950,25.1322,27.6387
29093,16111,2016-02-05 20:16:40.000000 UTC,43810,25.1331,26.0547
16111,29093,2016-02-10 07:05:00.000000 UTC,51550,25.1336,30.402
16111,28255,2016-02-12 11:00:00.000000 UTC,9970,25.1338,28.2255
29093,39261,2016-02-01 04:15:00.000000 UTC,28870,25.1343,25.0961
16111,28255,2016-02-07 23:31:40.000000 UTC,41950,25.1343,25.1017
29093,28255,2016-02-01 07:40:00.000000 UTC,49510,25.1349,24.9724
16111,28255,2016-02-10 09:16:40.000000 UTC,32050,25.1361,23.687
28255,16111,2016-02-18 19:10:00.000000 UTC,56530,25.137,30.2358
16111,39261,2016-02-11 03:50:00.000000 UTC,46390,25.1381,28.4584
16111,28255,2016-02-06 18:16:40.000000 UTC,12670,25.1395,25.6653
29093,39261,2016-02-05 00:50:00.000000 UTC,23770,25.1398,29.5851
39261,28255,2016-02-14 15:31:40.000000 UTC,41110,25.14,28.0107
16111,39261,2016-02-06 18:16:40.000000 UTC,15790,25.1409,25.2916
16111,28255,2016-02-07 01:10:00.000000 UTC,15250,25.1416,28.968
28255,29093,2016-02-18 05:45:00.000000 UTC,14710,25.1426,26.6249
29093,28255,2016-02-06 17:30:00.000000 UTC,13750,25.1428,24.4221
16111,39261,2016-02-06 22:46:40.000000 UTC,29050,25.1436,25.1627
39261,28255,2016-02-17 04:45:00.000000 UTC,34690,25.1448,24.2753
16111,28255,2016-02-07 21:00:00.000000 UTC,29290,25.1451,25.1259
16111,28255,2016-02-12 02:50:00.000000 UTC,41770,25.1474,24.9942
39261,28255,2016-02-12 13:10:00.000000 UTC,59110,25.1481,30.2438
16111,28255,2016-02-07 23:31:40.000000 UTC,53950,25.1482,25.2429
29093,39261,2016-02-01 00:25:00.000000 UTC,38470,25.1491,25.0897
28255,39261,2016-02-19 20:15:00.000000 UTC,27610,25.1509,25.0371
39261,29093,2016-02-13 23:50:00.000000 UTC,44590,25.1512,30.0505
28255,39261,2016-02-18 05:45:00.000000 UTC,53230,25.1521,29.9303
29093,16111,2016-02-01 01:15:00.000000 UTC,14650,25.1524,25.1429
29093,16111,2016-02-05 05:31:40.000000 UTC,27070,25.153,26.7445
16111,28255,2016-02-06 20:50:00.000000 UTC,1450,25.1531,25.8544
39261,29093,2016-02-17 04:45:00.000000 UTC,57430,25.1537,27.0476
39261,16111,2016-02-13 07:35:00.000000 UTC,21910,25.154,26.9479
28255,29093,2016-02-18 19:10:00.000000 UTC,8170,25.1547,27.1527
39261,28255,2016-02-15 00:25:00.000000 UTC,1750,25.1554,26.4662
39261,28255,2016-02-17 02:15:00.000000 UTC,52750,25.1555,25.263
29093,39261,2016-02-03 01:10:00.000000 UTC,22330,25.1565,25.176
39261,29093,2016-02-14 15:31:40.000000 UTC,53710,25.1568,25.1169
16111,39261,2016-02-09 05:05:00.000000 UTC,58270,25.1577,30.8676
16111,28255,2016-02-06 23:20:00.000000 UTC,36130,25.1579,25.1628
29093,39261,2016-02-02 23:31:40.000000 UTC,51730,25.159,25.2252
28255,39261,2016-02-22 12:25:00.000000 UTC,1990,25.1598,25.6269
39261,28255,2016-02-12 12:00:00.000000 UTC,38110,25.1609,25.1374
39261,29093,2016-02-18 01:45:00.000000 UTC,1690,25.1615,25.8255
39261,28255,2016-02-14 08:55:00.000000 UTC,2230,25.1624,26.3639
16111,39261,2016-02-06 18:05:00.000000 UTC,53530,25.1635,30.6419
16111,29093,2016-02-09 18:30:00.000000 UTC,20650,25.1639,27.0312
28255,39261,2016-02-21 15:55:00.000000 UTC,25510,25.167,26.4212
28255,39261,2016-02-22 17:16:40.000000 UTC,36670,25.1671,25.1624
16111,39261,2016-02-08 23:45:00.000000 UTC,28090,25.1672,29.2347
39261,28255,2016-02-16 00:35:00.000000 UTC,16390,25.1689,25.914
39261,16111,2016-02-15 10:00:00.000000 UTC,27730,25.169,26.8816
16111,28255,2016-02-06 18:30:00.000000 UTC,22930,25.1703,25.1029
29093,16111,2016-02-01 19:31:40.000000 UTC,34390,25.1706,28.4205
39261,28255,2016-02-15 00:25:00.000000 UTC,1570,25.1735,25.6263
29093,28255,2016-02-04 20:15:00.000000 UTC,29590,25.1741,27.7953
16111,28255,2016-02-06 21:16:40.000000 UTC,23530,25.1751,25.3795
16111,28255,2016-02-08 13:50:00.000000 UTC,15370,25.1758,25.0491
16111,28255,2016-02-06 19:01:40.000000 UTC,12850,25.1771,25.4988
28255,39261,2016-02-18 06:40:00.000000 UTC,56410,25.1771,25.2853
16111,39261,2016-02-11 03:50:00.000000 UTC,34270,25.178,27.9254
16111,29093,2016-02-09 18:30:00.000000 UTC,40450,25.1788,28.9958
28255,16111,2016-02-18 07:25:00.000000 UTC,43870,25.1804,25.1292
39261,28255,2016-02-15 10:00:00.000000 UTC,19090,25.1806,25.7524
16111,39261,2016-02-10 04:55:00.000000 UTC,39010,25.1816,25.1125
29093,39261,2016-02-01 07:40:00.000000 UTC,55630,25.1829,30.7076
16111,39261,2016-02-06 22:46:40.000000 UTC,42190,25.1832,29.1871
28255,39261,2016-02-19 14:31:40.000000 UTC,12010,25.1833,29.1297
28255,16111,2016-02-19 17:20:00.000000 UTC,42970,25.1833,25.0791
29093,16111,2016-02-05 22:50:00.000000 UTC,17950,25.1838,28.3387
28255,39261,2016-02-20 00:50:00.000000 UTC,23590,25.1838,25.1901
16111,39261,2016-02-06 18:45:00.000000 UTC,44590,25.1839,25.2212
39261,28255,2016-02-15 04:10:00.000000 UTC,1510,25.1847,26.1466
39261,28255,2016-02-14 07:20:00.000000 UTC,54310,25.1848,25.1691
29093,28255,2016-02-02 03:30:00.000000 UTC,52630,25.1857,25.2499
29093,39261,2016-02-01 02:55:00.000000 UTC,14650,25.1871,25.9366
28255,39261,2016-02-19 08:00:00.000000 UTC,11530,25.188,28.5921
16111,29093,2016-02-10 07:05:00.000000 UTC,36190,25.1893,25.0015
39261,28255,2016-02-13 07:35:00.000000 UTC,28150,25.1894,28.8981
16111,39261,2016-02-07 01:50:00.000000 UTC,52690,25.1922,25.2744
39261,16111,2016-02-13 15:45:00.000000 UTC,42670,25.1923,25.2129
28255,39261,2016-02-19 03:16:40.000000 UTC,45130,25.1928,25.2366
39261,16111,2016-02-16 09:31:40.000000 UTC,37810,25.1953,25.2637
16111,29093,2016-02-11 16:20:00.000000 UTC,38530,25.1957,26.7513
29093,28255,2016-02-01 05:16:40.000000 UTC,41530,25.1969,26.6681
39261,29093,2016-02-12 17:25:00.000000 UTC,55210,25.1974,27.9477
39261,16111,2016-02-13 21:01:40.000000 UTC,10090,25.1987,29.2446
28255,16111,2016-02-22 07:40:00.000000 UTC,49270,25.2005,28.9607
28255,16111,2016-02-22 07:40:00.000000 UTC,3370,25.2007,25.3514
28255,29093,2016-02-18 06:20:00.000000 UTC,41050,25.2025,25.1814
16111,28255,2016-02-07 15:10:00.000000 UTC,54370,25.2027,29.5168
29093,39261,2016-02-02 04:45:00.000000 UTC,15190,25.203,26.1888
16111,28255,2016-02-07 22:15:00.000000 UTC,41530,25.2036,25.6318
39261,28255,2016-02-15 20:16:40.000000 UTC,10570,25.205,26.1898
28255,29093,2016-02-21 07:31:40.000000 UTC,44530,25.2052,25.2052
29093,39261,2016-02-05 07:55:00.000000 UTC,28210,25.2067,26.9233
39261,29093,2016-02-12 18:40:00.000000 UTC,53170,25.2067,25.1853
28255,16111,2016-02-23 16:31:40.000000 UTC,56890,25.2068,30.6301
16111,28255,2016-02-11 21:31:40.000000 UTC,40450,25.2078,25.2366
16111,28255,2016-02-11 13:46:40.000000 UTC,34030,25.2084,25.2596
16111,39261,2016-02-08 02:10:00.000000 UTC,35290,25.2092,25.1847
28255,29093,2016-02-21 03:30:00.000000 UTC,48850,25.2099,28.7253
28255,29093,2016-02-23 19:15:00.000000 UTC,21970,25.2101,26.9345
39261,28255,2016-02-12 17:25:00.000000 UTC,55930,25.2117,25.2194
29093,28255,2016-02-04 15:46:40.000000 UTC,19090,25.2123,25.4129
39261,28255,2016-02-16 02:46:40.000000 UTC,34390,25.2125,25.2298
29093,28255,2016-02-02 17:15:00.000000 UTC,58630,25.2135,30.999
28255,39261,2016-02-18 10:55:00.000000 UTC,32230,25.2135,25.2123
39261,28255,2016-02-13 17:01:40.000000 UTC,8590,25.214,25.2344
29093,39261,2016-02-01 04:15:00.000000 UTC,40810,25.2141,25.2471
16111,28255,2016-02-08 13:50:00.000000 UTC,34870,25.2144,25.734
39261,28255,2016-02-12 13:31:40.000000 UTC,20110,25.2162,24.7193
39261,28255,2016-02-17 02:15:00.000000 UTC,35050,25.2165,25.274
39261,28255,2016-02-17 20:20:00.000000 UTC,51970,25.2168,25.2046
28255,39261,2016-02-19 03:16:40.000000 UTC,50650,25.2175,27.2555
16111,39261,2016-02-07 23:31:40.000000 UTC,22150,25.2181,26.2521
16111,39261,2016-02-11 13:46:40.000000 UTC,6370,25.22,25.4584
16111,28255,2016-02-07 15:10:00.000000 UTC,54070,25.2203,28.7528
28255,39261,2016-02-20 05:40:00.000000 UTC,29770,25.2203,25.2474
29093,16111,2016-02-02 12:50:00.000000 UTC,24910,25.223,25.2521
39261,29093,2016-02-12 23:55:00.000000 UTC,46210,25.2233,25.288
39261,28255,2016-02-13 13:16:40.000000 UTC,58330,25.2234,30.6975
39261,28255,2016-02-13 19:40:00.000000 UTC,48790,25.2249,25.1854
39261,28255,2016-02-13 17:01:40.000000 UTC,30850,25.2252,25.2168
28255,16111,2016-02-20 21:40:00.000000 UTC,26470,25.2271,28.4712
28255,16111,2016-02-18 04:31:40.000000 UTC,23530,25.2274,25.2027
29093,28255,2016-02-01 02:10:00.000000 UTC,56230,25.2277,30.7651
16111,39261,2016-02-10 23:01:40.000000 UTC,24550,25.2277,25.2184
39261,16111,2016-02-13 23:50:00.000000 UTC,23590,25.2277,25.2229
29093,28255,2016-02-06 14:45:00.000000 UTC,34750,25.2281,25.218
29093,28255,2016-02-03 09:46:40.000000 UTC,12730,25.2285,25.2974
29093,39261,2016-02-04 03:01:40.000000 UTC,35470,25.229,27.4875
28255,16111,2016-02-19 14:31:40.000000 UTC,57490,25.2295,30.8175
16111,28255,2016-02-08 15:25:00.000000 UTC,15730,25.2296,25.1586
39261,28255,2016-02-12 11:35:00.000000 UTC,38110,25.2302,25.2389
39261,28255,2016-02-12 13:55:00.000000 UTC,45430,25.2302,25.2287
28255,16111,2016-02-19 18:46:40.000000 UTC,24550,25.2304,25.2192
29093,39261,2016-02-06 14:45:00.000000 UTC,54850,25.2307,25.2289
16111,39261,2016-02-11 03:50:00.000000 UTC,9610,25.2311,25.5597
16111,28255,2016-02-07 11:00:00.000000 UTC,50950,25.2314,25.1951
29093,28255,2016-02-01 01:50:00.000000 UTC,36550,25.2319,25.2519
16111,39261,2016-02-07 13:01:40.000000 UTC,25450,25.2331,25.1866
29093,28255,2016-02-01 00:01:40.000000 UTC,51670,25.2337,28.9731
39261,28255,2016-02-12 23:05:00.000000 UTC,56890,25.2339,25.249
16111,28255,2016-02-08 13:50:00.000000 UTC,45370,25.2341,25.2582
39261,28255,2016-02-12 13:55:00.000000 UTC,13870,25.2361,26.0983
29093,28255,2016-02-04 18:00:00.000000 UTC,19510,25.2364,25.196
29093,28255,2016-02-04 20:15:00.000000 UTC,49510,25.2381,25.2826
29093,28255,2016-02-01 00:46:40.000000 UTC,45970,25.2391,28.6201
28255,39261,2016-02-23 19:15:00.000000 UTC,21670,25.2406,26.4253
28255,39261,2016-02-19 17:20:00.000000 UTC,35170,25.241,25.1868
16111,28255,2016-02-12 11:00:00.000000 UTC,18970,25.2411,28.0183
29093,16111,2016-02-06 17:30:00.000000 UTC,5590,25.2412,25.1854
39261,28255,2016-02-12 22:16:40.000000 UTC,58570,25.2423,30.0901
28255,39261,2016-02-18 05:05:00.000000 UTC,7870,25.243,24.9399
16111,28255,2016-02-10 18:20:00.000000 UTC,49030,25.2433,30.6233
29093,28255,2016-02-01 04:45:00.000000 UTC,1630,25.2434,25.5458
29093,28255,2016-02-01 00:01:40.000000 UTC,24430,25.2439,25.2783
28255,39261,2016-02-21 22:30:00.000000 UTC,1570,25.2448,26.0478
16111,29093,2016-02-06 17:31:40.000000 UTC,7690,25.245,28.0131
29093,28255,2016-02-01 03:46:40.000000 UTC,47590,25.2454,25.2743
28255,39261,2016-02-21 15:55:00.000000 UTC,58870,25.2458,28.6174
29093,28255,2016-02-03 01:10:00.000000 UTC,18010,25.2462,29.6313
28255,16111,2016-02-20 00:50:00.000000 UTC,11890,25.2469,25.9189
28255,39261,2016-02-18 15:46:40.000000 UTC,11050,25.2478,29.0425
39261,28255,2016-02-12 23:55:00.000000 UTC,49390,25.2486,26.135
16111,39261,2016-02-08 07:46:40.000000 UTC,32350,25.2494,25.2272
29093,28255,2016-02-01 04:15:00.000000 UTC,370,25.2499,25.2433
28255,29093,2016-02-20 02:25:00.000000 UTC,52090,25.25,30.6779
39261,16111,2016-02-15 18:10:00.000000 UTC,20890,25.2515,29.5674
39261,16111,2016-02-15 00:25:00.000000 UTC,1750,25.2526,24.3498
28255,29093,2016-02-20 21:40:00.000000 UTC,56650,25.2547,25.4118
16111,28255,2016-02-08 06:20:00.000000 UTC,38890,25.2549,25.2724
29093,28255,2016-02-04 07:10:00.000000 UTC,34990,25.2552,25.3121
39261,16111,2016-02-15 00:25:00.000000 UTC,33970,25.2574,25.2604
39261,16111,2016-02-15 02:16:40.000000 UTC,44770,25.2583,25.3239
28255,39261,2016-02-19 11:50:00.000000 UTC,59110,25.2605,26.1344
29093,39261,2016-02-05 10:20:00.000000 UTC,43690,25.261,28.3869
16111,39261,2016-02-06 19:01:40.000000 UTC,58690,25.2619,28.0558
16111,39261,2016-02-12 05:31:40.000000 UTC,23110,25.262,26.292
29093,28255,2016-02-01 05:16:40.000000 UTC,490,25.2625,25.6777
39261,28255,2016-02-13 18:20:00.000000 UTC,14950,25.2645,26.6439
28255,29093,2016-02-22 12:25:00.000000 UTC,43210,25.2645,25.2817
16111,39261,2016-02-11 06:16:40.000000 UTC,46210,25.2649,25.3909
29093,39261,2016-02-01 15:35:00.000000 UTC,14650,25.2664,28.6061
28255,39261,2016-02-19 17:20:00.000000 UTC,9070,25.2675,26.4898
29093,28255,2016-02-01 09:01:40.000000 UTC,42670,25.2677,25.2575
28255,39261,2016-02-18 05:45:00.000000 UTC,31630,25.2677,26.7218
39261,28255,2016-02-15 06:05:00.000000 UTC,7870,25.268,27.8912
28255,29093,2016-02-19 06:46:40.000000 UTC,54910,25.2687,28.0795
39261,29093,2016-02-16 02:46:40.000000 UTC,1630,25.2696,25.5958
29093,16111,2016-02-01 04:45:00.000000 UTC,56890,25.27,29.6254
16111,39261,2016-02-09 05:05:00.000000 UTC,12430,25.2702,26.2778
28255,29093,2016-02-21 11:40:00.000000 UTC,58810,25.2721,27.967
28255,39261,2016-02-23 05:55:00.000000 UTC,20830,25.2726,25.2745
28255,16111,2016-02-19 13:10:00.000000 UTC,38410,25.2728,25.2569
39261,28255,2016-02-14 01:16:40.000000 UTC,38470,25.2741,26.8205
29093,16111,2016-02-05 05:31:40.000000 UTC,21730,25.2742,25.3596
29093,39261,2016-02-04 22:31:40.000000 UTC,56650,25.2743,25.2857
16111,39261,2016-02-07 07:16:40.000000 UTC,57190,25.2747,30.5677
28255,39261,2016-02-18 21:01:40.000000 UTC,52270,25.2749,25.2988
39261,28255,2016-02-14 15:31:40.000000 UTC,8470,25.2751,27.8776
39261,28255,2016-02-17 09:50:00.000000 UTC,58570,25.2759,26.1912
28255,29093,2016-02-18 04:30:00.000000 UTC,37030,25.2765,25.2141
16111,39261,2016-02-09 05:05:00.000000 UTC,26410,25.2766,25.2428
29093,28255,2016-02-01 01:50:00.000000 UTC,53170,25.278,25.2846
39261,28255,2016-02-14 02:45:00.000000 UTC,57490,25.2782,30.2785
28255,39261,2016-02-20 07:20:00.000000 UTC,46330,25.2798,25.2853
16111,29093,2016-02-06 20:50:00.000000 UTC,8110,25.281,29.067
16111,28255,2016-02-10 16:01:40.000000 UTC,9190,25.2827,26.397
16111,39261,2016-02-06 17:55:00.000000 UTC,7870,25.2834,25.5546
16111,28255,2016-02-09 10:40:00.000000 UTC,43510,25.2848,28.2365
29093,28255,2016-02-02 03:30:00.000000 UTC,16570,25.2849,25.3053
29093,39261,2016-02-03 15:16:40.000000 UTC,8830,25.2851,29.0662
39261,16111,2016-02-12 11:35:00.000000 UTC,38050,25.2862,28.2318
29093,16111,2016-02-05 12:46:40.000000 UTC,23110,25.2866,25.3211
28255,16111,2016-02-19 18:46:40.000000 UTC,7750,25.2874,25.404
29093,39261,2016-02-01 04:45:00.000000 UTC,47230,25.2875,26.4714
39261,28255,2016-02-14 13:50:00.000000 UTC,56170,25.2879,28.2323
16111,39261,2016-02-07 07:16:40.000000 UTC,57250,25.288,30.6736
16111,39261,2016-02-10 20:40:00.000000 UTC,42130,25.2883,25.3661
16111,39261,2016-02-11 08:45:00.000000 UTC,34930,25.2902,25.2918
29093,39261,2016-02-01 00:35:00.000000 UTC,23410,25.2903,29.9726
29093,28255,2016-02-04 11:25:00.000000 UTC,6190,25.2904,25.313
28255,16111,2016-02-22 03:01:40.000000 UTC,8410,25.2912,27.6314
28255,16111,2016-02-19 09:15:00.000000 UTC,11470,25.2924,25.2685
29093,28255,2016-02-05 22:50:00.000000 UTC,17470,25.2932,27.2097
39261,29093,2016-02-12 12:15:00.000000 UTC,54670,25.2932,25.4165
39261,28255,2016-02-15 14:01:40.000000 UTC,50050,25.2933,30.1001
29093,39261,2016-02-05 10:20:00.000000 UTC,7630,25.2944,28.3722
29093,39261,2016-02-02 07:20:00.000000 UTC,28150,25.295,25.0225
16111,39261,2016-02-06 20:01:40.000000 UTC,10990,25.295,28.7007
29093,16111,2016-02-02 14:16:40.000000 UTC,9010,25.2972,29.335
29093,39261,2016-02-03 13:25:00.000000 UTC,25450,25.2975,25.2631
28255,39261,2016-02-22 07:40:00.000000 UTC,42310,25.2986,25.2955
28255,16111,2016-02-18 15:46:40.000000 UTC,58090,25.2999,28.1693
39261,28255,2016-02-18 01:45:00.000000 UTC,28210,25.3,25.3732
28255,29093,2016-02-18 15:00:00.000000 UTC,46990,25.3001,28.4027
39261,28255,2016-02-15 02:16:40.000000 UTC,1570,25.3004,26.0307
16111,28255,2016-02-07 06:25:00.000000 UTC,41050,25.3013,30.4453
16111,39261,2016-02-08 02:10:00.000000 UTC,36790,25.303,25.3742
16111,28255,2016-02-09 18:30:00.000000 UTC,23890,25.3037,25.3324
39261,28255,2016-02-12 14:46:40.000000 UTC,58930,25.3037,30.057
16111,28255,2016-02-12 02:50:00.000000 UTC,48910,25.3039,25.3138
29093,39261,2016-02-01 07:01:40.000000 UTC,30130,25.3048,27.4034
16111,29093,2016-02-07 17:25:00.000000 UTC,45910,25.305,25.3175
29093,28255,2016-02-01 01:50:00.000000 UTC,13690,25.3057,28.4961
28255,16111,2016-02-21 22:30:00.000000 UTC,31870,25.3065,27.7542
39261,16111,2016-02-12 12:15:00.000000 UTC,58210,25.3073,30.4563
29093,28255,2016-02-05 05:31:40.000000 UTC,20170,25.3084,25.4956
16111,28255,2016-02-08 04:55:00.000000 UTC,31150,25.3089,25.3256
28255,16111,2016-02-18 14:15:00.000000 UTC,46870,25.3093,29.0259
39261,28255,2016-02-13 00:46:40.000000 UTC,49570,25.3112,25.3367
29093,28255,2016-02-03 23:00:00.000000 UTC,28810,25.3114,29.8455
29093,28255,2016-02-04 05:05:00.000000 UTC,27010,25.3117,25.3343
28255,16111,2016-02-20 19:46:40.000000 UTC,58390,25.3118,25.3317
16111,39261,2016-02-07 10:01:40.000000 UTC,32230,25.3135,25.2854
16111,28255,2016-02-06 18:05:00.000000 UTC,48070,25.3139,25.3409
29093,39261,2016-02-04 13:35:00.000000 UTC,1570,25.3144,25.4943
39261,29093,2016-02-13 12:05:00.000000 UTC,26110,25.3147,25.6868
16111,28255,2016-02-09 14:31:40.000000 UTC,11950,25.3151,29.5332
29093,28255,2016-02-01 02:55:00.000000 UTC,56410,25.3155,30.5861
16111,39261,2016-02-10 18:20:00.000000 UTC,56830,25.3158,30.9192
29093,39261,2016-02-06 17:30:00.000000 UTC,50710,25.3161,25.3836
39261,16111,2016-02-14 17:15:00.000000 UTC,20890,25.3165,26.5624
39261,16111,2016-02-16 11:50:00.000000 UTC,27010,25.3165,28.7366
16111,28255,2016-02-08 09:15:00.000000 UTC,38230,25.317,25.3195
29093,28255,2016-02-02 04:45:00.000000 UTC,34450,25.3178,26.7785
39261,28255,2016-02-16 16:31:40.000000 UTC,45850,25.3182,25.2261
39261,28255,2016-02-15 10:00:00.000000 UTC,1390,25.3187,26.8563
29093,28255,2016-02-03 23:00:00.000000 UTC,40870,25.3196,30.2446
28255,16111,2016-02-21 22:30:00.000000 UTC,9790,25.32,28.9596
16111,28255,2016-02-08 02:10:00.000000 UTC,56230,25.3202,27.4125
28255,29093,2016-02-18 12:50:00.000000 UTC,29830,25.3222,25.2055
39261,28255,2016-02-15 20:16:40.000000 UTC,36430,25.3226,25.8121
28255,39261,2016-02-21 15:55:00.000000 UTC,31210,25.3236,25.3072
16111,28255,2016-02-07 17:25:00.000000 UTC,54910,25.3238,29.6432
16111,39261,2016-02-09 20:31:40.000000 UTC,47410,25.3265,25.3181
39261,16111,2016-02-15 04:10:00.000000 UTC,54430,25.3268,29.1945
28255,16111,2016-02-18 06:40:00.000000 UTC,58150,25.3269,30.8861
28255,39261,2016-02-18 11:31:40.000000 UTC,39910,25.3269,25.3389
39261,16111,2016-02-12 12:31:40.000000 UTC,45850,25.327,27.0738
29093,16111,2016-02-05 12:46:40.000000 UTC,37450,25.3272,29.1939
39261,16111,2016-02-17 07:16:40.000000 UTC,25030,25.3273,25.2461
28255,39261,2016-02-20 02:25:00.000000 UTC,33850,25.3274,25.5946
29093,28255,2016-02-06 06:40:00.000000 UTC,39010,25.3282,25.3998
28255,39261,2016-02-18 16:35:00.000000 UTC,25990,25.3288,26.9716
28255,39261,2016-02-18 05:05:00.000000 UTC,46330,25.3291,27.8055
39261,16111,2016-02-12 16:16:40.000000 UTC,31930,25.3298,25.3493
16111,39261,2016-02-07 01:50:00.000000 UTC,29950,25.3303,25.3598
29093,16111,2016-02-05 22:50:00.000000 UTC,33910,25.3306,25.3749
16111,28255,2016-02-06 19:01:40.000000 UTC,48310,25.3312,25.3459
16111,28255,2016-02-06 22:46:40.000000 UTC,53470,25.3313,27.3014
28255,16111,2016-02-19 03:16:40.000000 UTC,28030,25.3323,25.3533
29093,16111,2016-02-01 01:31:40.000000 UTC,15190,25.3352,27.8207
16111,39261,2016-02-09 05:05:00.000000 UTC,52150,25.3354,30.587
39261,16111,2016-02-12 11:05:00.000000 UTC,1630,25.3358,26.7871
29093,28255,2016-02-04 09:16:40.000000 UTC,54250,25.3361,28.9677
39261,16111,2016-02-12 21:30:00.000000 UTC,58030,25.3368,28.0385
16111,39261,2016-02-07 08:10:00.000000 UTC,54490,25.3369,25.3504
39261,28255,2016-02-14 01:16:40.000000 UTC,47710,25.3374,28.0967
16111,39261,2016-02-07 09:05:00.000000 UTC,44290,25.3377,26.7463
39261,29093,2016-02-12 13:55:00.000000 UTC,8770,25.3377,26.3602
29093,39261,2016-02-02 14:16:40.000000 UTC,56170,25.338,28.0542
29093,28255,2016-02-05 07:55:00.000000 UTC,20350,25.3381,27.121
29093,28255,2016-02-05 05:31:40.000000 UTC,10090,25.3383,25.4883
28255,39261,2016-02-20 12:30:00.000000 UTC,27730,25.3393,27.4306
39261,16111,2016-02-12 11:01:40.000000 UTC,23710,25.3397,25.3274
28255,16111,2016-02-20 21:40:00.000000 UTC,31810,25.34,27.665
29093,16111,2016-02-05 22:50:00.000000 UTC,38230,25.3402,25.351
29093,16111,2016-02-06 12:01:40.000000 UTC,42970,25.3406,27.7527
39261,28255,2016-02-14 07:20:00.000000 UTC,6070,25.3408,26.8583
39261,28255,2016-02-13 10:55:00.000000 UTC,38770,25.3411,25.6045
28255,29093,2016-02-23 05:55:00.000000 UTC,1750,25.3439,25.4204
28255,29093,2016-02-19 04:25:00.000000 UTC,10330,25.3445,27.8011
28255,29093,2016-02-18 17:25:00.000000 UTC,10450,25.3446,25.4637
16111,28255,2016-02-09 14:31:40.000000 UTC,38530,25.3457,27.8953
28255,39261,2016-02-19 17:20:00.000000 UTC,39610,25.3457,25.3855
39261,28255,2016-02-15 02:16:40.000000 UTC,35410,25.346,25.3746
29093,28255,2016-02-01 03:46:40.000000 UTC,31090,25.3462,25.3852
16111,29093,2016-02-06 20:50:00.000000 UTC,1750,25.3463,26.3019
29093,28255,2016-02-04 07:10:00.000000 UTC,33490,25.3466,25.3211
16111,28255,2016-02-12 00:10:00.000000 UTC,36490,25.3468,25.3981
16111,28255,2016-02-09 05:05:00.000000 UTC,54670,25.3469,26.6363
28255,39261,2016-02-20 00:50:00.000000 UTC,27490,25.3475,26.4448
28255,29093,2016-02-20 12:30:00.000000 UTC,57730,25.3496,28.1583
39261,29093,2016-02-13 05:30:00.000000 UTC,1150,25.3507,25.513
16111,28255,2016-02-08 15:25:00.000000 UTC,45730,25.3514,25.3461
29093,28255,2016-02-04 03:01:40.000000 UTC,51850,25.3525,25.381
16111,28255,2016-02-07 02:31:40.000000 UTC,36850,25.3528,25.3646
29093,39261,2016-02-05 15:15:00.000000 UTC,1930,25.3546,25.315
28255,16111,2016-02-20 21:40:00.000000 UTC,7330,25.3549,25.413
28255,39261,2016-02-18 10:55:00.000000 UTC,57850,25.3563,25.376
16111,29093,2016-02-10 09:16:40.000000 UTC,10090,25.3564,28.7712
16111,39261,2016-02-11 21:31:40.000000 UTC,12670,25.3567,26.0389
39261,29093,2016-02-15 18:10:00.000000 UTC,47230,25.3585,25.3339
28255,39261,2016-02-18 05:05:00.000000 UTC,43330,25.3587,28.096
28255,29093,2016-02-19 17:20:00.000000 UTC,1690,25.3587,25.2107
28255,16111,2016-02-20 12:30:00.000000 UTC,22270,25.3589,25.5877
28255,39261,2016-02-19 02:10:00.000000 UTC,45070,25.3602,25.2531
39261,29093,2016-02-12 21:30:00.000000 UTC,18130,25.3605,26.5518
39261,28255,2016-02-14 17:15:00.000000 UTC,49270,25.3605,25.443
28255,39261,2016-02-20 09:01:40.000000 UTC,28090,25.3606,25.3992
29093,39261,2016-02-01 12:55:00.000000 UTC,41650,25.3612,25.3023
16111,39261,2016-02-07 22:15:00.000000 UTC,29710,25.3618,25.3673
29093,28255,2016-02-01 00:10:00.000000 UTC,55810,25.3627,30.6805
39261,28255,2016-02-12 13:10:00.000000 UTC,58750,25.3635,29.5649
39261,29093,2016-02-14 02:45:00.000000 UTC,24310,25.364,25.2674
39261,28255,2016-02-14 04:15:00.000000 UTC,51790,25.3641,30.6155
28255,16111,2016-02-18 04:40:00.000000 UTC,33130,25.3644,25.3621
39261,28255,2016-02-14 13:50:00.000000 UTC,7870,25.3654,25.5576
39261,28255,2016-02-12 11:35:00.000000 UTC,49270,25.3657,28.1954
16111,28255,2016-02-07 10:01:40.000000 UTC,59830,25.3663,31.1007
39261,28255,2016-02-13 03:31:40.000000 UTC,44890,25.3664,25.3628
29093,39261,2016-02-01 06:25:00.000000 UTC,33670,25.3667,26.0441
29093,39261,2016-02-05 12:46:40.000000 UTC,51250,25.368,30.5468
39261,28255,2016-02-12 21:30:00.000000 UTC,34690,25.3684,29.1768
39261,29093,2016-02-12 11:16:40.000000 UTC,28090,25.3687,25.2509
29093,39261,2016-02-01 07:40:00.000000 UTC,57790,25.3704,27.9099
39261,16111,2016-02-14 01:16:40.000000 UTC,30910,25.3726,27.6844
28255,39261,2016-02-18 15:00:00.000000 UTC,52630,25.3734,27.5074
28255,39261,2016-02-20 05:40:00.000000 UTC,46150,25.3734,25.7087
28255,29093,2016-02-18 11:31:40.000000 UTC,30130,25.3752,25.3663
16111,28255,2016-02-08 10:45:00.000000 UTC,22330,25.3753,25.5761
16111,29093,2016-02-08 03:31:40.000000 UTC,7930,25.3754,25.5412
16111,28255,2016-02-06 21:16:40.000000 UTC,55870,25.3757,29.1532
39261,29093,2016-02-13 17:01:40.000000 UTC,36370,25.3759,25.3432
28255,29093,2016-02-21 22:30:00.000000 UTC,59290,25.3781,28.6709
28255,16111,2016-02-20 10:45:00.000000 UTC,43510,25.3784,25.3737
16111,39261,2016-02-06 17:31:40.000000 UTC,33670,25.3795,25.6192
28255,39261,2016-02-20 02:25:00.000000 UTC,46090,25.3798,25.3887
16111,28255,2016-02-07 07:16:40.000000 UTC,9850,25.381,25.6226
29093,39261,2016-02-02 18:46:40.000000 UTC,32650,25.3814,25.3153
29093,28255,2016-02-05 22:50:00.000000 UTC,1750,25.3818,25.4156
29093,39261,2016-02-06 17:30:00.000000 UTC,59170,25.3827,17.8268
39261,28255,2016-02-14 08:55:00.000000 UTC,8470,25.3828,27.0641
16111,28255,2016-02-08 03:31:40.000000 UTC,15670,25.3831,29.2424
16111,29093,2016-02-11 03:50:00.000000 UTC,16450,25.3832,29.2774
28255,16111,2016-02-22 07:40:00.000000 UTC,38050,25.3833,28.781
29093,28255,2016-02-01 08:20:00.000000 UTC,57730,25.3838,31.0808
28255,29093,2016-02-18 14:15:00.000000 UTC,1630,25.3856,26.0541
39261,29093,2016-02-15 02:16:40.000000 UTC,1870,25.3861,25.9746
39261,28255,2016-02-12 15:45:00.000000 UTC,37210,25.3866,27.8026
39261,16111,2016-02-13 10:55:00.000000 UTC,21070,25.3867,26.802
39261,28255,2016-02-12 13:55:00.000000 UTC,52990,25.3868,30.0167
29093,16111,2016-02-01 01:15:00.000000 UTC,9130,25.3889,25.4478
16111,39261,2016-02-07 12:00:00.000000 UTC,25090,25.389,25.4113
29093,16111,2016-02-01 17:30:00.000000 UTC,9490,25.3906,29.2644
16111,28255,2016-02-07 12:00:00.000000 UTC,20650,25.3909,27.3668
16111,28255,2016-02-06 19:40:00.000000 UTC,20050,25.3913,29.2834
29093,39261,2016-02-01 23:55:00.000000 UTC,33850,25.3918,25.3343
28255,16111,2016-02-18 16:35:00.000000 UTC,26410,25.3929,25.3832
16111,39261,2016-02-08 07:46:40.000000 UTC,24670,25.3936,25.47
39261,28255,2016-02-12 13:55:00.000000 UTC,29170,25.3939,29.5346
28255,39261,2016-02-21 20:16:40.000000 UTC,29590,25.3939,25.4314
29093,28255,2016-02-02 20:20:00.000000 UTC,44110,25.3953,25.5179
39261,29093,2016-02-17 02:15:00.000000 UTC,40870,25.3954,25.5688
16111,28255,2016-02-10 16:01:40.000000 UTC,54430,25.396,30.6723
39261,28255,2016-02-12 15:45:00.000000 UTC,25870,25.3964,25.3872
16111,28255,2016-02-09 18:30:00.000000 UTC,12130,25.3978,26.2571
29093,28255,2016-02-01 03:20:00.000000 UTC,35410,25.3983,25.3419
28255,29093,2016-02-23 05:55:00.000000 UTC,33970,25.3983,25.394
16111,39261,2016-02-11 13:46:40.000000 UTC,24490,25.3989,25.4463
39261,29093,2016-02-16 07:15:00.000000 UTC,38410,25.3992,25.2531
28255,39261,2016-02-18 04:35:00.000000 UTC,16690,25.3995,28.9647
29093,39261,2016-02-01 07:40:00.000000 UTC,55570,25.4003,30.6134
39261,29093,2016-02-15 12:00:00.000000 UTC,25990,25.4018,25.3374
16111,28255,2016-02-08 10:45:00.000000 UTC,46150,25.4026,26.5554
39261,28255,2016-02-13 14:30:00.000000 UTC,36910,25.4034,25.4374
28255,39261,2016-02-18 17:25:00.000000 UTC,25990,25.4035,27.0757
39261,28255,2016-02-12 12:15:00.000000 UTC,52990,25.4036,29.8906
39261,16111,2016-02-12 12:15:00.000000 UTC,15970,25.4041,26.2554
28255,39261,2016-02-23 05:55:00.000000 UTC,38770,25.406,25.3222
29093,28255,2016-02-03 21:01:40.000000 UTC,41230,25.4068,30.6524
16111,28255,2016-02-12 05:31:40.000000 UTC,53230,25.4085,29.1179
29093,39261,2016-02-03 19:05:00.000000 UTC,43210,25.4095,26.202
29093,28255,2016-02-02 07:20:00.000000 UTC,7750,25.4116,27.7943
16111,29093,2016-02-06 19:40:00.000000 UTC,18490,25.4116,25.3868
28255,16111,2016-02-18 20:05:00.000000 UTC,56650,25.4122,29.5317
39261,28255,2016-02-12 16:16:40.000000 UTC,27730,25.4123,25.4722
29093,39261,2016-02-03 23:00:00.000000 UTC,33850,25.4127,25.4409
29093,16111,2016-02-06 17:30:00.000000 UTC,37630,25.4136,25.8777
16111,39261,2016-02-07 13:01:40.000000 UTC,54310,25.4155,29.9914
16111,39261,2016-02-09 18:30:00.000000 UTC,18370,25.4157,26.0106
29093,39261,2016-02-06 12:01:40.000000 UTC,25450,25.4164,25.4183
28255,39261,2016-02-18 06:20:00.000000 UTC,56350,25.4167,25.3882
39261,16111,2016-02-13 04:30:00.000000 UTC,2170,25.4181,25.584
29093,16111,2016-02-04 03:01:40.000000 UTC,55450,25.4188,28.538
28255,16111,2016-02-18 20:05:00.000000 UTC,14770,25.4195,26.866
28255,29093,2016-02-19 15:55:00.000000 UTC,1990,25.4198,25.8099
29093,16111,2016-02-01 15:35:00.000000 UTC,9610,25.4202,29.3242
29093,39261,2016-02-02 08:40:00.000000 UTC,16150,25.421,26.2257
39261,28255,2016-02-12 20:01:40.000000 UTC,45310,25.4211,25.658
29093,28255,2016-02-05 03:10:00.000000 UTC,16810,25.4228,29.9052
28255,16111,2016-02-18 12:50:00.000000 UTC,32770,25.4233,25.3776
16111,39261,2016-02-06 18:45:00.000000 UTC,8110,25.4234,25.6374
39261,16111,2016-02-12 16:50:00.000000 UTC,26110,25.4239,25.3898
28255,39261,2016-02-19 09:15:00.000000 UTC,29290,25.4262,26.7938
29093,16111,2016-02-01 00:25:00.000000 UTC,24310,25.4267,25.5092
39261,16111,2016-02-15 00:25:00.000000 UTC,1930,25.4274,25.7104
16111,28255,2016-02-11 16:20:00.000000 UTC,50050,25.4283,29.1414
16111,29093,2016-02-07 13:01:40.000000 UTC,18970,25.4285,25.492
28255,29093,2016-02-23 08:31:40.000000 UTC,6850,25.429,25.5914
29093,39261,2016-02-06 06:40:00.000000 UTC,33790,25.4291,27.7515
39261,28255,2016-02-18 01:45:00.000000 UTC,56410,25.4301,25.4232
29093,28255,2016-02-01 10:30:00.000000 UTC,26650,25.4309,25.4623
39261,28255,2016-02-13 15:45:00.000000 UTC,44410,25.4317,25.415
39261,29093,2016-02-16 05:00:00.000000 UTC,50290,25.4319,25.5045
39261,16111,2016-02-12 11:25:00.000000 UTC,58570,25.4331,30.6631
28255,39261,2016-02-21 01:31:40.000000 UTC,28810,25.4339,25.3657
28255,16111,2016-02-22 14:50:00.000000 UTC,44230,25.4343,25.3035
16111,28255,2016-02-06 19:01:40.000000 UTC,54250,25.4344,25.4589
16111,39261,2016-02-07 19:46:40.000000 UTC,52930,25.4345,25.456
29093,39261,2016-02-04 07:10:00.000000 UTC,41890,25.4356,25.4068
28255,16111,2016-02-18 15:00:00.000000 UTC,30790,25.4373,25.4518
28255,16111,2016-02-22 03:01:40.000000 UTC,56950,25.4375,25.4188
29093,28255,2016-02-01 00:35:00.000000 UTC,34810,25.4388,25.4784
39261,29093,2016-02-14 04:15:00.000000 UTC,1510,25.4388,25.691
29093,16111,2016-02-03 02:50:00.000000 UTC,7690,25.4396,25.5026
16111,29093,2016-02-08 00:50:00.000000 UTC,8650,25.4412,28.6631
39261,28255,2016-02-13 18:20:00.000000 UTC,12730,25.4416,25.7846
28255,39261,2016-02-18 05:45:00.000000 UTC,59590,25.4426,30.6142
29093,39261,2016-02-01 00:05:00.000000 UTC,33850,25.4428,25.4566
16111,29093,2016-02-07 09:05:00.000000 UTC,55690,25.445,29.8076
39261,28255,2016-02-12 14:46:40.000000 UTC,35050,25.4452,29.3128
16111,28255,2016-02-07 17:25:00.000000 UTC,40390,25.4457,25.5001
39261,29093,2016-02-13 07:35:00.000000 UTC,21250,25.4458,27.0113
39261,28255,2016-02-17 23:01:40.000000 UTC,46750,25.4458,28.0534
29093,39261,2016-02-01 03:46:40.000000 UTC,40690,25.4461,25.3967
28255,16111,2016-02-18 09:15:00.000000 UTC,39130,25.4468,25.5579
29093,28255,2016-02-02 10:01:40.000000 UTC,1870,25.4475,26.001
39261,28255,2016-02-12 12:31:40.000000 UTC,25990,25.4486,25.4901
28255,39261,2016-02-18 04:40:00.000000 UTC,46930,25.4491,29.344
39261,16111,2016-02-13 03:31:40.000000 UTC,41530,25.4499,25.4271
39261,28255,2016-02-13 03:31:40.000000 UTC,5410,25.45,26.9933
28255,16111,2016-02-23 16:31:40.000000 UTC,51370,25.4517,30.6138
39261,28255,2016-02-13 22:25:00.000000 UTC,42610,25.4522,25.4441
16111,29093,2016-02-11 21:31:40.000000 UTC,31150,25.4525,26.4974
28255,16111,2016-02-18 16:35:00.000000 UTC,16270,25.4529,29.3733
29093,39261,2016-02-05 12:46:40.000000 UTC,31510,25.453,25.4869
28255,16111,2016-02-18 17:25:00.000000 UTC,7810,25.4537,25.5652
39261,28255,2016-02-18 04:30:00.000000 UTC,11110,25.4542,28.9851
29093,28255,2016-02-02 04:45:00.000000 UTC,22510,25.4563,26.6234
29093,39261,2016-02-02 11:25:00.000000 UTC,24910,25.4573,25.4813
29093,39261,2016-02-02 01:05:00.000000 UTC,38650,25.4582,25.4147
28255,39261,2016-02-20 05:40:00.000000 UTC,35770,25.459,25.4416
16111,29093,2016-02-10 00:40:00.000000 UTC,35110,25.4612,28.4744
29093,16111,2016-02-03 09:46:40.000000 UTC,53290,25.4616,29.6511
16111,39261,2016-02-06 18:05:00.000000 UTC,38230,25.4622,25.5135
39261,29093,2016-02-16 21:20:00.000000 UTC,36550,25.4622,25.9563
28255,29093,2016-02-18 16:35:00.000000 UTC,10570,25.4629,25.7212
16111,39261,2016-02-11 08:45:00.000000 UTC,54850,25.4631,30.8152
29093,39261,2016-02-04 22:31:40.000000 UTC,19750,25.4636,27.0539
39261,16111,2016-02-12 17:25:00.000000 UTC,48550,25.4639,25.4707
39261,29093,2016-02-17 09:50:00.000000 UTC,27970,25.4641,25.5736
39261,28255,2016-02-15 08:01:40.000000 UTC,54550,25.4654,25.4221
29093,28255,2016-02-01 03:46:40.000000 UTC,7270,25.4659,25.5356
28255,39261,2016-02-19 20:15:00.000000 UTC,33610,25.4659,25.44
39261,29093,2016-02-17 09:50:00.000000 UTC,39070,25.4662,25.4639
29093,39261,2016-02-01 07:01:40.000000 UTC,24070,25.4671,27.2978
39261,28255,2016-02-15 02:16:40.000000 UTC,1390,25.4683,25.2711
16111,39261,2016-02-08 02:10:00.000000 UTC,47410,25.4684,25.4806
28255,39261,2016-02-18 18:16:40.000000 UTC,59110,25.4684,28.5147
16111,39261,2016-02-06 23:20:00.000000 UTC,27550,25.4692,25.4781
29093,28255,2016-02-02 04:45:00.000000 UTC,38110,25.4696,30.3435
28255,16111,2016-02-23 11:10:00.000000 UTC,49690,25.4698,25.5462
29093,39261,2016-02-01 04:15:00.000000 UTC,27130,25.4701,25.6682
28255,16111,2016-02-23 08:31:40.000000 UTC,1450,25.4724,25.5772
16111,39261,2016-02-10 20:40:00.000000 UTC,1630,25.4729,25.8796
39261,29093,2016-02-14 10:31:40.000000 UTC,22810,25.4735,26.9915
29093,39261,2016-02-05 22:50:00.000000 UTC,26290,25.474,25.4733
28255,16111,2016-02-20 02:25:00.000000 UTC,1930,25.4745,25.0367
29093,39261,2016-02-05 22:50:00.000000 UTC,57970,25.4746,25.5056
16111,39261,2016-02-12 00:10:00.000000 UTC,53110,25.4752,30.647
39261,28255,2016-02-18 01:45:00.000000 UTC,51850,25.4753,25.5862
29093,16111,2016-02-02 08:40:00.000000 UTC,41530,25.4774,24.9549
29093,39261,2016-02-02 01:05:00.000000 UTC,46150,25.4796,25.5097
28255,39261,2016-02-23 16:31:40.000000 UTC,13270,25.4798,25.897
29093,39261,2016-02-01 02:10:00.000000 UTC,17710,25.482,29.9896
29093,28255,2016-02-05 00:50:00.000000 UTC,52030,25.4821,29.9558
28255,29093,2016-02-23 16:31:40.000000 UTC,44470,25.4822,25.4598
29093,28255,2016-02-05 00:50:00.000000 UTC,58090,25.4831,30.2746
39261,28255,2016-02-15 10:00:00.000000 UTC,13090,25.4832,25.8026
16111,28255,2016-02-06 20:25:00.000000 UTC,17350,25.4836,25.5647
29093,39261,2016-02-05 15:15:00.000000 UTC,50050,25.4837,25.5329
39261,28255,2016-02-12 17:25:00.000000 UTC,43150,25.4838,27.8164
16111,28255,2016-02-08 23:45:00.000000 UTC,1570,25.4857,25.4755
28255,29093,2016-02-22 19:45:00.000000 UTC,31870,25.486,25.443
39261,28255,2016-02-16 21:20:00.000000 UTC,13570,25.4873,24.9515
39261,16111,2016-02-17 20:20:00.000000 UTC,4870,25.4876,25.5255
29093,28255,2016-02-03 13:25:00.000000 UTC,1570,25.4881,25.2194
16111,29093,2016-02-07 07:16:40.000000 UTC,28210,25.4882,26.7958
29093,28255,2016-02-01 03:46:40.000000 UTC,14530,25.4883,29.567
16111,39261,2016-02-12 05:31:40.000000 UTC,59410,25.4904,27.783
39261,16111,2016-02-14 17:15:00.000000 UTC,57370,25.4906,29.006
29093,16111,2016-02-04 03:01:40.000000 UTC,35050,25.4913,25.5177
16111,39261,2016-02-07 13:01:40.000000 UTC,25390,25.4914,25.4761
39261,16111,2016-02-12 22:16:40.000000 UTC,58510,25.4924,25.5131
16111,29093,2016-02-10 16:01:40.000000 UTC,56230,25.4929,31.2667
39261,16111,2016-02-14 22:35:00.000000 UTC,34450,25.4948,25.2655
39261,29093,2016-02-12 15:45:00.000000 UTC,36730,25.495,25.6314
28255,29093,2016-02-19 09:15:00.000000 UTC,55450,25.4951,30.616
28255,39261,2016-02-18 10:20:00.000000 UTC,39910,25.4958,25.5065
16111,39261,2016-02-07 07:16:40.000000 UTC,1570,25.4961,25.9709
28255,39261,2016-02-21 18:05:00.000000 UTC,5350,25.4969,25.9147
29093,28255,2016-02-01 00:46:40.000000 UTC,22150,25.4977,28.2408
28255,16111,2016-02-20 00:50:00.000000 UTC,56290,25.4977,28.1245
39261,28255,2016-02-17 07:16:40.000000 UTC,29110,25.4978,25.907
28255,29093,2016-02-18 09:15:00.000000 UTC,52930,25.4988,25.6591
28255,16111,2016-02-18 13:31:40.000000 UTC,52390,25.4998,29.7707
39261,29093,2016-02-14 17:15:00.000000 UTC,47530,25.5017,25.4929
16111,28255,2016-02-07 08:10:00.000000 UTC,10090,25.5028,25.832
16111,29093,2016-02-10 16:01:40.000000 UTC,49510,25.504,28.3938
28255,39261,2016-02-19 11:50:00.000000 UTC,33250,25.5041,25.4342
16111,39261,2016-02-10 07:05:00.000000 UTC,39730,25.505,25.5271
29093,28255,2016-02-01 00:35:00.000000 UTC,46630,25.5066,26.3686
39261,16111,2016-02-12 11:10:00.000000 UTC,1570,25.5072,26.5998
29093,39261,2016-02-03 01:10:00.000000 UTC,26590,25.5075,25.5438
16111,29093,2016-02-10 07:05:00.000000 UTC,54250,25.5077,26.0874
16111,28255,2016-02-06 17:40:00.000000 UTC,10690,25.5082,25.6351
39261,16111,2016-02-12 11:01:40.000000 UTC,47650,25.5097,30.6721
29093,16111,2016-02-01 00:01:40.000000 UTC,49750,25.5104,30.8778
29093,39261,2016-02-03 02:50:00.000000 UTC,59530,25.5107,28.5351
28255,29093,2016-02-18 13:31:40.000000 UTC,57910,25.5108,26.5096
39261,28255,2016-02-15 18:10:00.000000 UTC,34450,25.5122,26.4677
16111,39261,2016-02-11 13:46:40.000000 UTC,36130,25.5135,24.3128
29093,16111,2016-02-02 20:20:00.000000 UTC,51190,25.5147,26.525
29093,39261,2016-02-06 14:45:00.000000 UTC,26170,25.5151,25.5075
29093,16111,2016-02-06 06:40:00.000000 UTC,37990,25.5157,25.524
16111,28255,2016-02-10 09:16:40.000000 UTC,10030,25.516,28.1779
29093,39261,2016-02-01 01:50:00.000000 UTC,26530,25.5161,25.4851
16111,28255,2016-02-07 16:16:40.000000 UTC,29770,25.5161,25.5612
28255,39261,2016-02-21 01:31:40.000000 UTC,53110,25.5163,25.6269
28255,39261,2016-02-18 10:55:00.000000 UTC,56530,25.5166,25.4543
39261,16111,2016-02-15 02:16:40.000000 UTC,1690,25.5179,26.4948
29093,39261,2016-02-06 06:40:00.000000 UTC,46570,25.518,25.6157
39261,28255,2016-02-14 01:16:40.000000 UTC,2350,25.518,26.0872
39261,28255,2016-02-14 02:45:00.000000 UTC,49870,25.5182,25.5123
28255,29093,2016-02-22 10:01:40.000000 UTC,51790,25.5182,29.6576
16111,28255,2016-02-06 22:15:00.000000 UTC,1510,25.5183,24.2888
39261,29093,2016-02-12 13:55:00.000000 UTC,38590,25.5188,25.3724
28255,39261,2016-02-22 12:25:00.000000 UTC,31690,25.5188,23.4989
39261,29093,2016-02-15 10:00:00.000000 UTC,33670,25.5192,25.5012
29093,39261,2016-02-06 04:01:40.000000 UTC,47290,25.5198,25.5283
16111,29093,2016-02-06 19:01:40.000000 UTC,29710,25.5217,25.63
29093,39261,2016-02-03 19:05:00.000000 UTC,43150,25.5231,26.4253
29093,16111,2016-02-03 19:05:00.000000 UTC,11230,25.5235,26.4494
39261,28255,2016-02-13 13:16:40.000000 UTC,30910,25.5235,25.5562
29093,28255,2016-02-01 01:31:40.000000 UTC,25210,25.5243,27.29
29093,28255,2016-02-01 20:35:00.000000 UTC,45070,25.5247,25.5033
28255,29093,2016-02-18 19:10:00.000000 UTC,23110,25.5251,25.6677
29093,16111,2016-02-03 15:16:40.000000 UTC,55810,25.5257,28.4351
29093,28255,2016-02-02 08:40:00.000000 UTC,13450,25.5266,25.3859
39261,16111,2016-02-14 13:50:00.000000 UTC,11110,25.5274,28.9996
39261,16111,2016-02-17 23:01:40.000000 UTC,17890,25.5298,29.1166
16111,28255,2016-02-11 13:46:40.000000 UTC,59590,25.53,30.7586
28255,29093,2016-02-20 00:50:00.000000 UTC,38350,25.5302,24.351
16111,28255,2016-02-11 13:46:40.000000 UTC,53590,25.5315,30.5642
28255,16111,2016-02-18 10:20:00.000000 UTC,46030,25.5317,30.4401
16111,39261,2016-02-12 05:31:40.000000 UTC,28930,25.5318,25.5648
28255,29093,2016-02-20 23:35:00.000000 UTC,50530,25.5322,25.6349
29093,28255,2016-02-01 18:30:00.000000 UTC,26530,25.5333,25.573
29093,39261,2016-02-04 15:46:40.000000 UTC,50110,25.5333,25.655
29093,39261,2016-02-01 02:10:00.000000 UTC,54190,25.5335,30.7964
16111,29093,2016-02-10 13:45:00.000000 UTC,22030,25.5339,29.8727
29093,28255,2016-02-06 01:25:00.000000 UTC,52870,25.5341,30.104
28255,39261,2016-02-18 07:25:00.000000 UTC,46930,25.5342,29.0814
29093,39261,2016-02-04 15:46:40.000000 UTC,26230,25.5345,25.5448
29093,28255,2016-02-02 20:20:00.000000 UTC,14050,25.5346,25.8222
16111,39261,2016-02-08 22:01:40.000000 UTC,46990,25.5347,25.6089
16111,28255,2016-02-10 18:20:00.000000 UTC,33730,25.5351,25.8992
29093,39261,2016-02-05 12:46:40.000000 UTC,1510,25.5357,25.7582
16111,28255,2016-02-09 18:30:00.000000 UTC,57070,25.5366,29.165
16111,29093,2016-02-08 12:16:40.000000 UTC,30730,25.5372,25.491
16111,39261,2016-02-06 17:35:00.000000 UTC,44170,25.5373,25.4914
39261,28255,2016-02-13 18:20:00.000000 UTC,48730,25.5383,25.6733
28255,29093,2016-02-21 11:40:00.000000 UTC,48130,25.5384,25.5523
29093,39261,2016-02-06 12:01:40.000000 UTC,57130,25.54,30.6598
28255,16111,2016-02-23 05:55:00.000000 UTC,24370,25.5402,25.5616
16111,39261,2016-02-07 05:35:00.000000 UTC,57130,25.5417,31.1736
29093,28255,2016-02-04 22:31:40.000000 UTC,57610,25.5432,30.4581
28255,29093,2016-02-21 15:55:00.000000 UTC,37390,25.5445,25.5724
28255,16111,2016-02-18 07:25:00.000000 UTC,57850,25.5446,30.6876
29093,16111,2016-02-01 01:15:00.000000 UTC,25870,25.5448,25.4741
16111,29093,2016-02-09 08:46:40.000000 UTC,35470,25.5456,25.5893
39261,29093,2016-02-14 13:50:00.000000 UTC,39130,25.5459,28.1146
28255,39261,2016-02-22 12:25:00.000000 UTC,57370,25.5462,29.5373
16111,28255,2016-02-11 16:20:00.000000 UTC,34690,25.5466,25.5789
16111,39261,2016-02-10 04:55:00.000000 UTC,27190,25.5472,25.456
16111,29093,2016-02-07 22:15:00.000000 UTC,56170,25.5473,29.6644
28255,16111,2016-02-18 11:31:40.000000 UTC,42490,25.548,26.9773
39261,28255,2016-02-14 15:31:40.000000 UTC,19930,25.5488,26.0092
29093,39261,2016-02-01 19:31:40.000000 UTC,18310,25.5492,28.2359
28255,16111,2016-02-21 01:31:40.000000 UTC,54310,25.5513,30.7397
29093,28255,2016-02-05 00:50:00.000000 UTC,37150,25.5514,25.68
29093,39261,2016-02-01 02:55:00.000000 UTC,54430,25.5517,30.6853
39261,28255,2016-02-14 01:16:40.000000 UTC,32710,25.5522,27.2768
39261,16111,2016-02-13 08:40:00.000000 UTC,50110,25.5524,25.624
28255,39261,2016-02-19 21:45:00.000000 UTC,53410,25.5524,25.6494
29093,39261,2016-02-01 17:30:00.000000 UTC,26350,25.5525,25.5792
16111,28255,2016-02-06 17:30:00.000000 UTC,12610,25.5529,26.2087
29093,16111,2016-02-01 00:46:40.000000 UTC,9190,25.5531,25.8356
28255,39261,2016-02-19 10:31:40.000000 UTC,52870,25.554,25.4535
28255,39261,2016-02-23 03:20:00.000000 UTC,26830,25.5558,25.5776
39261,28255,2016-02-14 17:15:00.000000 UTC,13810,25.5561,25.9411
28255,39261,2016-02-18 04:46:40.000000 UTC,31810,25.5566,25.8499
28255,16111,2016-02-18 19:10:00.000000 UTC,35470,25.5567,25.5436
28255,39261,2016-02-18 15:00:00.000000 UTC,46810,25.5568,27.9794
29093,28255,2016-02-01 07:40:00.000000 UTC,27310,25.5569,29.428
16111,28255,2016-02-06 21:45:00.000000 UTC,1630,25.5573,25.7739
29093,16111,2016-02-04 20:15:00.000000 UTC,23590,25.5583,25.5906
39261,28255,2016-02-18 01:45:00.000000 UTC,40030,25.5588,25.5506
28255,16111,2016-02-18 06:40:00.000000 UTC,4690,25.5594,25.6414
16111,39261,2016-02-07 12:00:00.000000 UTC,50770,25.5597,25.5631
28255,16111,2016-02-20 05:40:00.000000 UTC,1630,25.5597,26.6108
28255,39261,2016-02-18 10:20:00.000000 UTC,56470,25.5604,25.674
29093,28255,2016-02-02 03:30:00.000000 UTC,40510,25.561,25.5978
16111,28255,2016-02-11 03:50:00.000000 UTC,32350,25.5614,27.8052
28255,39261,2016-02-19 21:45:00.000000 UTC,29530,25.5619,25.6232
16111,39261,2016-02-07 08:10:00.000000 UTC,1810,25.5621,26.2728
28255,16111,2016-02-19 01:05:00.000000 UTC,2050,25.5622,25.6512
39261,29093,2016-02-13 01:40:00.000000 UTC,2110,25.5625,25.9867
29093,28255,2016-02-02 07:20:00.000000 UTC,23290,25.5632,25.3828
39261,16111,2016-02-14 02:45:00.000000 UTC,2050,25.5632,26.0396
39261,29093,2016-02-14 01:16:40.000000 UTC,30790,25.5636,27.5085
29093,39261,2016-02-06 09:20:00.000000 UTC,30790,25.5644,25.5748
28255,29093,2016-02-18 18:16:40.000000 UTC,52870,25.5644,30.6268
16111,29093,2016-02-09 10:40:00.000000 UTC,35530,25.5652,25.5315
39261,16111,2016-02-13 21:01:40.000000 UTC,45910,25.5654,28.782
29093,39261,2016-02-01 00:25:00.000000 UTC,45850,25.5662,25.5286
28255,29093,2016-02-18 16:35:00.000000 UTC,58810,25.5666,30.7081
39261,28255,2016-02-13 12:05:00.000000 UTC,44590,25.5669,25.5737
29093,28255,2016-02-01 01:50:00.000000 UTC,59110,25.5672,25.5525
29093,39261,2016-02-05 10:20:00.000000 UTC,36910,25.5678,25.6514
28255,39261,2016-02-18 06:01:40.000000 UTC,56290,25.5679,25.559
29093,28255,2016-02-01 23:55:00.000000 UTC,47110,25.568,25.5537
39261,16111,2016-02-12 11:46:40.000000 UTC,34630,25.569,25.5916
29093,39261,2016-02-05 03:10:00.000000 UTC,57370,25.5695,27.0148
39261,16111,2016-02-17 04:45:00.000000 UTC,58450,25.5697,29.1914
29093,16111,2016-02-06 01:25:00.000000 UTC,59110,25.5699,30.5609
28255,16111,2016-02-23 19:15:00.000000 UTC,21670,25.5699,26.9166
16111,29093,2016-02-09 14:31:40.000000 UTC,43690,25.5717,29.5307
28255,39261,2016-02-18 07:01:40.000000 UTC,54550,25.5723,30.2845
28255,16111,2016-02-18 15:00:00.000000 UTC,41350,25.5728,28.2221
16111,28255,2016-02-07 23:31:40.000000 UTC,1630,25.573,24.8815
16111,39261,2016-02-10 09:16:40.000000 UTC,10870,25.573,28.2598
29093,39261,2016-02-05 12:46:40.000000 UTC,7930,25.5733,27.5952
28255,16111,2016-02-23 00:46:40.000000 UTC,36550,25.5734,25.5511
16111,29093,2016-02-11 08:45:00.000000 UTC,42430,25.5741,25.5502
39261,29093,2016-02-14 05:46:40.000000 UTC,27550,25.5749,25.5501
28255,29093,2016-02-23 05:55:00.000000 UTC,6970,25.5755,23.6627
28255,29093,2016-02-18 05:16:40.000000 UTC,50590,25.5759,30.9351
39261,16111,2016-02-12 23:05:00.000000 UTC,55630,25.5774,30.8228
28255,16111,2016-02-19 23:16:40.000000 UTC,42550,25.5778,28.4211
16111,39261,2016-02-07 06:25:00.000000 UTC,43210,25.5781,25.5951
39261,29093,2016-02-12 11:25:00.000000 UTC,57670,25.5789,30.6526
39261,29093,2016-02-16 18:55:00.000000 UTC,35530,25.5814,25.5406
29093,16111,2016-02-02 01:05:00.000000 UTC,1510,25.582,24.264
16111,28255,2016-02-09 01:30:00.000000 UTC,52690,25.5832,29.838
39261,29093,2016-02-14 01:16:40.000000 UTC,50590,25.585,28.4869
16111,28255,2016-02-10 20:40:00.000000 UTC,49570,25.5852,30.5444
28255,29093,2016-02-18 17:25:00.000000 UTC,56890,25.5858,25.5877
39261,28255,2016-02-12 17:25:00.000000 UTC,9910,25.5861,26.7118
29093,16111,2016-02-01 06:25:00.000000 UTC,31270,25.5862,25.6025
29093,39261,2016-02-04 22:31:40.000000 UTC,53350,25.5864,30.1827
28255,39261,2016-02-19 14:31:40.000000 UTC,29290,25.5869,25.9226
16111,39261,2016-02-07 11:00:00.000000 UTC,30850,25.587,25.5759
39261,16111,2016-02-14 05:46:40.000000 UTC,27550,25.5881,25.5737
29093,16111,2016-02-02 04:45:00.000000 UTC,57430,25.5883,25.6808
16111,29093,2016-02-07 02:31:40.000000 UTC,54190,25.5883,31.5026
28255,39261,2016-02-18 16:35:00.000000 UTC,44590,25.5883,25.5851
29093,28255,2016-02-03 04:31:40.000000 UTC,23650,25.5908,25.6848
28255,16111,2016-02-21 05:30:00.000000 UTC,36130,25.5912,29.1746
16111,29093,2016-02-09 22:35:00.000000 UTC,35830,25.5918,25.6403
29093,16111,2016-02-05 20:16:40.000000 UTC,57970,25.5927,31.2363
16111,39261,2016-02-07 08:10:00.000000 UTC,8530,25.593,28.7051
39261,28255,2016-02-13 01:40:00.000000 UTC,19270,25.5944,26.3774
28255,16111,2016-02-20 19:46:40.000000 UTC,55630,25.5955,30.7882
16111,28255,2016-02-08 23:45:00.000000 UTC,23530,25.5964,25.8636
29093,28255,2016-02-01 01:31:40.000000 UTC,43210,25.5965,28.1216
29093,39261,2016-02-02 07:20:00.000000 UTC,45250,25.5966,29.0002
29093,28255,2016-02-01 05:16:40.000000 UTC,1810,25.5985,26.1773
28255,29093,2016-02-19 09:15:00.000000 UTC,15490,25.5992,28.9146
28255,39261,2016-02-23 22:00:00.000000 UTC,52630,25.6002,29.1228
16111,39261,2016-02-12 11:00:00.000000 UTC,54610,25.6011,26.698
16111,29093,2016-02-11 21:31:40.000000 UTC,10270,25.6015,24.8018
28255,39261,2016-02-18 04:30:00.000000 UTC,31870,25.6019,25.5397
39261,29093,2016-02-12 13:10:00.000000 UTC,54370,25.6023,25.6004
29093,16111,2016-02-05 12:46:40.000000 UTC,32890,25.6025,25.2267
28255,39261,2016-02-18 13:31:40.000000 UTC,44470,25.6027,25.5723
16111,39261,2016-02-07 01:10:00.000000 UTC,48670,25.6035,28.7016
39261,29093,2016-02-12 23:05:00.000000 UTC,54790,25.6054,30.4255
16111,28255,2016-02-12 02:50:00.000000 UTC,51130,25.606,30.9175
16111,28255,2016-02-08 02:10:00.000000 UTC,43930,25.6062,25.6916
28255,16111,2016-02-18 07:25:00.000000 UTC,38110,25.6069,25.6351
29093,39261,2016-02-02 14:16:40.000000 UTC,1570,25.607,25.8072
28255,39261,2016-02-19 10:31:40.000000 UTC,40930,25.6071,25.5029
39261,29093,2016-02-16 05:00:00.000000 UTC,55690,25.6072,26.6149
16111,28255,2016-02-10 00:40:00.000000 UTC,48970,25.6102,25.6215
28255,39261,2016-02-20 19:46:40.000000 UTC,58930,25.6108,25.6611
39261,16111,2016-02-16 02:46:40.000000 UTC,17590,25.6121,26.3665
16111,29093,2016-02-11 21:31:40.000000 UTC,42730,25.6125,25.638
28255,39261,2016-02-20 04:01:40.000000 UTC,9670,25.6137,25.999
16111,28255,2016-02-06 21:16:40.000000 UTC,37090,25.6143,25.6329
29093,28255,2016-02-01 02:10:00.000000 UTC,55990,25.6149,30.3504
29093,16111,2016-02-01 19:31:40.000000 UTC,57670,25.615,25.6845
39261,29093,2016-02-14 15:31:40.000000 UTC,30850,25.6155,25.621
29093,39261,2016-02-06 01:25:00.000000 UTC,45250,25.6159,25.5861
39261,16111,2016-02-15 06:05:00.000000 UTC,24010,25.6167,29.668
28255,39261,2016-02-23 13:50:00.000000 UTC,27310,25.6191,25.7829
28255,16111,2016-02-23 03:20:00.000000 UTC,45790,25.6194,25.6305
29093,16111,2016-02-06 14:45:00.000000 UTC,51970,25.6212,31.1737
16111,28255,2016-02-09 03:16:40.000000 UTC,48490,25.6245,25.609
29093,28255,2016-02-04 09:16:40.000000 UTC,27310,25.6246,27.7069
29093,39261,2016-02-01 13:46:40.000000 UTC,1450,25.6248,26.2436
39261,16111,2016-02-12 11:46:40.000000 UTC,56890,25.625,25.9856
28255,16111,2016-02-19 05:35:00.000000 UTC,29110,25.6251,25.5936
39261,28255,2016-02-12 20:45:00.000000 UTC,15910,25.6252,26.7146
39261,29093,2016-02-12 11:00:00.000000 UTC,58990,25.6257,30.4712
29093,16111,2016-02-06 12:01:40.000000 UTC,39130,25.6258,25.6244
16111,28255,2016-02-11 21:31:40.000000 UTC,58150,25.6264,26.5597
39261,28255,2016-02-13 21:01:40.000000 UTC,57310,25.6268,29.3287
16111,28255,2016-02-09 22:35:00.000000 UTC,24910,25.6278,25.7018
28255,39261,2016-02-19 09:15:00.000000 UTC,44470,25.6279,28.2951
16111,39261,2016-02-08 03:31:40.000000 UTC,1510,25.628,27.005
29093,39261,2016-02-01 14:40:00.000000 UTC,1570,25.6287,25.8694
29093,28255,2016-02-01 07:01:40.000000 UTC,24130,25.6296,25.545
16111,39261,2016-02-08 23:45:00.000000 UTC,34750,25.6308,27.5794
39261,16111,2016-02-17 17:40:00.000000 UTC,39130,25.6312,25.6434
16111,39261,2016-02-11 16:20:00.000000 UTC,53770,25.633,25.7474
28255,16111,2016-02-19 15:55:00.000000 UTC,16390,25.6331,28.7674
16111,39261,2016-02-06 22:15:00.000000 UTC,59170,25.6335,26.6517
39261,29093,2016-02-13 03:31:40.000000 UTC,24550,25.6339,26.7271
28255,39261,2016-02-21 09:35:00.000000 UTC,53470,25.635,25.6131
39261,29093,2016-02-12 14:46:40.000000 UTC,28570,25.6353,29.7346
39261,16111,2016-02-14 12:10:00.000000 UTC,49750,25.6364,25.757
39261,29093,2016-02-14 02:45:00.000000 UTC,54190,25.6365,30.9583
28255,16111,2016-02-18 04:30:00.000000 UTC,45730,25.6365,25.6097
16111,28255,2016-02-06 21:16:40.000000 UTC,1510,25.6368,25.6949
28255,29093,2016-02-19 13:10:00.000000 UTC,12010,25.6371,26.1107
28255,16111,2016-02-20 00:50:00.000000 UTC,37150,25.6372,29.6177
29093,16111,2016-02-06 12:01:40.000000 UTC,15130,25.6376,26.7446
16111,39261,2016-02-07 01:50:00.000000 UTC,55990,25.6379,31.0592
29093,16111,2016-02-01 07:40:00.000000 UTC,24070,25.638,25.7321
39261,28255,2016-02-13 10:55:00.000000 UTC,45970,25.6383,29.3908
28255,39261,2016-02-23 16:31:40.000000 UTC,59110,25.6392,30.5609
29093,28255,2016-02-01 00:35:00.000000 UTC,30490,25.6398,25.6639
29093,28255,2016-02-01 22:46:40.000000 UTC,21490,25.6404,25.5559
16111,28255,2016-02-11 03:50:00.000000 UTC,14230,25.6405,26.9701
16111,39261,2016-02-06 22:46:40.000000 UTC,29170,25.6406,25.6868
28255,39261,2016-02-18 21:01:40.000000 UTC,55330,25.6412,29.9378
29093,39261,2016-02-01 09:01:40.000000 UTC,42370,25.6415,26.5604
16111,28255,2016-02-06 18:45:00.000000 UTC,28870,25.6415,25.7034
39261,29093,2016-02-12 18:40:00.000000 UTC,56230,25.6417,30.9649
28255,29093,2016-02-22 03:01:40.000000 UTC,50710,25.6419,25.6285
29093,16111,2016-02-04 03:01:40.000000 UTC,1690,25.6426,25.8802
29093,39261,2016-02-04 18:00:00.000000 UTC,32770,25.6433,25.6949
39261,16111,2016-02-14 15:31:40.000000 UTC,48850,25.6442,25.6622
28255,39261,2016-02-18 07:25:00.000000 UTC,59410,25.6442,30.2067
28255,39261,2016-02-23 08:31:40.000000 UTC,12910,25.6459,25.9324
29093,28255,2016-02-01 00:46:40.000000 UTC,42310,25.648,25.6473
29093,39261,2016-02-04 07:10:00.000000 UTC,24190,25.6481,26.1583
28255,39261,2016-02-18 23:00:00.000000 UTC,32650,25.6483,25.6383
16111,28255,2016-02-11 16:20:00.000000 UTC,21070,25.6489,25.6797
39261,16111,2016-02-18 04:30:00.000000 UTC,10330,25.649,27.9286
28255,29093,2016-02-21 11:40:00.000000 UTC,16750,25.6501,29.2179
39261,28255,2016-02-12 18:40:00.000000 UTC,54070,25.6522,30.1423
16111,39261,2016-02-09 18:30:00.000000 UTC,12310,25.6527,26.0662
16111,29093,2016-02-10 11:30:00.000000 UTC,31990,25.6527,25.7677
29093,28255,2016-02-03 02:50:00.000000 UTC,44590,25.6529,28.5691
16111,29093,2016-02-07 18:35:00.000000 UTC,51370,25.6529,26.3059
29093,39261,2016-02-02 23:31:40.000000 UTC,13930,25.653,26.3652
29093,28255,2016-02-06 06:40:00.000000 UTC,15790,25.6533,27.2946
39261,16111,2016-02-14 01:16:40.000000 UTC,13750,25.6547,25.9382
16111,28255,2016-02-12 05:31:40.000000 UTC,23350,25.6553,28.871
28255,39261,2016-02-23 03:20:00.000000 UTC,18610,25.6562,26.4323
29093,28255,2016-02-01 03:46:40.000000 UTC,1570,25.6574,26.276
39261,28255,2016-02-12 12:00:00.000000 UTC,13990,25.6583,25.9058
39261,28255,2016-02-12 21:30:00.000000 UTC,58630,25.6584,30.0188
16111,28255,2016-02-06 21:16:40.000000 UTC,13450,25.6602,25.831
29093,28255,2016-02-01 03:46:40.000000 UTC,41470,25.6605,25.6817
16111,28255,2016-02-08 04:55:00.000000 UTC,32770,25.6614,25.6667
29093,28255,2016-02-01 04:45:00.000000 UTC,58510,25.6617,29.4092
16111,28255,2016-02-07 11:00:00.000000 UTC,32770,25.6623,25.6507
16111,29093,2016-02-06 19:01:40.000000 UTC,44290,25.6655,28.9597
16111,39261,2016-02-07 07:16:40.000000 UTC,1390,25.6658,25.1158
29093,39261,2016-02-06 06:40:00.000000 UTC,12850,25.6665,28.3963
39261,28255,2016-02-13 15:45:00.000000 UTC,32710,25.6666,25.7598
16111,29093,2016-02-06 17:55:00.000000 UTC,33850,25.6682,25.5893
39261,16111,2016-02-17 02:15:00.000000 UTC,59050,25.6693,29.2881
29093,28255,2016-02-01 03:46:40.000000 UTC,23110,25.6696,27.0535
16111,28255,2016-02-06 18:16:40.000000 UTC,57730,25.6713,29.2595
29093,28255,2016-02-03 15:16:40.000000 UTC,56710,25.6717,29.8722
28255,29093,2016-02-18 15:46:40.000000 UTC,1510,25.672,26.9184
29093,28255,2016-02-02 15:45:00.000000 UTC,52030,25.673,30.3394
28255,39261,2016-02-19 17:20:00.000000 UTC,15190,25.6732,26.204
39261,29093,2016-02-12 13:55:00.000000 UTC,10690,25.6736,25.7754
28255,39261,2016-02-18 16:35:00.000000 UTC,53410,25.6737,29.3599
28255,29093,2016-02-20 05:40:00.000000 UTC,59650,25.6744,26.2306
16111,28255,2016-02-06 19:01:40.000000 UTC,52030,25.6752,28.9337
39261,28255,2016-02-12 16:50:00.000000 UTC,39550,25.6756,25.6932
39261,28255,2016-02-17 23:01:40.000000 UTC,53230,25.6761,29.4856
28255,29093,2016-02-18 15:00:00.000000 UTC,10870,25.6771,25.7882
28255,16111,2016-02-20 09:01:40.000000 UTC,2650,25.6774,26.5179
28255,39261,2016-02-19 10:31:40.000000 UTC,33130,25.6788,25.6959
29093,28255,2016-02-02 15:45:00.000000 UTC,18790,25.6792,26.9535
16111,28255,2016-02-12 05:31:40.000000 UTC,24190,25.6801,25.7161
28255,16111,2016-02-20 09:01:40.000000 UTC,34150,25.6803,25.8418
16111,39261,2016-02-06 23:55:00.000000 UTC,35470,25.6804,25.6949
29093,28255,2016-02-03 19:05:00.000000 UTC,51850,25.6807,30.1767
16111,39261,2016-02-07 02:31:40.000000 UTC,37930,25.6809,30.2432
28255,39261,2016-02-23 22:00:00.000000 UTC,43870,25.6811,25.6512
29093,39261,2016-02-02 14:16:40.000000 UTC,35290,25.6823,27.9381
29093,39261,2016-02-02 14:16:40.000000 UTC,37570,25.6826,25.7209
16111,29093,2016-02-06 17:30:00.000000 UTC,1630,25.6845,25.8931
16111,39261,2016-02-08 03:31:40.000000 UTC,1450,25.6853,26.8111
39261,28255,2016-02-14 10:31:40.000000 UTC,31930,25.6871,25.7215
16111,28255,2016-02-06 17:55:00.000000 UTC,30430,25.6894,25.6348
39261,29093,2016-02-12 11:35:00.000000 UTC,11290,25.691,25.9919
29093,28255,2016-02-01 21:40:00.000000 UTC,51250,25.6919,25.7303
28255,39261,2016-02-19 05:35:00.000000 UTC,54370,25.6919,30.1542
16111,29093,2016-02-07 16:16:40.000000 UTC,40090,25.6928,25.7022
28255,39261,2016-02-23 03:20:00.000000 UTC,50710,25.6931,25.6501
29093,28255,2016-02-01 01:15:00.000000 UTC,52930,25.694,25.7251
28255,39261,2016-02-18 23:00:00.000000 UTC,34510,25.6942,25.6279
28255,29093,2016-02-18 20:05:00.000000 UTC,34090,25.6952,25.7023
28255,39261,2016-02-19 00:01:40.000000 UTC,50950,25.6959,25.7154
39261,16111,2016-02-14 12:10:00.000000 UTC,50470,25.6966,28.372
39261,16111,2016-02-17 20:20:00.000000 UTC,58330,25.6967,30.8968
28255,39261,2016-02-18 08:16:40.000000 UTC,13510,25.698,27.1471
39261,29093,2016-02-16 11:50:00.000000 UTC,42430,25.699,27.5892
39261,29093,2016-02-16 09:31:40.000000 UTC,48010,25.6995,29.2678
28255,39261,2016-02-23 19:15:00.000000 UTC,39850,25.7001,27.1677
28255,39261,2016-02-18 10:55:00.000000 UTC,32110,25.7004,25.707
29093,28255,2016-02-04 05:05:00.000000 UTC,34690,25.7006,25.9351
29093,16111,2016-02-01 01:50:00.000000 UTC,25870,25.7035,25.6455
39261,29093,2016-02-12 12:15:00.000000 UTC,9070,25.7039,26.8062
29093,39261,2016-02-01 21:40:00.000000 UTC,31570,25.7043,25.835
29093,39261,2016-02-05 00:50:00.000000 UTC,51010,25.7057,25.7336
29093,16111,2016-02-04 03:01:40.000000 UTC,48310,25.7058,31.2344
29093,28255,2016-02-01 07:01:40.000000 UTC,47290,25.7062,28.6414
16111,28255,2016-02-12 11:00:00.000000 UTC,51370,25.7066,27.3553
39261,29093,2016-02-13 07:35:00.000000 UTC,44230,25.7066,25.6954
28255,16111,2016-02-23 16:31:40.000000 UTC,56950,25.7067,30.7353
29093,28255,2016-02-01 01:00:00.000000 UTC,30610,25.7075,25.7168
28255,39261,2016-02-18 10:55:00.000000 UTC,55510,25.7079,28.6802
16111,29093,2016-02-10 20:40:00.000000 UTC,9910,25.7083,26.2138
28255,39261,2016-02-18 09:46:40.000000 UTC,39910,25.7091,25.618
16111,28255,2016-02-07 23:31:40.000000 UTC,59830,25.7093,25.7398
29093,39261,2016-02-01 20:35:00.000000 UTC,31330,25.7094,25.674
29093,39261,2016-02-01 14:40:00.000000 UTC,57190,25.7095,30.5548
28255,39261,2016-02-19 15:55:00.000000 UTC,17650,25.7095,27.2461
16111,39261,2016-02-07 02:31:40.000000 UTC,34510,25.7098,25.6912
39261,29093,2016-02-14 13:50:00.000000 UTC,36310,25.7099,27.9508
39261,16111,2016-02-15 14:01:40.000000 UTC,18790,25.7099,26.919
39261,28255,2016-02-13 22:25:00.000000 UTC,32410,25.71,25.6773
29093,28255,2016-02-01 01:31:40.000000 UTC,34930,25.7121,25.7229
39261,29093,2016-02-14 10:31:40.000000 UTC,54790,25.7122,25.6366
29093,28255,2016-02-01 02:31:40.000000 UTC,36790,25.7123,25.6377
39261,28255,2016-02-16 11:50:00.000000 UTC,12010,25.7129,25.8343
29093,28255,2016-02-03 23:00:00.000000 UTC,58810,25.7135,30.8272
39261,28255,2016-02-18 01:45:00.000000 UTC,59110,25.7139,29.5767
16111,28255,2016-02-08 03:31:40.000000 UTC,57610,25.7145,30.2262
39261,29093,2016-02-15 14:01:40.000000 UTC,36430,25.7159,27.2275
29093,28255,2016-02-03 15:16:40.000000 UTC,50410,25.7162,28.9128
39261,16111,2016-02-13 18:20:00.000000 UTC,43270,25.717,25.6732
16111,28255,2016-02-10 11:30:00.000000 UTC,46870,25.7174,29.5154
29093,39261,2016-02-06 12:01:40.000000 UTC,1510,25.7179,26.2257
39261,28255,2016-02-12 23:55:00.000000 UTC,37450,25.7188,25.7781
28255,16111,2016-02-21 03:30:00.000000 UTC,2170,25.7195,26.6592
16111,29093,2016-02-07 15:10:00.000000 UTC,51430,25.7213,25.6327
29093,28255,2016-02-04 22:31:40.000000 UTC,15610,25.7216,29.3654
29093,16111,2016-02-01 01:00:00.000000 UTC,9730,25.7224,28.7004
16111,29093,2016-02-07 13:01:40.000000 UTC,2110,25.723,26.6781
29093,28255,2016-02-01 17:30:00.000000 UTC,38350,25.7234,25.6792
39261,16111,2016-02-13 08:40:00.000000 UTC,1330,25.7236,25.9925
16111,39261,2016-02-10 16:01:40.000000 UTC,52870,25.7241,25.7856
39261,29093,2016-02-15 06:05:00.000000 UTC,42310,25.7247,26.1118
16111,28255,2016-02-07 01:10:00.000000 UTC,14650,25.7248,27.1268
39261,28255,2016-02-12 20:45:00.000000 UTC,15730,25.7256,25.9339
28255,29093,2016-02-18 15:46:40.000000 UTC,1450,25.7261,26.683
29093,39261,2016-02-04 18:00:00.000000 UTC,24910,25.7276,25.7917
28255,39261,2016-02-18 06:20:00.000000 UTC,27850,25.7278,25.6009
29093,39261,2016-02-03 23:00:00.000000 UTC,59770,25.7279,30.9738
16111,28255,2016-02-10 02:46:40.000000 UTC,1990,25.7282,25.9565
28255,16111,2016-02-18 17:25:00.000000 UTC,24190,25.7285,27.3782
29093,39261,2016-02-03 02:50:00.000000 UTC,8590,25.7291,26.9704
39261,28255,2016-02-12 17:25:00.000000 UTC,52090,25.7293,28.2985
28255,29093,2016-02-18 18:16:40.000000 UTC,34450,25.7301,25.7352
29093,16111,2016-02-01 01:31:40.000000 UTC,29230,25.7303,28.3178
29093,28255,2016-02-03 15:16:40.000000 UTC,50890,25.7318,30.0396
29093,39261,2016-02-03 06:15:00.000000 UTC,52210,25.7321,25.7498
16111,28255,2016-02-10 02:46:40.000000 UTC,1930,25.7324,25.5732
39261,28255,2016-02-14 17:15:00.000000 UTC,41710,25.733,25.7713
39261,16111,2016-02-12 22:16:40.000000 UTC,55450,25.7342,30.1452
29093,39261,2016-02-05 15:15:00.000000 UTC,36490,25.7363,25.6496
39261,28255,2016-02-14 13:50:00.000000 UTC,53170,25.7367,28.1207
39261,28255,2016-02-12 17:25:00.000000 UTC,37750,25.7374,25.7358
16111,28255,2016-02-07 01:50:00.000000 UTC,53890,25.7375,28.2704
39261,28255,2016-02-15 08:01:40.000000 UTC,50470,25.7383,30.269
16111,39261,2016-02-09 10:40:00.000000 UTC,52810,25.7389,28.5304
39261,28255,2016-02-16 16:31:40.000000 UTC,57730,25.7394,25.7702
29093,16111,2016-02-02 07:20:00.000000 UTC,56230,25.7403,29.5619
28255,16111,2016-02-18 04:55:00.000000 UTC,44290,25.7411,25.7573
16111,29093,2016-02-06 21:45:00.000000 UTC,1690,25.7412,25.661
39261,28255,2016-02-14 13:50:00.000000 UTC,14650,25.7417,28.2048
39261,28255,2016-02-14 12:10:00.000000 UTC,47230,25.7422,28.1191
28255,16111,2016-02-19 08:00:00.000000 UTC,26890,25.7423,25.7433
16111,28255,2016-02-12 05:31:40.000000 UTC,47230,25.7439,29.0771
39261,16111,2016-02-12 11:25:00.000000 UTC,52870,25.7444,30.3229
39261,28255,2016-02-12 11:01:40.000000 UTC,39790,25.7457,25.7728
39261,28255,2016-02-13 18:20:00.000000 UTC,2470,25.7465,25.7132
28255,39261,2016-02-18 18:16:40.000000 UTC,34330,25.7479,25.7223
28255,39261,2016-02-21 07:31:40.000000 UTC,59410,25.7496,25.79
16111,39261,2016-02-11 01:25:00.000000 UTC,58510,25.7498,30.3927
28255,29093,2016-02-18 05:05:00.000000 UTC,9670,25.7498,28.6451
39261,28255,2016-02-13 08:40:00.000000 UTC,41890,25.75,29.2643
29093,28255,2016-02-01 00:35:00.000000 UTC,28690,25.7505,25.87
29093,28255,2016-02-03 15:16:40.000000 UTC,1990,25.7506,26.0319
28255,29093,2016-02-18 04:40:00.000000 UTC,49570,25.7514,29.7887
16111,28255,2016-02-06 19:01:40.000000 UTC,34930,25.7523,25.8043
28255,39261,2016-02-18 07:01:40.000000 UTC,52930,25.7527,29.1866
16111,28255,2016-02-06 19:20:00.000000 UTC,1390,25.7532,27.3807
29093,39261,2016-02-02 21:55:00.000000 UTC,53410,25.7536,30.9136
16111,29093,2016-02-06 18:45:00.000000 UTC,1570,25.7537,25.248
28255,39261,2016-02-18 08:16:40.000000 UTC,56350,25.7545,25.7632
28255,39261,2016-02-23 03:20:00.000000 UTC,58150,25.7547,29.8493
16111,28255,2016-02-10 02:46:40.000000 UTC,2110,25.7549,26.6402
39261,28255,2016-02-12 11:00:00.000000 UTC,44050,25.7551,25.7393
16111,29093,2016-02-10 07:05:00.000000 UTC,36010,25.7555,25.8148
16111,39261,2016-02-10 09:16:40.000000 UTC,37750,25.7555,28.9974
29093,28255,2016-02-03 15:16:40.000000 UTC,1930,25.7556,25.6528
29093,39261,2016-02-06 17:30:00.000000 UTC,58570,25.7567,30.6193
16111,28255,2016-02-07 00:31:40.000000 UTC,26110,25.757,25.7411
16111,28255,2016-02-12 11:00:00.000000 UTC,39130,25.7581,25.7726
39261,28255,2016-02-12 11:10:00.000000 UTC,31990,25.759,25.7639
39261,29093,2016-02-17 20:20:00.000000 UTC,14290,25.7595,25.8472
28255,16111,2016-02-22 17:16:40.000000 UTC,19570,25.7607,27.1895
16111,39261,2016-02-07 02:31:40.000000 UTC,52750,25.7616,25.8196
28255,16111,2016-02-20 00:50:00.000000 UTC,58150,25.7642,25.9068
28255,29093,2016-02-18 12:50:00.000000 UTC,39610,25.7648,25.7524
16111,39261,2016-02-06 19:01:40.000000 UTC,22270,25.7655,26.2393
29093,28255,2016-02-01 07:01:40.000000 UTC,25990,25.7661,25.8241
28255,39261,2016-02-19 13:10:00.000000 UTC,24370,25.7663,29.4588
29093,28255,2016-02-03 11:35:00.000000 UTC,54670,25.7666,25.9203
28255,16111,2016-02-18 07:01:40.000000 UTC,26890,25.7673,25.7305
39261,29093,2016-02-12 12:50:00.000000 UTC,27850,25.7674,25.8329
39261,28255,2016-02-12 18:01:40.000000 UTC,31690,25.7678,25.7722
29093,28255,2016-02-06 17:30:00.000000 UTC,19630,25.7679,29.1796
39261,29093,2016-02-13 06:31:40.000000 UTC,50170,25.768,25.8112
16111,39261,2016-02-08 18:40:00.000000 UTC,52090,25.7683,25.7544
29093,16111,2016-02-05 15:15:00.000000 UTC,42550,25.7691,30.3137
28255,29093,2016-02-21 20:16:40.000000 UTC,46390,25.7695,25.6266
29093,39261,2016-02-02 07:20:00.000000 UTC,18310,25.7712,27.4677
16111,39261,2016-02-06 21:45:00.000000 UTC,18130,25.7714,29.8893
29093,39261,2016-02-06 17:30:00.000000 UTC,55150,25.7719,26.7187
39261,29093,2016-02-12 11:35:00.000000 UTC,34150,25.7729,27.6219
39261,28255,2016-02-13 07:35:00.000000 UTC,46090,25.7729,29.3522
16111,28255,2016-02-10 07:05:00.000000 UTC,12850,25.7739,26.9521
39261,29093,2016-02-15 00:25:00.000000 UTC,6010,25.7746,26.8169
39261,29093,2016-02-17 15:01:40.000000 UTC,16270,25.7751,28.8511
39261,29093,2016-02-12 13:55:00.000000 UTC,56950,25.7755,30.3167
29093,39261,2016-02-01 02:10:00.000000 UTC,46330,25.7756,25.711
28255,29093,2016-02-18 17:25:00.000000 UTC,56830,25.7757,25.3312
39261,28255,2016-02-16 21:20:00.000000 UTC,29530,25.7779,25.9369
16111,39261,2016-02-07 03:15:00.000000 UTC,56470,25.7783,31.1451
29093,28255,2016-02-06 12:01:40.000000 UTC,56650,25.7791,25.825
29093,28255,2016-02-04 20:15:00.000000 UTC,8890,25.78,28.6179
39261,16111,2016-02-12 13:55:00.000000 UTC,58030,25.7805,30.9227
29093,28255,2016-02-01 05:16:40.000000 UTC,56830,25.7812,30.6976
28255,16111,2016-02-18 07:25:00.000000 UTC,48850,25.7825,27.7282
28255,29093,2016-02-18 15:46:40.000000 UTC,1390,25.7838,26.4562
16111,39261,2016-02-10 20:40:00.000000 UTC,57250,25.7841,30.5225
16111,28255,2016-02-06 20:25:00.000000 UTC,7210,25.7844,25.8017
29093,16111,2016-02-06 17:30:00.000000 UTC,51850,25.7845,30.9384
28255,39261,2016-02-18 05:16:40.000000 UTC,37930,25.785,25.9274
28255,39261,2016-02-19 00:01:40.000000 UTC,32650,25.7855,25.8271
16111,29093,2016-02-12 05:31:40.000000 UTC,10750,25.7859,26.299
28255,29093,2016-02-20 21:40:00.000000 UTC,11110,25.7859,26.4391
16111,29093,2016-02-06 17:35:00.000000 UTC,28090,25.7864,25.7618
39261,16111,2016-02-14 10:31:40.000000 UTC,15790,25.7869,19.91
29093,16111,2016-02-02 20:20:00.000000 UTC,54370,25.7875,31.4128
39261,29093,2016-02-12 17:25:00.000000 UTC,30610,25.7877,25.7513
16111,39261,2016-02-09 10:40:00.000000 UTC,52030,25.7879,25.9459
16111,39261,2016-02-10 16:01:40.000000 UTC,16270,25.7885,26.4549
28255,39261,2016-02-18 04:55:00.000000 UTC,53230,25.7885,29.9673
29093,39261,2016-02-01 01:15:00.000000 UTC,54070,25.7918,30.7632
16111,29093,2016-02-10 09:16:40.000000 UTC,52030,25.7928,29.6588
28255,16111,2016-02-19 04:25:00.000000 UTC,1390,25.7936,25.1261
29093,28255,2016-02-02 17:15:00.000000 UTC,37270,25.7946,26.1672
16111,39261,2016-02-08 02:10:00.000000 UTC,29050,25.7946,25.7769
29093,16111,2016-02-01 12:55:00.000000 UTC,47710,25.7953,25.71
29093,28255,2016-02-04 09:16:40.000000 UTC,53290,25.7953,25.9015
39261,29093,2016-02-15 14:01:40.000000 UTC,31090,25.7953,25.8219
29093,28255,2016-02-03 15:16:40.000000 UTC,1870,25.7954,25.2421
16111,39261,2016-02-07 19:46:40.000000 UTC,39730,25.7957,24.4807
16111,28255,2016-02-06 18:05:00.000000 UTC,30490,25.7967,25.7665
29093,39261,2016-02-03 15:16:40.000000 UTC,23650,25.7975,27.6336
28255,16111,2016-02-19 23:16:40.000000 UTC,59350,25.7986,28.9022
16111,28255,2016-02-11 21:31:40.000000 UTC,40210,25.7988,26.2096
39261,28255,2016-02-12 12:31:40.000000 UTC,37930,25.7999,25.868
16111,28255,2016-02-08 02:10:00.000000 UTC,47230,25.8009,29.5097
29093,39261,2016-02-03 19:05:00.000000 UTC,58450,25.801,30.2357
39261,29093,2016-02-13 01:40:00.000000 UTC,17170,25.801,26.5474
29093,28255,2016-02-01 05:16:40.000000 UTC,38950,25.8014,30.1793
16111,28255,2016-02-06 18:45:00.000000 UTC,34870,25.8033,25.8182
28255,16111,2016-02-22 03:01:40.000000 UTC,41410,25.8034,25.7022
29093,39261,2016-02-02 18:46:40.000000 UTC,50650,25.8044,25.7229
29093,28255,2016-02-01 05:16:40.000000 UTC,1510,25.8046,24.2248
16111,28255,2016-02-09 06:55:00.000000 UTC,25810,25.8047,22.9477
29093,39261,2016-02-02 02:16:40.000000 UTC,40570,25.8048,25.8265
39261,28255,2016-02-13 02:35:00.000000 UTC,39190,25.8049,25.8763
16111,28255,2016-02-06 21:45:00.000000 UTC,57070,25.8061,31.1573
28255,39261,2016-02-19 15:55:00.000000 UTC,41230,25.8065,25.8062
29093,39261,2016-02-01 19:31:40.000000 UTC,51310,25.8073,27.7387
29093,28255,2016-02-03 17:10:00.000000 UTC,43990,25.8076,25.8189
16111,28255,2016-02-09 08:46:40.000000 UTC,45250,25.8077,25.8011
29093,16111,2016-02-05 22:50:00.000000 UTC,21250,25.8083,25.5924
28255,39261,2016-02-19 04:25:00.000000 UTC,16990,25.8083,26.6259
28255,39261,2016-02-18 11:31:40.000000 UTC,28090,25.8084,25.7268
28255,16111,2016-02-22 10:01:40.000000 UTC,55270,25.8091,25.9079
39261,28255,2016-02-17 20:20:00.000000 UTC,34450,25.8095,25.9144
28255,29093,2016-02-20 04:01:40.000000 UTC,9070,25.8096,26.1175
39261,28255,2016-02-12 11:10:00.000000 UTC,28030,25.8101,25.8525
16111,29093,2016-02-06 21:16:40.000000 UTC,1750,25.8106,26.2328
39261,16111,2016-02-16 02:46:40.000000 UTC,54070,25.8115,29.1234
28255,16111,2016-02-21 22:30:00.000000 UTC,14890,25.8124,26.8342
29093,39261,2016-02-03 04:31:40.000000 UTC,50410,25.8127,29.7097
28255,39261,2016-02-19 01:05:00.000000 UTC,57070,25.8127,25.8097
16111,28255,2016-02-06 17:40:00.000000 UTC,28570,25.8135,25.792
16111,28255,2016-02-09 22:35:00.000000 UTC,35050,25.8135,25.7828
16111,29093,2016-02-11 08:45:00.000000 UTC,15910,25.8138,26.5377
16111,28255,2016-02-11 03:50:00.000000 UTC,25930,25.8139,25.8352
28255,39261,2016-02-22 00:45:00.000000 UTC,41890,25.815,25.805
16111,29093,2016-02-10 20:40:00.000000 UTC,50770,25.8151,31.216
16111,29093,2016-02-11 18:55:00.000000 UTC,16930,25.8152,29.5733
29093,39261,2016-02-01 00:35:00.000000 UTC,13990,25.8153,26.3562
16111,28255,2016-02-09 01:30:00.000000 UTC,17830,25.8154,26.5589
28255,16111,2016-02-18 11:31:40.000000 UTC,57130,25.8162,30.9438
16111,28255,2016-02-07 00:31:40.000000 UTC,32170,25.8163,26.462
28255,29093,2016-02-19 03:16:40.000000 UTC,42370,25.817,25.7663
16111,39261,2016-02-07 07:16:40.000000 UTC,48010,25.8171,25.8566
39261,28255,2016-02-13 21:01:40.000000 UTC,33070,25.8181,27.7052
28255,29093,2016-02-18 07:01:40.000000 UTC,55750,25.819,31.2209
16111,39261,2016-02-10 00:40:00.000000 UTC,41590,25.8196,28.4279
29093,28255,2016-02-01 05:16:40.000000 UTC,13690,25.8201,25.7028
16111,28255,2016-02-07 13:01:40.000000 UTC,46750,25.8203,25.8509
28255,29093,2016-02-20 21:40:00.000000 UTC,30310,25.8215,27.382
28255,29093,2016-02-22 07:40:00.000000 UTC,54430,25.8221,29.0282
29093,28255,2016-02-02 07:20:00.000000 UTC,1270,25.824,25.8905
29093,39261,2016-02-05 22:50:00.000000 UTC,32170,25.824,26.3481
28255,16111,2016-02-23 05:55:00.000000 UTC,24430,25.8242,25.8577
29093,39261,2016-02-06 12:01:40.000000 UTC,1390,25.8244,25.7088
29093,39261,2016-02-05 05:31:40.000000 UTC,9430,25.8255,27.1239
28255,29093,2016-02-18 09:46:40.000000 UTC,40210,25.826,25.8225
29093,39261,2016-02-01 03:46:40.000000 UTC,52750,25.8264,25.8312
39261,28255,2016-02-16 05:00:00.000000 UTC,34150,25.8266,25.8387
28255,39261,2016-02-20 17:55:00.000000 UTC,18730,25.8266,27.1776
16111,39261,2016-02-10 11:30:00.000000 UTC,32710,25.8278,27.8824
39261,16111,2016-02-13 01:40:00.000000 UTC,53170,25.8281,25.7145
29093,39261,2016-02-06 12:01:40.000000 UTC,29650,25.8282,25.8361
39261,28255,2016-02-13 04:30:00.000000 UTC,10030,25.8282,28.3591
16111,39261,2016-02-07 17:25:00.000000 UTC,47890,25.8297,30.1783
39261,29093,2016-02-14 19:00:00.000000 UTC,59650,25.8307,25.9273
29093,39261,2016-02-01 13:46:40.000000 UTC,29530,25.8312,25.8641
39261,28255,2016-02-13 14:30:00.000000 UTC,44590,25.8312,25.8551
29093,28255,2016-02-05 15:15:00.000000 UTC,22150,25.8329,25.9081
39261,16111,2016-02-14 07:20:00.000000 UTC,47890,25.8331,30.6295
28255,29093,2016-02-20 16:05:00.000000 UTC,2470,25.8342,25.7675
29093,39261,2016-02-04 03:01:40.000000 UTC,32650,25.8344,27.7001
29093,39261,2016-02-06 17:30:00.000000 UTC,43030,25.836,26.5596
28255,16111,2016-02-18 10:55:00.000000 UTC,37270,25.8363,25.8239
29093,39261,2016-02-04 20:15:00.000000 UTC,37030,25.8365,27.8953
28255,39261,2016-02-20 09:01:40.000000 UTC,49870,25.8372,30.5344
16111,28255,2016-02-09 05:05:00.000000 UTC,46090,25.8393,30.4893
16111,29093,2016-02-11 01:25:00.000000 UTC,56350,25.8393,31.0346
29093,28255,2016-02-01 02:10:00.000000 UTC,7030,25.8406,25.8731
16111,29093,2016-02-09 22:35:00.000000 UTC,24430,25.8415,25.7229
29093,39261,2016-02-01 01:31:40.000000 UTC,55990,25.8429,28.5442
29093,28255,2016-02-04 05:05:00.000000 UTC,46450,25.8435,25.7928
16111,39261,2016-02-08 07:46:40.000000 UTC,30670,25.8443,25.8529
16111,29093,2016-02-07 07:16:40.000000 UTC,45490,25.8444,25.8609
28255,29093,2016-02-19 18:46:40.000000 UTC,24070,25.8457,25.8506
39261,28255,2016-02-15 16:05:00.000000 UTC,42490,25.846,25.8389
16111,28255,2016-02-11 16:20:00.000000 UTC,51070,25.8464,25.9271
29093,28255,2016-02-04 09:16:40.000000 UTC,17830,25.8472,25.9832
39261,28255,2016-02-12 15:45:00.000000 UTC,52750,25.8483,29.7003
28255,39261,2016-02-22 00:45:00.000000 UTC,57370,25.849,30.4641
16111,28255,2016-02-08 22:01:40.000000 UTC,38830,25.8492,30.1964
29093,28255,2016-02-04 01:00:00.000000 UTC,46750,25.8495,29.3384
16111,28255,2016-02-10 18:20:00.000000 UTC,15670,25.851,26.3642
28255,39261,2016-02-19 20:15:00.000000 UTC,29530,25.8513,25.8979
29093,28255,2016-02-03 15:16:40.000000 UTC,14050,25.8515,26.0278
39261,16111,2016-02-17 09:50:00.000000 UTC,42670,25.8548,25.8877
39261,29093,2016-02-13 21:01:40.000000 UTC,15310,25.8557,28.9106
29093,28255,2016-02-03 19:05:00.000000 UTC,27910,25.8582,29.4758
28255,39261,2016-02-21 22:30:00.000000 UTC,41110,25.8584,28.0585
29093,39261,2016-02-01 00:10:00.000000 UTC,45910,25.8585,25.9177
28255,29093,2016-02-18 09:15:00.000000 UTC,19630,25.8599,26.5446
28255,29093,2016-02-18 06:01:40.000000 UTC,48250,25.8605,26.7417
29093,39261,2016-02-03 15:16:40.000000 UTC,44830,25.8615,28.801
16111,28255,2016-02-07 07:16:40.000000 UTC,43630,25.8615,26.8516
28255,16111,2016-02-19 11:50:00.000000 UTC,58630,25.8628,29.7393
28255,16111,2016-02-18 04:30:00.000000 UTC,49990,25.8634,25.8492
39261,28255,2016-02-15 18:10:00.000000 UTC,49870,25.8638,29.9805
16111,29093,2016-02-11 01:25:00.000000 UTC,19150,25.8643,27.3182
16111,29093,2016-02-07 01:50:00.000000 UTC,1750,25.8645,25.7196
29093,39261,2016-02-03 08:00:00.000000 UTC,48610,25.8667,27.597
28255,39261,2016-02-18 17:25:00.000000 UTC,59590,25.8669,29.732
28255,39261,2016-02-18 06:40:00.000000 UTC,50170,25.8679,25.8867
28255,16111,2016-02-18 19:10:00.000000 UTC,31870,25.8683,27.4143
16111,28255,2016-02-06 19:01:40.000000 UTC,58990,25.8689,25.8081
29093,28255,2016-02-05 22:50:00.000000 UTC,56650,25.8704,30.0502
39261,28255,2016-02-16 05:00:00.000000 UTC,16030,25.8705,26.687
39261,29093,2016-02-12 13:55:00.000000 UTC,57070,25.8707,30.5494
28255,29093,2016-02-22 10:01:40.000000 UTC,57730,25.8713,30.4563
28255,39261,2016-02-23 03:20:00.000000 UTC,50770,25.8714,25.8752
29093,28255,2016-02-01 04:15:00.000000 UTC,37210,25.8725,25.852
29093,16111,2016-02-05 00:50:00.000000 UTC,51190,25.8725,25.8536
39261,28255,2016-02-14 13:50:00.000000 UTC,44170,25.8726,27.7211
28255,16111,2016-02-22 22:15:00.000000 UTC,55690,25.8731,31.0384
28255,29093,2016-02-23 13:50:00.000000 UTC,51790,25.8751,29.4169
28255,29093,2016-02-18 12:50:00.000000 UTC,50950,25.8756,25.8476
16111,29093,2016-02-06 22:46:40.000000 UTC,1870,25.876,26.7753
39261,16111,2016-02-17 12:25:00.000000 UTC,2590,25.8761,25.9298
39261,16111,2016-02-13 10:55:00.000000 UTC,52210,25.8775,30.1682
29093,39261,2016-02-04 01:00:00.000000 UTC,10990,25.8781,28.4269
29093,39261,2016-02-01 05:50:00.000000 UTC,39670,25.8782,25.901
16111,28255,2016-02-07 19:46:40.000000 UTC,46450,25.8799,27.4654
29093,39261,2016-02-01 17:30:00.000000 UTC,30490,25.8808,25.864
28255,16111,2016-02-19 13:10:00.000000 UTC,31330,25.8812,25.888
28255,29093,2016-02-23 08:31:40.000000 UTC,56110,25.882,25.7037
29093,28255,2016-02-02 03:30:00.000000 UTC,45130,25.8821,29.7285
29093,39261,2016-02-01 12:05:00.000000 UTC,56710,25.8822,30.6533
39261,28255,2016-02-13 03:31:40.000000 UTC,9910,25.8824,28.0307
28255,29093,2016-02-19 00:01:40.000000 UTC,11230,25.8851,27.3192
16111,39261,2016-02-06 21:45:00.000000 UTC,57430,25.8852,25.9738
39261,16111,2016-02-12 14:46:40.000000 UTC,31990,25.8859,26.779
16111,28255,2016-02-10 18:20:00.000000 UTC,53170,25.8862,25.7913
29093,28255,2016-02-03 15:16:40.000000 UTC,17530,25.8868,27.8909
28255,29093,2016-02-19 06:46:40.000000 UTC,48730,25.887,25.9045
39261,28255,2016-02-13 03:31:40.000000 UTC,39130,25.8874,25.9131
39261,28255,2016-02-13 09:46:40.000000 UTC,1630,25.8875,23.1597
29093,28255,2016-02-04 15:46:40.000000 UTC,45310,25.8877,30.6814
39261,16111,2016-02-16 05:00:00.000000 UTC,9370,25.8889,26.4902
28255,39261,2016-02-19 05:35:00.000000 UTC,54550,25.889,30.4328
16111,39261,2016-02-06 17:35:00.000000 UTC,57850,25.8892,26.63
29093,28255,2016-02-02 12:50:00.000000 UTC,32350,25.8937,26.4685
16111,28255,2016-02-09 05:05:00.000000 UTC,34030,25.8952,29.8657
16111,29093,2016-02-11 08:45:00.000000 UTC,10750,25.8958,29.0373
39261,29093,2016-02-14 12:10:00.000000 UTC,36670,25.896,28.0767
28255,39261,2016-02-19 03:16:40.000000 UTC,57130,25.8962,25.8678
29093,39261,2016-02-05 03:10:00.000000 UTC,45310,25.8964,26.6701
29093,39261,2016-02-01 00:00:00.000000 UTC,33970,25.8968,25.9994
28255,16111,2016-02-19 05:35:00.000000 UTC,1510,25.8977,27.0445
28255,16111,2016-02-19 10:31:40.000000 UTC,48850,25.8984,25.8785
16111,29093,2016-02-08 00:50:00.000000 UTC,8710,25.8987,28.8425
16111,29093,2016-02-07 01:10:00.000000 UTC,53170,25.8998,29.3147
16111,39261,2016-02-06 17:55:00.000000 UTC,57730,25.9032,25.921
16111,28255,2016-02-07 17:25:00.000000 UTC,51850,25.9039,27.5741
28255,39261,2016-02-19 11:50:00.000000 UTC,54730,25.9039,30.3181
16111,39261,2016-02-07 09:05:00.000000 UTC,56050,25.9042,25.9941
39261,29093,2016-02-14 10:31:40.000000 UTC,52270,25.9042,30.8374
16111,39261,2016-02-06 20:25:00.000000 UTC,40090,25.9059,24.1714
29093,39261,2016-02-01 01:31:40.000000 UTC,50710,25.9061,25.9206
29093,39261,2016-02-01 01:00:00.000000 UTC,32350,25.9063,25.8465
16111,28255,2016-02-07 08:10:00.000000 UTC,38050,25.9069,25.9791
29093,16111,2016-02-03 19:05:00.000000 UTC,35350,25.908,25.9432
29093,28255,2016-02-03 19:05:00.000000 UTC,33910,25.908,29.5203
16111,28255,2016-02-08 22:01:40.000000 UTC,1390,25.9089,26.7369
16111,28255,2016-02-07 21:00:00.000000 UTC,1390,25.9093,26.7461
29093,16111,2016-02-04 05:05:00.000000 UTC,27910,25.9095,25.8618
28255,39261,2016-02-18 09:15:00.000000 UTC,34030,25.9096,25.9453
16111,39261,2016-02-07 11:00:00.000000 UTC,42970,25.9099,25.8821
16111,28255,2016-02-07 09:05:00.000000 UTC,51790,25.9103,25.9753
29093,28255,2016-02-01 01:15:00.000000 UTC,46870,25.9104,25.9119
28255,16111,2016-02-21 15:55:00.000000 UTC,47230,25.911,28.8832
39261,16111,2016-02-12 11:35:00.000000 UTC,40810,25.9112,27.862
29093,16111,2016-02-01 07:40:00.000000 UTC,54670,25.9114,29.9153
39261,28255,2016-02-18 01:45:00.000000 UTC,46030,25.9114,25.926
39261,16111,2016-02-14 15:31:40.000000 UTC,15670,25.9119,26.1792
16111,28255,2016-02-06 20:25:00.000000 UTC,26350,25.9122,29.494
28255,16111,2016-02-20 04:01:40.000000 UTC,24490,25.9122,27.1928
29093,28255,2016-02-05 03:10:00.000000 UTC,43330,25.9124,27.0399
29093,16111,2016-02-04 11:25:00.000000 UTC,1570,25.9134,26.3521
39261,16111,2016-02-13 14:30:00.000000 UTC,14710,25.9138,25.9719
29093,39261,2016-02-06 06:40:00.000000 UTC,43270,25.9142,29.3899
39261,16111,2016-02-14 20:46:40.000000 UTC,46090,25.9149,25.8342
16111,29093,2016-02-09 05:05:00.000000 UTC,55330,25.9177,31.1215
39261,29093,2016-02-12 17:25:00.000000 UTC,41350,25.9185,28.1351
39261,28255,2016-02-14 08:55:00.000000 UTC,30010,25.9188,25.8206
29093,16111,2016-02-02 08:40:00.000000 UTC,12070,25.9191,26.6484
39261,28255,2016-02-13 06:31:40.000000 UTC,39010,25.9203,25.8868
16111,28255,2016-02-07 14:05:00.000000 UTC,45490,25.922,25.9325
28255,39261,2016-02-18 10:20:00.000000 UTC,56410,25.9241,25.8992
16111,28255,2016-02-07 01:10:00.000000 UTC,24430,25.9242,25.5368
16111,39261,2016-02-09 16:30:00.000000 UTC,40030,25.9247,25.915
16111,39261,2016-02-07 12:00:00.000000 UTC,56890,25.9249,26.0738
29093,16111,2016-02-02 20:20:00.000000 UTC,28750,25.9261,25.9133
29093,28255,2016-02-05 10:20:00.000000 UTC,45130,25.9262,25.9448
16111,39261,2016-02-06 23:55:00.000000 UTC,29590,25.9262,25.9985
39261,29093,2016-02-12 13:55:00.000000 UTC,54130,25.9262,25.9972
28255,16111,2016-02-18 06:20:00.000000 UTC,57610,25.9268,29.6616
29093,28255,2016-02-01 19:31:40.000000 UTC,53410,25.9286,29.686
39261,16111,2016-02-12 13:55:00.000000 UTC,57730,25.929,30.3623
39261,28255,2016-02-14 01:16:40.000000 UTC,53650,25.9295,28.2908
29093,28255,2016-02-05 12:46:40.000000 UTC,35410,25.9299,25.9519
29093,39261,2016-02-05 15:15:00.000000 UTC,53170,25.9301,30.1866
16111,39261,2016-02-06 17:31:40.000000 UTC,39730,25.9303,26.0193
29093,39261,2016-02-01 03:46:40.000000 UTC,11890,25.9306,29.9179
16111,29093,2016-02-08 03:31:40.000000 UTC,48370,25.9306,29.6257
28255,16111,2016-02-20 19:46:40.000000 UTC,49810,25.9311,30.2577
29093,16111,2016-02-05 00:50:00.000000 UTC,33010,25.9315,25.968
16111,28255,2016-02-07 09:05:00.000000 UTC,28270,25.9318,26.2491
29093,39261,2016-02-02 03:30:00.000000 UTC,34930,25.9322,25.9864
39261,28255,2016-02-12 20:01:40.000000 UTC,42670,25.9323,28.7463
28255,16111,2016-02-20 04:01:40.000000 UTC,50530,25.9335,25.9648
28255,39261,2016-02-20 02:25:00.000000 UTC,33730,25.9348,26.0679
29093,28255,2016-02-01 15:35:00.000000 UTC,37870,25.9355,25.9323
29093,28255,2016-02-03 17:10:00.000000 UTC,48430,25.936,25.9078
16111,39261,2016-02-08 13:50:00.000000 UTC,55450,25.9369,29.7322
28255,39261,2016-02-19 05:35:00.000000 UTC,52750,25.9374,25.798
28255,29093,2016-02-23 05:55:00.000000 UTC,52270,25.939,25.8737
39261,28255,2016-02-17 02:15:00.000000 UTC,35230,25.9397,25.9843
29093,28255,2016-02-01 01:50:00.000000 UTC,48490,25.9404,25.8245
16111,28255,2016-02-09 05:05:00.000000 UTC,54850,25.9404,25.9711
39261,16111,2016-02-12 11:16:40.000000 UTC,1270,25.9415,25.5384
29093,16111,2016-02-01 09:01:40.000000 UTC,42310,25.9417,25.7803
28255,16111,2016-02-23 22:00:00.000000 UTC,30190,25.9431,25.9758
39261,28255,2016-02-12 22:16:40.000000 UTC,52750,25.9433,30.1985
28255,39261,2016-02-18 07:01:40.000000 UTC,59410,25.9433,30.2244
16111,39261,2016-02-06 20:01:40.000000 UTC,38710,25.944,25.8899
29093,39261,2016-02-05 10:20:00.000000 UTC,31030,25.9443,25.9548
39261,28255,2016-02-13 01:40:00.000000 UTC,58390,25.9446,30.0168
28255,39261,2016-02-20 07:20:00.000000 UTC,46150,25.9446,25.9775
28255,29093,2016-02-18 17:25:00.000000 UTC,49990,25.9447,25.9545
16111,29093,2016-02-12 02:50:00.000000 UTC,37150,25.9448,25.8903
29093,39261,2016-02-01 01:15:00.000000 UTC,52210,25.9451,26.0281
16111,28255,2016-02-09 10:40:00.000000 UTC,26110,25.9458,25.9669
16111,39261,2016-02-10 16:01:40.000000 UTC,55390,25.9478,29.3301
39261,28255,2016-02-13 06:31:40.000000 UTC,33130,25.948,25.9357
28255,39261,2016-02-22 03:01:40.000000 UTC,44710,25.948,28.8094
39261,28255,2016-02-13 12:05:00.000000 UTC,2650,25.9483,25.9135
39261,28255,2016-02-15 02:16:40.000000 UTC,1330,25.9489,25.0603
16111,39261,2016-02-07 00:31:40.000000 UTC,38890,25.9502,29.2207
29093,28255,2016-02-05 05:31:40.000000 UTC,53110,25.9504,30.1518
16111,39261,2016-02-09 06:55:00.000000 UTC,51070,25.9507,26.4105
39261,28255,2016-02-13 07:35:00.000000 UTC,2770,25.9507,25.8298
39261,16111,2016-02-12 12:00:00.000000 UTC,29110,25.951,25.9199
29093,16111,2016-02-03 23:00:00.000000 UTC,1810,25.9511,26.3197
16111,39261,2016-02-10 18:20:00.000000 UTC,56710,25.9519,30.7403
29093,28255,2016-02-02 12:50:00.000000 UTC,38110,25.9522,25.9611
29093,28255,2016-02-05 10:20:00.000000 UTC,34930,25.9523,26.0087
29093,16111,2016-02-02 17:15:00.000000 UTC,54310,25.9533,31.1722
39261,16111,2016-02-14 15:31:40.000000 UTC,43870,25.954,27.799
28255,16111,2016-02-19 10:31:40.000000 UTC,15070,25.9545,25.9884
16111,39261,2016-02-06 20:25:00.000000 UTC,50950,25.9552,26.0019
29093,39261,2016-02-01 20:35:00.000000 UTC,49570,25.9553,25.8477
29093,16111,2016-02-05 10:20:00.000000 UTC,9970,25.9555,27.7151
39261,28255,2016-02-14 10:31:40.000000 UTC,59110,25.9555,28.6721
39261,28255,2016-02-12 16:50:00.000000 UTC,53050,25.9563,30.2475
28255,29093,2016-02-18 05:45:00.000000 UTC,31390,25.9563,25.9609
29093,39261,2016-02-01 21:40:00.000000 UTC,33490,25.9575,25.9956
29093,28255,2016-02-02 15:45:00.000000 UTC,58030,25.9596,30.5427
28255,29093,2016-02-18 05:05:00.000000 UTC,26230,25.9604,27.0533
28255,39261,2016-02-18 15:46:40.000000 UTC,38350,25.9605,25.969
16111,39261,2016-02-06 21:16:40.000000 UTC,59590,25.9614,28.9173
39261,16111,2016-02-16 00:35:00.000000 UTC,46810,25.9623,29.2341
29093,39261,2016-02-01 01:50:00.000000 UTC,17050,25.9624,28.3884
29093,16111,2016-02-01 03:46:40.000000 UTC,35050,25.9626,27.5568
16111,29093,2016-02-07 01:10:00.000000 UTC,8230,25.9629,29.132
28255,29093,2016-02-20 00:50:00.000000 UTC,56350,25.9639,25.9536
29093,28255,2016-02-03 06:15:00.000000 UTC,46090,25.9645,25.9806
28255,29093,2016-02-22 03:01:40.000000 UTC,59530,25.9653,31.1204
16111,39261,2016-02-09 18:30:00.000000 UTC,30370,25.9654,25.999
28255,29093,2016-02-19 00:01:40.000000 UTC,57190,25.9654,30.5026
29093,39261,2016-02-04 20:15:00.000000 UTC,16270,25.9659,29.0128
16111,39261,2016-02-11 01:25:00.000000 UTC,58570,25.9662,30.5072
39261,28255,2016-02-13 21:01:40.000000 UTC,27310,25.9664,28.2626
29093,39261,2016-02-01 13:46:40.000000 UTC,1270,25.9669,25.7218
28255,16111,2016-02-23 19:15:00.000000 UTC,15970,25.9672,26.4269
39261,29093,2016-02-12 23:05:00.000000 UTC,57550,25.9684,26.01
39261,16111,2016-02-12 18:01:40.000000 UTC,45790,25.9688,30.5572
39261,28255,2016-02-15 08:01:40.000000 UTC,47050,25.9705,25.9866
28255,39261,2016-02-18 12:50:00.000000 UTC,34150,25.9708,25.8516
39261,29093,2016-02-17 17:40:00.000000 UTC,52690,25.9731,25.9613
29093,39261,2016-02-01 01:31:40.000000 UTC,16390,25.9732,26.126
29093,39261,2016-02-01 07:40:00.000000 UTC,51790,25.9736,27.6743
29093,16111,2016-02-04 20:15:00.000000 UTC,1330,25.974,26.2586
16111,28255,2016-02-07 01:10:00.000000 UTC,44770,25.9749,28.5099
29093,39261,2016-02-01 15:35:00.000000 UTC,44590,25.976,28.341
29093,39261,2016-02-01 09:45:00.000000 UTC,58930,25.9764,25.9029
28255,39261,2016-02-18 08:16:40.000000 UTC,59770,25.9765,30.6449
16111,28255,2016-02-07 03:15:00.000000 UTC,58090,25.9769,30.8487
16111,39261,2016-02-06 20:25:00.000000 UTC,50650,25.9774,27.0891
28255,39261,2016-02-18 06:40:00.000000 UTC,31690,25.9776,26.6623
29093,39261,2016-02-02 17:15:00.000000 UTC,48790,25.9779,26.0465
28255,29093,2016-02-20 12:30:00.000000 UTC,37990,25.9787,28.4555
16111,28255,2016-02-07 18:35:00.000000 UTC,7150,25.9789,27.9531
28255,16111,2016-02-18 06:20:00.000000 UTC,56470,25.9789,25.8494
29093,28255,2016-02-02 12:50:00.000000 UTC,26410,25.979,26.2668
16111,29093,2016-02-08 04:55:00.000000 UTC,28930,25.981,26.1186
29093,28255,2016-02-06 17:30:00.000000 UTC,51730,25.9815,26.0223
28255,29093,2016-02-18 12:10:00.000000 UTC,5590,25.9821,27.1305
39261,29093,2016-02-15 20:16:40.000000 UTC,52270,25.983,25.9587
29093,39261,2016-02-02 07:20:00.000000 UTC,41890,25.9834,26.0134
39261,16111,2016-02-15 12:00:00.000000 UTC,49090,25.9842,25.8725
39261,16111,2016-02-12 11:25:00.000000 UTC,1270,25.9844,25.7575
39261,29093,2016-02-12 13:55:00.000000 UTC,51250,25.9845,30.0476
39261,16111,2016-02-17 23:01:40.000000 UTC,57430,25.9846,30.5966
39261,28255,2016-02-17 23:01:40.000000 UTC,17350,25.9846,28.9321
39261,29093,2016-02-16 16:31:40.000000 UTC,41710,25.985,25.9834
29093,28255,2016-02-01 08:20:00.000000 UTC,30310,25.9852,25.9741
29093,39261,2016-02-01 00:35:00.000000 UTC,53770,25.9858,30.7684
29093,16111,2016-02-06 09:20:00.000000 UTC,26530,25.9858,26.0038
16111,28255,2016-02-08 10:45:00.000000 UTC,50470,25.9861,25.9578
16111,39261,2016-02-06 19:40:00.000000 UTC,28390,25.9869,26.0641
28255,29093,2016-02-18 07:25:00.000000 UTC,20110,25.9872,27.0613
39261,28255,2016-02-12 22:16:40.000000 UTC,52810,25.9873,30.2911
29093,39261,2016-02-01 20:35:00.000000 UTC,31270,25.9874,25.9221
29093,16111,2016-02-02 01:05:00.000000 UTC,9010,25.9875,28.2321
29093,16111,2016-02-01 12:55:00.000000 UTC,55150,25.9884,31.3929
29093,16111,2016-02-03 13:25:00.000000 UTC,1990,25.9884,26.4045
28255,16111,2016-02-19 11:50:00.000000 UTC,9250,25.9889,25.8612
28255,29093,2016-02-19 04:25:00.000000 UTC,47770,25.989,26.0046
28255,16111,2016-02-19 17:20:00.000000 UTC,13450,25.989,26.5185
39261,29093,2016-02-17 02:15:00.000000 UTC,35530,25.9897,26.5322
29093,28255,2016-02-04 07:10:00.000000 UTC,27310,25.9903,25.9965
28255,16111,2016-02-18 16:35:00.000000 UTC,13450,25.9903,26.2978
16111,29093,2016-02-07 23:31:40.000000 UTC,59890,25.9906,30.6198
29093,28255,2016-02-02 01:05:00.000000 UTC,59590,25.9908,26.9607
39261,28255,2016-02-12 16:16:40.000000 UTC,13570,25.991,26.92
39261,16111,2016-02-14 12:10:00.000000 UTC,49810,25.9922,26.0037
29093,28255,2016-02-04 20:15:00.000000 UTC,35530,25.9928,27.98
29093,16111,2016-02-05 05:31:40.000000 UTC,28990,25.9928,26.0931
16111,29093,2016-02-07 14:05:00.000000 UTC,46930,25.9928,25.8248
29093,16111,2016-02-03 17:10:00.000000 UTC,11350,25.9936,26.189
16111,39261,2016-02-09 22:35:00.000000 UTC,49390,25.9938,25.9961
28255,29093,2016-02-19 03:16:40.000000 UTC,56650,25.995,30.6956
39261,16111,2016-02-15 02:16:40.000000 UTC,10690,25.9972,27.1141
16111,29093,2016-02-10 13:45:00.000000 UTC,56290,25.9976,31.36
16111,28255,2016-02-07 22:15:00.000000 UTC,48970,25.9988,26.0252
39261,28255,2016-02-13 07:35:00.000000 UTC,46330,25.9988,29.7921
29093,39261,2016-02-01 18:30:00.000000 UTC,2290,25.9992,25.8732
28255,39261,2016-02-18 23:00:00.000000 UTC,32590,25.9993,25.8744
28255,39261,2016-02-21 22:30:00.000000 UTC,25810,26.0001,26.5008
16111,39261,2016-02-06 20:25:00.000000 UTC,38770,26.0005,26.0146
16111,39261,2016-02-08 13:50:00.000000 UTC,38470,26.0011,25.9915
29093,28255,2016-02-01 08:20:00.000000 UTC,14350,26.0017,25.7812
29093,28255,2016-02-03 02:50:00.000000 UTC,21310,26.0018,26.1371
39261,28255,2016-02-12 21:30:00.000000 UTC,58510,26.0019,29.7905
16111,28255,2016-02-06 22:46:40.000000 UTC,23470,26.002,27.2433
16111,39261,2016-02-11 01:25:00.000000 UTC,58750,26.0046,30.8253
29093,28255,2016-02-01 12:55:00.000000 UTC,58930,26.0051,31.1726
16111,28255,2016-02-06 19:20:00.000000 UTC,34930,26.0053,26.0495
16111,28255,2016-02-06 20:25:00.000000 UTC,44230,26.0053,29.8745
28255,39261,2016-02-18 17:25:00.000000 UTC,31990,26.0054,27.1948
16111,28255,2016-02-11 11:15:00.000000 UTC,49810,26.0057,25.9952
28255,39261,2016-02-21 01:31:40.000000 UTC,34750,26.006,25.9881
39261,29093,2016-02-12 12:15:00.000000 UTC,51790,26.0072,30.3377
29093,28255,2016-02-05 22:50:00.000000 UTC,44170,26.0081,28.4492
39261,16111,2016-02-12 15:45:00.000000 UTC,46750,26.0089,31.0358
16111,39261,2016-02-10 09:16:40.000000 UTC,28510,26.01,25.946
28255,39261,2016-02-18 04:55:00.000000 UTC,19570,26.011,26.5263
16111,28255,2016-02-06 20:25:00.000000 UTC,20290,26.0112,29.3218
39261,29093,2016-02-12 23:55:00.000000 UTC,11830,26.0113,27.1298
28255,39261,2016-02-18 20:05:00.000000 UTC,55690,26.0118,29.2331
28255,16111,2016-02-19 09:15:00.000000 UTC,42730,26.0127,28.6476
28255,16111,2016-02-22 14:50:00.000000 UTC,51490,26.0127,30.5352
28255,29093,2016-02-20 02:25:00.000000 UTC,23770,26.0131,29.9974
16111,28255,2016-02-06 23:20:00.000000 UTC,55390,26.0144,26.0052
16111,39261,2016-02-08 20:20:00.000000 UTC,58570,26.0144,26.0159
39261,28255,2016-02-15 14:01:40.000000 UTC,8830,26.0144,29.0046
28255,39261,2016-02-18 07:25:00.000000 UTC,19630,26.0163,26.7106
16111,28255,2016-02-06 19:01:40.000000 UTC,46030,26.0164,28.8929
28255,16111,2016-02-19 05:35:00.000000 UTC,1270,26.0165,26.2409
29093,16111,2016-02-01 21:40:00.000000 UTC,29290,26.0166,26.0288
16111,28255,2016-02-10 00:40:00.000000 UTC,53530,26.0181,26.027
16111,39261,2016-02-08 03:31:40.000000 UTC,1270,26.0188,26.3618
39261,16111,2016-02-12 17:25:00.000000 UTC,39370,26.0188,28.2286
29093,39261,2016-02-04 20:15:00.000000 UTC,37210,26.0189,27.3285
16111,29093,2016-02-09 10:40:00.000000 UTC,20410,26.02,26.8449
28255,29093,2016-02-19 09:15:00.000000 UTC,46030,26.0202,28.7434
39261,28255,2016-02-16 18:55:00.000000 UTC,59170,26.0212,26.0751
29093,16111,2016-02-05 10:20:00.000000 UTC,49690,26.0214,26.0191
16111,28255,2016-02-07 03:15:00.000000 UTC,4930,26.0218,27.0493
16111,28255,2016-02-09 14:31:40.000000 UTC,17470,26.0229,27.5606
39261,28255,2016-02-15 12:00:00.000000 UTC,55630,26.023,29.2964
39261,28255,2016-02-13 13:16:40.000000 UTC,36790,26.0233,26.1161
28255,39261,2016-02-23 00:46:40.000000 UTC,52210,26.0233,30.0513
39261,29093,2016-02-14 20:46:40.000000 UTC,42490,26.0242,26.0487
16111,28255,2016-02-06 20:01:40.000000 UTC,59170,26.0258,26.0917
29093,39261,2016-02-01 00:46:40.000000 UTC,56590,26.0265,26.1028
28255,29093,2016-02-23 22:00:00.000000 UTC,16090,26.0273,28.3125
28255,39261,2016-02-20 04:01:40.000000 UTC,29890,26.0277,26.0156
16111,28255,2016-02-07 01:50:00.000000 UTC,14650,26.0287,26.3277
16111,28255,2016-02-09 10:40:00.000000 UTC,40450,26.0289,28.0267
29093,28255,2016-02-01 19:31:40.000000 UTC,40990,26.0294,28.0595
39261,29093,2016-02-13 23:50:00.000000 UTC,41950,26.03,26.2616
39261,29093,2016-02-14 13:50:00.000000 UTC,47590,26.03,28.1966
29093,28255,2016-02-01 05:16:40.000000 UTC,56950,26.032,30.878
29093,39261,2016-02-03 15:16:40.000000 UTC,53830,26.0322,28.1739
29093,39261,2016-02-01 05:16:40.000000 UTC,41230,26.0327,26.0454
16111,29093,2016-02-11 13:46:40.000000 UTC,42250,26.034,26.7828
29093,28255,2016-02-01 00:35:00.000000 UTC,49990,26.0341,30.6883
16111,28255,2016-02-06 20:50:00.000000 UTC,55990,26.0343,29.6411
28255,16111,2016-02-18 15:00:00.000000 UTC,47590,26.0344,26.0586
28255,39261,2016-02-21 01:31:40.000000 UTC,10510,26.0349,26.3905
28255,16111,2016-02-18 07:25:00.000000 UTC,18550,26.0355,30.0218
29093,39261,2016-02-01 01:50:00.000000 UTC,10870,26.036,28.4892
29093,28255,2016-02-04 05:05:00.000000 UTC,56950,26.0363,26.0028
29093,39261,2016-02-02 20:20:00.000000 UTC,13090,26.0378,26.3961
29093,39261,2016-02-02 18:46:40.000000 UTC,43090,26.038,26.0617
39261,29093,2016-02-14 15:31:40.000000 UTC,49870,26.0396,28.0507
39261,28255,2016-02-15 14:01:40.000000 UTC,28510,26.0398,26.8988
28255,29093,2016-02-20 00:50:00.000000 UTC,57910,26.0405,30.5851
16111,39261,2016-02-10 16:01:40.000000 UTC,16210,26.0408,26.7273
39261,28255,2016-02-12 21:30:00.000000 UTC,43450,26.0412,26.2588
16111,39261,2016-02-10 23:01:40.000000 UTC,52150,26.0414,30.8258
16111,28255,2016-02-10 13:45:00.000000 UTC,47590,26.0415,30.0154
29093,39261,2016-02-01 03:46:40.000000 UTC,20650,26.0424,27.1454
39261,28255,2016-02-15 14:01:40.000000 UTC,31870,26.0433,29.0661
39261,16111,2016-02-16 21:20:00.000000 UTC,12790,26.0435,26.7919
39261,29093,2016-02-12 21:30:00.000000 UTC,53710,26.0445,26.0225
16111,29093,2016-02-07 18:35:00.000000 UTC,45790,26.0449,25.9022
16111,39261,2016-02-12 11:00:00.000000 UTC,30610,26.0452,26.2773
29093,39261,2016-02-01 09:45:00.000000 UTC,10090,26.0461,27.1965
29093,28255,2016-02-02 07:20:00.000000 UTC,31090,26.0467,25.9443
39261,16111,2016-02-17 02:15:00.000000 UTC,47830,26.0469,29.1448
39261,16111,2016-02-12 23:55:00.000000 UTC,52270,26.0476,26.2159
16111,39261,2016-02-10 18:20:00.000000 UTC,56650,26.0478,30.6436
39261,29093,2016-02-13 02:35:00.000000 UTC,48370,26.0486,30.3264
16111,39261,2016-02-09 01:30:00.000000 UTC,41770,26.0487,26.0238
39261,16111,2016-02-13 23:50:00.000000 UTC,2590,26.0491,26.4296
28255,16111,2016-02-21 03:30:00.000000 UTC,30130,26.0493,26.0909
29093,16111,2016-02-01 00:00:00.000000 UTC,20650,26.0494,27.0172
28255,16111,2016-02-21 18:05:00.000000 UTC,51670,26.0495,30.4393
16111,39261,2016-02-09 14:31:40.000000 UTC,53110,26.0506,26.0491
39261,28255,2016-02-12 11:01:40.000000 UTC,55990,26.0507,26.0392
16111,28255,2016-02-11 16:20:00.000000 UTC,26950,26.0522,26.0909
28255,39261,2016-02-18 11:31:40.000000 UTC,53650,26.0526,30.2004
29093,39261,2016-02-03 02:50:00.000000 UTC,41350,26.0531,27.8429
28255,29093,2016-02-18 13:31:40.000000 UTC,52210,26.0547,26.0897
29093,28255,2016-02-01 07:01:40.000000 UTC,23350,26.0548,28.5669
39261,28255,2016-02-12 15:45:00.000000 UTC,43150,26.0567,28.0167
28255,29093,2016-02-18 19:10:00.000000 UTC,52690,26.0573,30.6172
28255,39261,2016-02-19 18:46:40.000000 UTC,33430,26.0575,25.9095
29093,28255,2016-02-01 02:10:00.000000 UTC,36790,26.058,26.0198
29093,28255,2016-02-01 19:31:40.000000 UTC,28990,26.0584,27.3869
16111,28255,2016-02-08 02:10:00.000000 UTC,14650,26.0593,27.2543
29093,16111,2016-02-04 22:31:40.000000 UTC,49990,26.0607,26.162
29093,39261,2016-02-03 23:00:00.000000 UTC,13870,26.0614,26.4907
28255,39261,2016-02-18 04:35:00.000000 UTC,10450,26.0616,28.6956
28255,39261,2016-02-23 16:31:40.000000 UTC,58870,26.0629,30.1633
39261,28255,2016-02-12 20:45:00.000000 UTC,21910,26.0639,26.8498
29093,28255,2016-02-02 01:05:00.000000 UTC,39850,26.065,26.1053
16111,28255,2016-02-10 00:40:00.000000 UTC,25690,26.0652,26.8338
16111,39261,2016-02-08 17:01:40.000000 UTC,51550,26.0653,26.0388
39261,29093,2016-02-16 05:00:00.000000 UTC,38770,26.0655,26.1669
16111,28255,2016-02-08 23:45:00.000000 UTC,43990,26.0667,28.638
39261,28255,2016-02-12 11:25:00.000000 UTC,37870,26.0669,26.2314
29093,16111,2016-02-06 17:30:00.000000 UTC,55750,26.0684,26.0332
29093,16111,2016-02-02 15:45:00.000000 UTC,48250,26.069,29.9499
39261,29093,2016-02-15 04:10:00.000000 UTC,55150,26.0692,29.3473
16111,28255,2016-02-07 17:25:00.000000 UTC,21970,26.0696,27.1464
29093,39261,2016-02-03 19:05:00.000000 UTC,52630,26.0702,30.4772
16111,39261,2016-02-11 21:31:40.000000 UTC,52150,26.0706,30.2433
16111,39261,2016-02-11 13:46:40.000000 UTC,50290,26.0714,30.7543
28255,16111,2016-02-18 20:05:00.000000 UTC,9430,26.0717,28.2403
16111,39261,2016-02-09 10:40:00.000000 UTC,10750,26.0718,28.8755
16111,39261,2016-02-07 04:00:00.000000 UTC,40930,26.0751,26.1044
29093,28255,2016-02-02 04:45:00.000000 UTC,16510,26.0771,26.7817
16111,39261,2016-02-09 14:31:40.000000 UTC,59110,26.0773,26.0903
28255,39261,2016-02-18 10:20:00.000000 UTC,34090,26.0779,26.0467
28255,29093,2016-02-18 06:20:00.000000 UTC,36850,26.0783,25.9803
16111,39261,2016-02-07 07:16:40.000000 UTC,57490,26.0785,31.0503
29093,16111,2016-02-01 17:30:00.000000 UTC,57610,26.079,26.065
29093,28255,2016-02-01 00:00:00.000000 UTC,7090,26.0793,27.591
29093,39261,2016-02-01 09:45:00.000000 UTC,49750,26.0796,30.1115
16111,29093,2016-02-07 11:00:00.000000 UTC,54610,26.0798,31.6253
28255,39261,2016-02-18 04:30:00.000000 UTC,37810,26.0799,26.133
16111,29093,2016-02-08 03:31:40.000000 UTC,22930,26.08,27.4782
39261,28255,2016-02-16 11:50:00.000000 UTC,21370,26.0807,27.7917
16111,29093,2016-02-07 08:10:00.000000 UTC,47650,26.0816,28.907
16111,39261,2016-02-06 19:40:00.000000 UTC,16690,26.0819,27.3956
29093,39261,2016-02-03 19:05:00.000000 UTC,51010,26.0822,26.202
16111,39261,2016-02-11 08:45:00.000000 UTC,33250,26.0828,26.0471
29093,39261,2016-02-05 05:31:40.000000 UTC,55450,26.0838,30.6276
39261,28255,2016-02-14 15:31:40.000000 UTC,8410,26.084,27.7025
28255,29093,2016-02-21 01:31:40.000000 UTC,23650,26.0841,26.2381
29093,39261,2016-02-01 01:15:00.000000 UTC,50590,26.0845,26.1442
28255,39261,2016-02-18 07:50:00.000000 UTC,37990,26.0848,25.9985
39261,29093,2016-02-12 14:46:40.000000 UTC,50950,26.0849,29.9303
39261,16111,2016-02-15 16:05:00.000000 UTC,12790,26.0853,26.3463
29093,16111,2016-02-02 10:01:40.000000 UTC,36370,26.0862,26.7256
29093,16111,2016-02-01 23:55:00.000000 UTC,9070,26.0868,28.4916
39261,16111,2016-02-13 01:40:00.000000 UTC,17950,26.0868,26.6543
29093,28255,2016-02-01 00:35:00.000000 UTC,52570,26.0876,26.6277
28255,16111,2016-02-20 10:45:00.000000 UTC,54610,26.0881,26.1043
28255,29093,2016-02-18 06:01:40.000000 UTC,28570,26.089,29.2025
28255,39261,2016-02-20 10:45:00.000000 UTC,49630,26.089,30.124
28255,16111,2016-02-23 03:20:00.000000 UTC,17410,26.0895,26.7466
16111,28255,2016-02-12 11:00:00.000000 UTC,51010,26.0896,26.0526
16111,28255,2016-02-12 05:31:40.000000 UTC,37930,26.0897,26.0201
28255,29093,2016-02-18 13:31:40.000000 UTC,24610,26.0903,27.3886
16111,28255,2016-02-07 23:31:40.000000 UTC,50950,26.0909,30.5989
28255,16111,2016-02-22 05:20:00.000000 UTC,49270,26.0924,30.2089
39261,29093,2016-02-12 23:05:00.000000 UTC,31090,26.0926,26.2851
28255,39261,2016-02-18 21:01:40.000000 UTC,23650,26.0935,29.3602
16111,39261,2016-02-09 05:05:00.000000 UTC,2230,26.0948,26.1399
28255,16111,2016-02-19 01:05:00.000000 UTC,46810,26.0951,26.1069
29093,39261,2016-02-01 00:00:00.000000 UTC,43390,26.0955,28.6419
29093,39261,2016-02-01 23:55:00.000000 UTC,57910,26.0962,25.9915
28255,39261,2016-02-18 05:30:00.000000 UTC,31750,26.0966,26.2816
28255,29093,2016-02-18 07:25:00.000000 UTC,34930,26.0967,26.028
29093,28255,2016-02-01 03:46:40.000000 UTC,56350,26.097,30.3876
29093,16111,2016-02-01 07:40:00.000000 UTC,40510,26.097,27.7533
39261,29093,2016-02-12 14:20:00.000000 UTC,3130,26.0971,25.7781
39261,28255,2016-02-12 13:55:00.000000 UTC,47050,26.0982,29.8964
29093,16111,2016-02-04 22:31:40.000000 UTC,1510,26.0985,27.3716
39261,28255,2016-02-12 17:25:00.000000 UTC,49090,26.0986,28.0265
16111,28255,2016-02-12 08:15:00.000000 UTC,44470,26.0995,26.0855
16111,28255,2016-02-06 23:20:00.000000 UTC,37690,26.1005,26.0817
16111,29093,2016-02-06 18:05:00.000000 UTC,57610,26.1006,25.8741
29093,28255,2016-02-01 04:45:00.000000 UTC,31510,26.1015,26.1814
16111,28255,2016-02-11 16:20:00.000000 UTC,45010,26.1016,26.105
16111,28255,2016-02-07 23:31:40.000000 UTC,39010,26.102,30.1873
28255,16111,2016-02-18 07:50:00.000000 UTC,43570,26.1024,25.9715
16111,28255,2016-02-06 20:01:40.000000 UTC,48730,26.1027,26.1622
39261,16111,2016-02-12 23:05:00.000000 UTC,13090,26.1029,26.4166
39261,29093,2016-02-13 10:55:00.000000 UTC,57670,26.1036,30.6176
39261,16111,2016-02-15 00:25:00.000000 UTC,30010,26.1045,26.082
29093,28255,2016-02-01 08:20:00.000000 UTC,2230,26.1049,26.1558
28255,29093,2016-02-18 07:25:00.000000 UTC,36670,26.1058,26.1486
29093,28255,2016-02-02 06:01:40.000000 UTC,30850,26.1062,26.1381
39261,29093,2016-02-13 02:35:00.000000 UTC,48250,26.1066,30.1015
39261,28255,2016-02-12 17:25:00.000000 UTC,21970,26.1069,26.5408
29093,39261,2016-02-01 01:31:40.000000 UTC,34810,26.108,27.5859
28255,39261,2016-02-18 07:25:00.000000 UTC,59830,26.1099,30.8075
16111,39261,2016-02-07 03:15:00.000000 UTC,48430,26.1101,26.1022
16111,28255,2016-02-09 10:40:00.000000 UTC,16270,26.1102,26.3478
16111,28255,2016-02-06 19:40:00.000000 UTC,1330,26.1113,26.9315
29093,28255,2016-02-04 07:10:00.000000 UTC,29290,26.1122,26.0735
16111,39261,2016-02-07 15:10:00.000000 UTC,16690,26.1136,29.0637
28255,39261,2016-02-18 15:46:40.000000 UTC,10990,26.1145,28.8962
39261,28255,2016-02-14 02:45:00.000000 UTC,54250,26.1152,26.1691
16111,28255,2016-02-11 21:31:40.000000 UTC,49450,26.1155,30.4217
29093,39261,2016-02-01 01:31:40.000000 UTC,46930,26.1161,28.132
39261,29093,2016-02-14 13:50:00.000000 UTC,53890,26.1161,26.04
28255,39261,2016-02-18 15:00:00.000000 UTC,39850,26.1161,24.4913
39261,16111,2016-02-15 02:16:40.000000 UTC,29530,26.1165,26.1231
39261,28255,2016-02-13 00:46:40.000000 UTC,34750,26.1168,29.4821
39261,29093,2016-02-15 08:01:40.000000 UTC,55150,26.118,26.137
29093,39261,2016-02-01 01:31:40.000000 UTC,40390,26.1201,26.2624
16111,28255,2016-02-08 02:10:00.000000 UTC,4450,26.1207,26.6
39261,16111,2016-02-12 22:16:40.000000 UTC,55690,26.1221,30.6242
28255,16111,2016-02-21 07:31:40.000000 UTC,1270,26.1221,26.2161
16111,39261,2016-02-08 17:01:40.000000 UTC,57610,26.1255,26.1066
16111,28255,2016-02-09 10:40:00.000000 UTC,34450,26.1263,27.7041
29093,16111,2016-02-01 02:55:00.000000 UTC,46690,26.1268,26.1398
39261,16111,2016-02-12 12:15:00.000000 UTC,1330,26.1268,27.2312
28255,16111,2016-02-22 10:01:40.000000 UTC,46510,26.1269,29.4618
16111,39261,2016-02-07 17:25:00.000000 UTC,32530,26.1282,26.2793
39261,28255,2016-02-16 09:31:40.000000 UTC,56830,26.1285,29.3321
29093,16111,2016-02-03 23:00:00.000000 UTC,57430,26.1294,26.1331
39261,16111,2016-02-15 08:01:40.000000 UTC,9010,26.1294,27.5973
39261,28255,2016-02-14 12:10:00.000000 UTC,35230,26.13,28.0349
16111,28255,2016-02-06 19:20:00.000000 UTC,58990,26.1303,26.043
29093,16111,2016-02-06 17:30:00.000000 UTC,29530,26.1317,30.4813
16111,29093,2016-02-06 19:01:40.000000 UTC,24190,26.1317,25.8111
39261,28255,2016-02-13 22:25:00.000000 UTC,38410,26.1317,26.0999
29093,16111,2016-02-04 11:25:00.000000 UTC,370,26.1323,26.2413
28255,29093,2016-02-22 12:25:00.000000 UTC,57430,26.1326,30.7886
16111,28255,2016-02-10 11:30:00.000000 UTC,47530,26.1335,30.6296
39261,29093,2016-02-12 18:01:40.000000 UTC,26650,26.134,25.9831
29093,28255,2016-02-06 17:30:00.000000 UTC,33610,26.1341,26.2707
16111,39261,2016-02-11 03:50:00.000000 UTC,31810,26.1342,26.1474
29093,39261,2016-02-01 07:01:40.000000 UTC,45250,26.1359,28.5985
16111,28255,2016-02-07 01:10:00.000000 UTC,51250,26.1375,29.9117
39261,16111,2016-02-17 23:01:40.000000 UTC,57670,26.1378,31.0203
28255,39261,2016-02-18 07:25:00.000000 UTC,53230,26.1387,29.7961
29093,39261,2016-02-06 17:30:00.000000 UTC,33010,26.1395,26.1791
39261,16111,2016-02-16 11:50:00.000000 UTC,15130,26.14,25.9779
39261,29093,2016-02-12 14:46:40.000000 UTC,57070,26.1402,30.9747
16111,29093,2016-02-08 15:25:00.000000 UTC,29230,26.1405,26.1105
16111,28255,2016-02-10 23:01:40.000000 UTC,42550,26.1405,26.154
16111,39261,2016-02-08 03:31:40.000000 UTC,14290,26.1406,29.1403
39261,29093,2016-02-12 11:35:00.000000 UTC,17050,26.1416,26.6046
28255,29093,2016-02-20 02:25:00.000000 UTC,50530,26.1426,26.2921
29093,28255,2016-02-03 23:00:00.000000 UTC,22150,26.1427,28.0689
29093,39261,2016-02-01 12:05:00.000000 UTC,44470,26.1436,30.0308
16111,29093,2016-02-07 23:31:40.000000 UTC,11830,26.144,26.4087
28255,16111,2016-02-23 03:20:00.000000 UTC,56530,26.1444,27.6535
29093,16111,2016-02-01 01:31:40.000000 UTC,55210,26.1449,30.8124
39261,16111,2016-02-13 04:30:00.000000 UTC,36730,26.1474,28.849
39261,28255,2016-02-12 21:30:00.000000 UTC,3070,26.1481,26.1481
16111,29093,2016-02-07 19:46:40.000000 UTC,25510,26.1485,28.7387
16111,39261,2016-02-09 10:40:00.000000 UTC,40150,26.1485,26.2179
29093,39261,2016-02-05 10:20:00.000000 UTC,37570,26.1492,27.9491
28255,29093,2016-02-18 07:50:00.000000 UTC,46210,26.1496,26.1176
29093,16111,2016-02-01 15:35:00.000000 UTC,14530,26.1498,26.3897
28255,39261,2016-02-22 00:45:00.000000 UTC,47890,26.1498,26.1314
16111,28255,2016-02-08 03:31:40.000000 UTC,45250,26.1499,28.9684
39261,16111,2016-02-16 11:50:00.000000 UTC,10390,26.1503,29.5003
28255,29093,2016-02-19 18:46:40.000000 UTC,1270,26.1511,24.5023
28255,16111,2016-02-20 17:55:00.000000 UTC,50290,26.1515,30.4071
16111,29093,2016-02-07 03:15:00.000000 UTC,28270,26.1519,26.1805
28255,39261,2016-02-18 05:05:00.000000 UTC,49330,26.1528,28.3274
28255,16111,2016-02-19 23:16:40.000000 UTC,39730,26.153,28.1293
29093,39261,2016-02-02 08:40:00.000000 UTC,48250,26.1534,26.1526
39261,16111,2016-02-12 16:16:40.000000 UTC,37390,26.1539,26.1842
16111,28255,2016-02-11 03:50:00.000000 UTC,51250,26.1549,30.615
28255,39261,2016-02-18 06:40:00.000000 UTC,59230,26.155,29.9018
28255,29093,2016-02-20 09:01:40.000000 UTC,13630,26.1551,26.4019
16111,28255,2016-02-10 04:55:00.000000 UTC,38230,26.1554,25.9388
39261,29093,2016-02-14 01:16:40.000000 UTC,25030,26.1556,26.9341
28255,39261,2016-02-18 16:35:00.000000 UTC,59710,26.1581,30.0163
28255,16111,2016-02-18 16:35:00.000000 UTC,24370,26.1593,27.4007
39261,29093,2016-02-13 13:16:40.000000 UTC,57310,26.1595,30.8665
16111,28255,2016-02-08 03:31:40.000000 UTC,26770,26.1597,26.4959
28255,29093,2016-02-18 19:10:00.000000 UTC,17710,26.1603,26.8944
29093,39261,2016-02-01 02:55:00.000000 UTC,44830,26.1612,26.5103
29093,28255,2016-02-03 17:10:00.000000 UTC,48370,26.1613,26.1363
29093,28255,2016-02-02 10:01:40.000000 UTC,7750,26.1616,25.8434
39261,16111,2016-02-12 11:35:00.000000 UTC,23830,26.1617,26.5934
29093,16111,2016-02-02 04:45:00.000000 UTC,54610,26.1618,31.1434
28255,39261,2016-02-18 07:01:40.000000 UTC,46750,26.162,28.6915
29093,16111,2016-02-01 00:35:00.000000 UTC,55450,26.1637,31.3748
16111,39261,2016-02-06 23:55:00.000000 UTC,33610,26.1656,26.2033
29093,28255,2016-02-04 15:46:40.000000 UTC,59170,26.1659,26.1527
28255,16111,2016-02-22 17:16:40.000000 UTC,27310,26.1663,26.163
39261,28255,2016-02-15 18:10:00.000000 UTC,43810,26.1675,29.6409
28255,29093,2016-02-19 11:50:00.000000 UTC,2590,26.1711,26.5254
29093,16111,2016-02-02 02:16:40.000000 UTC,14230,26.1717,26.237
16111,39261,2016-02-11 16:20:00.000000 UTC,1270,26.172,26.8541
16111,29093,2016-02-07 17:25:00.000000 UTC,2110,26.1721,26.3543
29093,16111,2016-02-01 05:50:00.000000 UTC,52270,26.1724,26.1089
16111,29093,2016-02-11 03:50:00.000000 UTC,44110,26.1724,27.9443
29093,39261,2016-02-01 07:40:00.000000 UTC,49390,26.1725,30.2094
39261,29093,2016-02-17 02:15:00.000000 UTC,27970,26.1729,25.9919
29093,28255,2016-02-02 18:46:40.000000 UTC,46870,26.173,30.4926
28255,16111,2016-02-19 06:46:40.000000 UTC,57070,26.1731,27.641
16111,28255,2016-02-10 23:01:40.000000 UTC,19990,26.1733,29.5248
28255,39261,2016-02-18 15:00:00.000000 UTC,56530,26.1733,26.1807
39261,28255,2016-02-12 12:50:00.000000 UTC,19810,26.174,26.4531
39261,16111,2016-02-15 04:10:00.000000 UTC,1270,26.1744,27.3089
16111,39261,2016-02-06 21:16:40.000000 UTC,57310,26.1761,25.9143
29093,39261,2016-02-04 01:00:00.000000 UTC,44770,26.1768,26.1686
16111,29093,2016-02-08 20:20:00.000000 UTC,36670,26.1769,26.2186
29093,39261,2016-02-03 01:10:00.000000 UTC,32530,26.1789,26.1712
29093,39261,2016-02-05 15:15:00.000000 UTC,44230,26.1789,26.1452
16111,28255,2016-02-07 15:10:00.000000 UTC,39070,26.1791,28.2527
39261,16111,2016-02-16 05:00:00.000000 UTC,51970,26.1792,30.8856
28255,39261,2016-02-18 12:50:00.000000 UTC,44050,26.1792,26.8558
39261,16111,2016-02-16 23:46:40.000000 UTC,53950,26.1793,29.6436
29093,28255,2016-02-05 03:10:00.000000 UTC,13330,26.1803,27.2743
39261,16111,2016-02-13 14:30:00.000000 UTC,50170,26.1803,26.9898
16111,29093,2016-02-07 23:31:40.000000 UTC,58390,26.1804,25.9845
39261,29093,2016-02-13 21:01:40.000000 UTC,42610,26.1804,26.3056
39261,29093,2016-02-16 16:31:40.000000 UTC,58690,26.1807,26.1742
29093,39261,2016-02-05 10:20:00.000000 UTC,25690,26.1832,28.2829
16111,39261,2016-02-06 18:05:00.000000 UTC,37810,26.1835,27.0722
28255,16111,2016-02-22 12:25:00.000000 UTC,9430,26.1835,27.3781
29093,39261,2016-02-02 02:16:40.000000 UTC,48490,26.1837,30.7016
39261,28255,2016-02-12 19:20:00.000000 UTC,43570,26.1841,26.2087
29093,28255,2016-02-05 07:55:00.000000 UTC,56590,26.1842,26.206
16111,29093,2016-02-09 22:35:00.000000 UTC,9850,26.1852,28.8578
16111,28255,2016-02-06 17:30:00.000000 UTC,45610,26.1855,29.0229
28255,39261,2016-02-18 04:30:00.000000 UTC,19570,26.1855,26.411
29093,16111,2016-02-06 06:40:00.000000 UTC,28390,26.1856,26.2742
29093,39261,2016-02-01 02:31:40.000000 UTC,55150,26.1859,30.7407
39261,16111,2016-02-13 08:40:00.000000 UTC,45910,26.1866,26.1692
29093,39261,2016-02-03 09:46:40.000000 UTC,40810,26.1869,26.1827
29093,28255,2016-02-01 00:05:00.000000 UTC,28510,26.1872,26.1
28255,29093,2016-02-18 07:25:00.000000 UTC,17770,26.1873,26.8843
29093,39261,2016-02-02 11:25:00.000000 UTC,31030,26.1874,26.1619
28255,39261,2016-02-18 04:55:00.000000 UTC,53110,26.1877,29.7511
28255,39261,2016-02-23 03:20:00.000000 UTC,32950,26.1877,26.2108
16111,29093,2016-02-12 02:50:00.000000 UTC,8830,26.1879,26.2216
28255,16111,2016-02-22 10:01:40.000000 UTC,21070,26.188,27.6836
28255,16111,2016-02-18 15:00:00.000000 UTC,35710,26.1884,28.2176
29093,39261,2016-02-04 09:16:40.000000 UTC,49390,26.1894,28.6449
16111,29093,2016-02-12 11:00:00.000000 UTC,47590,26.1894,29.7897
16111,39261,2016-02-11 13:46:40.000000 UTC,46810,26.1907,26.2258
28255,39261,2016-02-19 20:15:00.000000 UTC,39490,26.191,26.2571
16111,29093,2016-02-11 13:46:40.000000 UTC,51130,26.1931,31.0834
16111,29093,2016-02-07 11:00:00.000000 UTC,30190,26.1951,26.0469
28255,39261,2016-02-20 12:30:00.000000 UTC,54190,26.1952,26.222
29093,16111,2016-02-02 20:20:00.000000 UTC,2050,26.1955,24.7491
29093,16111,2016-02-01 05:16:40.000000 UTC,12790,26.1959,26.6826
28255,16111,2016-02-19 17:20:00.000000 UTC,50110,26.1963,30.2138
28255,39261,2016-02-23 19:15:00.000000 UTC,16090,26.1964,28.1658
29093,39261,2016-02-01 09:01:40.000000 UTC,16150,26.1965,26.2249
39261,28255,2016-02-12 11:16:40.000000 UTC,39910,26.197,26.2177
28255,29093,2016-02-21 11:40:00.000000 UTC,55990,26.1971,29.1861
28255,39261,2016-02-23 05:55:00.000000 UTC,52090,26.1986,29.4162
16111,29093,2016-02-07 19:46:40.000000 UTC,2230,26.1988,26.7546
29093,39261,2016-02-01 14:40:00.000000 UTC,43630,26.199,26.1358
16111,39261,2016-02-07 12:00:00.000000 UTC,24610,26.1997,27.4854
28255,16111,2016-02-18 08:45:00.000000 UTC,17770,26.1998,28.4913
16111,29093,2016-02-09 01:30:00.000000 UTC,57910,26.2001,26.0178
39261,29093,2016-02-13 06:31:40.000000 UTC,10330,26.2004,26.8992
29093,16111,2016-02-04 18:00:00.000000 UTC,43510,26.2005,29.3894
29093,39261,2016-02-01 13:46:40.000000 UTC,1210,26.2018,25.6493
16111,39261,2016-02-09 05:05:00.000000 UTC,9430,26.2022,29.3724
28255,29093,2016-02-19 00:01:40.000000 UTC,57130,26.203,30.392
28255,39261,2016-02-21 01:31:40.000000 UTC,42790,26.2033,26.2643
16111,28255,2016-02-07 15:10:00.000000 UTC,59770,26.2034,28.1194
39261,29093,2016-02-14 22:35:00.000000 UTC,42070,26.2035,26.0863
39261,28255,2016-02-13 06:31:40.000000 UTC,46750,26.204,30.4409
28255,39261,2016-02-20 12:30:00.000000 UTC,33730,26.2051,27.5377
29093,28255,2016-02-04 22:31:40.000000 UTC,9610,26.2053,29.4554
28255,29093,2016-02-21 15:55:00.000000 UTC,12730,26.2054,27.9765
16111,39261,2016-02-12 00:10:00.000000 UTC,55870,26.2057,26.2769
16111,28255,2016-02-07 09:05:00.000000 UTC,44230,26.2072,26.1938
16111,28255,2016-02-08 18:40:00.000000 UTC,34270,26.2085,26.1367
39261,16111,2016-02-14 15:31:40.000000 UTC,21370,26.2087,26.6856
39261,28255,2016-02-17 23:01:40.000000 UTC,22870,26.2088,27.4162
39261,29093,2016-02-12 13:55:00.000000 UTC,8410,26.2091,27.7842
29093,16111,2016-02-02 18:46:40.000000 UTC,11890,26.2096,26.3639
29093,39261,2016-02-06 01:25:00.000000 UTC,52810,26.2096,26.2008
29093,39261,2016-02-01 00:35:00.000000 UTC,58030,26.2099,26.2232
39261,28255,2016-02-13 03:31:40.000000 UTC,52930,26.2111,30.4757
39261,29093,2016-02-12 18:01:40.000000 UTC,32290,26.2121,26.3024
28255,16111,2016-02-20 02:25:00.000000 UTC,50830,26.2128,26.2183
28255,16111,2016-02-18 15:00:00.000000 UTC,50350,26.2131,30.1022
16111,39261,2016-02-10 23:01:40.000000 UTC,18190,26.2145,26.7384
39261,28255,2016-02-12 17:25:00.000000 UTC,28030,26.216,26.9279
39261,29093,2016-02-16 11:50:00.000000 UTC,56830,26.2161,29.9273
16111,28255,2016-02-10 00:40:00.000000 UTC,13630,26.2164,26.5662
16111,28255,2016-02-06 18:45:00.000000 UTC,32410,26.217,30.0528
28255,29093,2016-02-18 20:05:00.000000 UTC,9790,26.2179,26.3349
39261,28255,2016-02-12 20:45:00.000000 UTC,37030,26.2182,27.704
39261,28255,2016-02-12 20:01:40.000000 UTC,57430,26.2195,26.7096
16111,28255,2016-02-08 17:01:40.000000 UTC,29950,26.2213,26.5895
16111,29093,2016-02-07 14:05:00.000000 UTC,51310,26.2215,26.1161
39261,16111,2016-02-13 22:25:00.000000 UTC,44710,26.2217,30.4579
39261,28255,2016-02-12 13:10:00.000000 UTC,58690,26.2219,29.4354
29093,39261,2016-02-02 15:45:00.000000 UTC,57430,26.225,30.2815
28255,39261,2016-02-18 05:45:00.000000 UTC,37870,26.2255,26.1635
39261,28255,2016-02-12 13:10:00.000000 UTC,52690,26.226,29.2255
39261,29093,2016-02-12 11:00:00.000000 UTC,49090,26.2274,26.1998
16111,28255,2016-02-07 07:16:40.000000 UTC,52810,26.2291,30.1677
39261,29093,2016-02-14 02:45:00.000000 UTC,42730,26.2291,30.3011
29093,28255,2016-02-02 23:31:40.000000 UTC,20470,26.2294,26.7762
39261,28255,2016-02-13 06:31:40.000000 UTC,19090,26.2294,26.2414
16111,29093,2016-02-10 13:45:00.000000 UTC,55870,26.2296,30.5587
39261,16111,2016-02-16 02:46:40.000000 UTC,59650,26.2304,29.2645
39261,16111,2016-02-14 13:50:00.000000 UTC,36550,26.2314,26.2518
39261,28255,2016-02-12 23:55:00.000000 UTC,3010,26.2332,26.2307
28255,16111,2016-02-22 12:25:00.000000 UTC,51910,26.2338,30.3383
29093,28255,2016-02-06 04:01:40.000000 UTC,36790,26.2342,26.2528
29093,16111,2016-02-01 00:35:00.000000 UTC,49750,26.2345,31.0442
39261,16111,2016-02-12 21:30:00.000000 UTC,18970,26.2353,26.975
29093,16111,2016-02-01 00:35:00.000000 UTC,12910,26.2358,26.6874
28255,16111,2016-02-23 22:00:00.000000 UTC,58330,26.2378,26.2077
16111,28255,2016-02-10 09:16:40.000000 UTC,37510,26.238,26.222
16111,29093,2016-02-07 04:46:40.000000 UTC,57970,26.239,26.2324
29093,28255,2016-02-02 18:46:40.000000 UTC,52930,26.2392,30.8016
28255,39261,2016-02-23 19:15:00.000000 UTC,54970,26.2404,28.6918
39261,29093,2016-02-13 18:20:00.000000 UTC,18550,26.2405,27.6361
28255,29093,2016-02-18 19:10:00.000000 UTC,23290,26.2405,26.5976
39261,16111,2016-02-16 14:10:00.000000 UTC,57550,26.241,26.2825
29093,28255,2016-02-01 00:00:00.000000 UTC,39790,26.2412,28.5441
16111,28255,2016-02-09 20:31:40.000000 UTC,16450,26.2419,26.2878
28255,29093,2016-02-18 18:16:40.000000 UTC,32290,26.2421,27.855
39261,28255,2016-02-17 23:01:40.000000 UTC,31990,26.2433,27.2126
29093,28255,2016-02-01 22:46:40.000000 UTC,56170,26.2445,29.7692
16111,28255,2016-02-07 01:50:00.000000 UTC,33730,26.2446,29.8212
28255,16111,2016-02-18 11:31:40.000000 UTC,51310,26.2452,30.4678
16111,28255,2016-02-08 23:45:00.000000 UTC,37990,26.2455,28.351
39261,16111,2016-02-14 12:10:00.000000 UTC,44410,26.2462,26.5807
29093,28255,2016-02-02 08:40:00.000000 UTC,19630,26.2465,26.4027
16111,28255,2016-02-07 07:16:40.000000 UTC,40750,26.2476,29.5694
16111,28255,2016-02-12 05:31:40.000000 UTC,48130,26.2485,26.2534
28255,39261,2016-02-22 00:45:00.000000 UTC,49750,26.2501,26.264
29093,28255,2016-02-03 08:00:00.000000 UTC,52390,26.2503,26.2606
16111,28255,2016-02-07 09:05:00.000000 UTC,57790,26.2511,26.2835
28255,39261,2016-02-22 19:45:00.000000 UTC,32590,26.2514,26.1245
16111,28255,2016-02-09 22:35:00.000000 UTC,28870,26.2523,26.4225
16111,28255,2016-02-12 00:10:00.000000 UTC,52870,26.2544,26.242
29093,16111,2016-02-04 22:31:40.000000 UTC,13330,26.2548,29.4776
16111,28255,2016-02-09 10:40:00.000000 UTC,45850,26.2556,26.3289
28255,39261,2016-02-19 00:01:40.000000 UTC,17470,26.2558,28.9046
29093,16111,2016-02-01 00:10:00.000000 UTC,31570,26.2561,26.2456
16111,39261,2016-02-06 17:35:00.000000 UTC,45790,26.2565,26.3005
16111,28255,2016-02-06 18:45:00.000000 UTC,52810,26.2566,26.2632
28255,39261,2016-02-21 22:30:00.000000 UTC,31930,26.2568,26.9643
28255,29093,2016-02-20 12:30:00.000000 UTC,49270,26.2574,28.8251
16111,28255,2016-02-07 19:46:40.000000 UTC,7690,26.2575,28.6879
16111,39261,2016-02-06 18:05:00.000000 UTC,19690,26.2578,26.9125
39261,29093,2016-02-12 11:25:00.000000 UTC,51850,26.2612,30.1563
39261,29093,2016-02-16 11:50:00.000000 UTC,16510,26.2612,26.321
28255,16111,2016-02-18 15:46:40.000000 UTC,49930,26.2613,29.5281
29093,28255,2016-02-03 19:05:00.000000 UTC,8830,26.2618,26.3907
29093,28255,2016-02-02 17:15:00.000000 UTC,13030,26.2621,27.3656
16111,28255,2016-02-07 21:00:00.000000 UTC,35050,26.2634,26.2638
16111,28255,2016-02-06 22:46:40.000000 UTC,8770,26.2637,29.2436
39261,29093,2016-02-16 00:35:00.000000 UTC,34090,26.2642,26.2879
39261,28255,2016-02-15 04:10:00.000000 UTC,19630,26.2643,27.1629
28255,29093,2016-02-18 19:10:00.000000 UTC,43210,26.2644,28.515
28255,16111,2016-02-19 04:25:00.000000 UTC,27910,26.2646,24.7016
29093,16111,2016-02-04 03:01:40.000000 UTC,40750,26.2649,26.254
29093,28255,2016-02-01 21:40:00.000000 UTC,30430,26.2659,29.8421
29093,28255,2016-02-04 15:46:40.000000 UTC,50590,26.2662,30.8313
28255,16111,2016-02-18 04:35:00.000000 UTC,1150,26.2663,26.0642
16111,39261,2016-02-09 06:55:00.000000 UTC,45070,26.2664,26.3358
28255,29093,2016-02-18 10:55:00.000000 UTC,41590,26.2673,26.308
28255,39261,2016-02-23 03:20:00.000000 UTC,15850,26.2678,29.13
28255,29093,2016-02-18 16:35:00.000000 UTC,49630,26.268,27.9735
29093,28255,2016-02-04 15:46:40.000000 UTC,41110,26.2691,26.2573
39261,16111,2016-02-14 01:16:40.000000 UTC,8830,26.2691,28.7803
16111,39261,2016-02-09 06:55:00.000000 UTC,57010,26.2695,26.2391
16111,28255,2016-02-09 01:30:00.000000 UTC,40690,26.2705,29.6858
28255,29093,2016-02-18 15:00:00.000000 UTC,41290,26.2708,28.0289
39261,28255,2016-02-12 12:15:00.000000 UTC,46810,26.2714,29.3051
16111,39261,2016-02-07 18:35:00.000000 UTC,51130,26.2715,26.2181
28255,39261,2016-02-18 07:01:40.000000 UTC,22630,26.2715,28.4219
39261,28255,2016-02-15 02:16:40.000000 UTC,43270,26.2718,26.6177
28255,16111,2016-02-22 07:40:00.000000 UTC,51610,26.272,26.2738
29093,28255,2016-02-02 03:30:00.000000 UTC,12790,26.2722,27.3898
29093,28255,2016-02-02 15:45:00.000000 UTC,42910,26.2731,26.4106
16111,28255,2016-02-09 16:30:00.000000 UTC,45490,26.2732,26.3318
28255,16111,2016-02-19 13:10:00.000000 UTC,23110,26.2734,29.8615
28255,29093,2016-02-18 05:16:40.000000 UTC,58030,26.2736,26.2385
28255,39261,2016-02-18 15:00:00.000000 UTC,34630,26.2751,27.2637
28255,29093,2016-02-18 05:05:00.000000 UTC,9730,26.2754,28.8169
39261,28255,2016-02-12 12:15:00.000000 UTC,47110,26.2763,29.8806
16111,29093,2016-02-07 19:46:40.000000 UTC,40030,26.2764,26.2821
28255,29093,2016-02-22 12:25:00.000000 UTC,48670,26.2768,26.1871
29093,28255,2016-02-04 03:01:40.000000 UTC,19930,26.2776,28.023
28255,39261,2016-02-19 03:16:40.000000 UTC,20470,26.2777,26.7659
28255,39261,2016-02-18 09:15:00.000000 UTC,44050,26.2792,26.3532
28255,16111,2016-02-20 23:35:00.000000 UTC,2710,26.2794,26.8128
16111,39261,2016-02-08 12:16:40.000000 UTC,45790,26.2798,26.2648
39261,28255,2016-02-16 05:00:00.000000 UTC,21970,26.28,26.6882
16111,28255,2016-02-06 17:35:00.000000 UTC,42310,26.2801,26.29
39261,16111,2016-02-12 14:46:40.000000 UTC,51910,26.2805,30.1462
39261,16111,2016-02-12 15:45:00.000000 UTC,34150,26.2805,27.8405
29093,28255,2016-02-01 21:40:00.000000 UTC,36430,26.2817,29.8492
39261,28255,2016-02-12 21:30:00.000000 UTC,25270,26.2819,26.9244
16111,28255,2016-02-10 16:01:40.000000 UTC,24550,26.2821,30.1232
29093,28255,2016-02-01 05:16:40.000000 UTC,53650,26.2823,26.3196
16111,39261,2016-02-09 05:05:00.000000 UTC,57970,26.2831,30.3596
16111,28255,2016-02-08 07:46:40.000000 UTC,19630,26.2836,26.3847
29093,16111,2016-02-02 17:15:00.000000 UTC,54250,26.2845,31.0623
28255,39261,2016-02-18 14:15:00.000000 UTC,44290,26.2853,26.261
29093,28255,2016-02-01 00:35:00.000000 UTC,10450,26.2859,27.4233
29093,28255,2016-02-05 22:50:00.000000 UTC,29590,26.286,26.4765
39261,28255,2016-02-12 11:35:00.000000 UTC,49210,26.2862,28.3551
28255,16111,2016-02-20 00:50:00.000000 UTC,36070,26.2871,26.2883
39261,16111,2016-02-12 15:15:00.000000 UTC,6070,26.2884,26.5573
39261,28255,2016-02-13 04:30:00.000000 UTC,49030,26.2898,26.7051
28255,29093,2016-02-22 19:45:00.000000 UTC,37630,26.29,26.2631
39261,28255,2016-02-12 11:25:00.000000 UTC,23110,26.2901,29.1206
39261,16111,2016-02-15 00:25:00.000000 UTC,53950,26.2901,31.0028
39261,28255,2016-02-12 13:10:00.000000 UTC,47110,26.2902,29.8192
16111,29093,2016-02-06 17:46:40.000000 UTC,33670,26.2905,26.3222
28255,16111,2016-02-19 13:10:00.000000 UTC,51250,26.2906,30.6243
39261,28255,2016-02-13 23:50:00.000000 UTC,32530,26.292,26.4135
39261,29093,2016-02-12 20:45:00.000000 UTC,43390,26.2924,28.3883
28255,39261,2016-02-19 09:15:00.000000 UTC,39010,26.2926,26.3775
39261,29093,2016-02-13 04:30:00.000000 UTC,54970,26.2927,29.8493
16111,29093,2016-02-07 18:35:00.000000 UTC,30430,26.2941,26.2388
29093,16111,2016-02-04 07:10:00.000000 UTC,35110,26.2948,26.2929
29093,16111,2016-02-02 21:55:00.000000 UTC,45550,26.295,26.3748
16111,28255,2016-02-06 17:31:40.000000 UTC,58510,26.295,26.2587
28255,39261,2016-02-19 23:16:40.000000 UTC,39130,26.295,27.8645
16111,39261,2016-02-08 20:20:00.000000 UTC,46330,26.2952,26.3199
28255,39261,2016-02-23 05:55:00.000000 UTC,33070,26.2964,26.3181
29093,28255,2016-02-03 21:01:40.000000 UTC,49150,26.2974,26.2831
29093,16111,2016-02-01 05:16:40.000000 UTC,55270,26.2975,31.2687
16111,39261,2016-02-10 11:30:00.000000 UTC,23290,26.298,26.4648
29093,39261,2016-02-04 11:25:00.000000 UTC,37210,26.2992,26.3394
16111,39261,2016-02-09 10:40:00.000000 UTC,22390,26.2995,26.9237
29093,28255,2016-02-04 22:31:40.000000 UTC,48550,26.3005,26.3516
28255,16111,2016-02-18 18:16:40.000000 UTC,20950,26.3021,27.5862
28255,29093,2016-02-18 07:01:40.000000 UTC,1630,26.3023,22.8481
28255,16111,2016-02-18 15:46:40.000000 UTC,30070,26.3023,27.6748
29093,39261,2016-02-01 02:55:00.000000 UTC,38770,26.3028,26.4004
16111,28255,2016-02-09 14:31:40.000000 UTC,56410,26.303,28.3614
29093,16111,2016-02-04 11:25:00.000000 UTC,44590,26.3033,26.3381
29093,28255,2016-02-02 21:55:00.000000 UTC,14230,26.3045,26.5665
39261,16111,2016-02-15 16:05:00.000000 UTC,29590,26.3051,26.3053
16111,28255,2016-02-10 16:01:40.000000 UTC,33070,26.3053,26.3719
28255,29093,2016-02-20 23:35:00.000000 UTC,16330,26.3074,26.5067
29093,39261,2016-02-04 20:15:00.000000 UTC,55750,26.3076,26.3268
28255,16111,2016-02-18 07:01:40.000000 UTC,6490,26.3083,26.7435
16111,28255,2016-02-10 16:01:40.000000 UTC,48250,26.3084,30.1645
16111,28255,2016-02-08 03:31:40.000000 UTC,6310,26.3085,28.2102
29093,39261,2016-02-01 01:15:00.000000 UTC,40330,26.3089,26.2936
28255,29093,2016-02-22 12:25:00.000000 UTC,57310,26.3099,30.6037
16111,29093,2016-02-11 03:50:00.000000 UTC,44290,26.3103,28.5292
28255,16111,2016-02-18 06:40:00.000000 UTC,15850,26.3108,25.2957
16111,28255,2016-02-06 18:05:00.000000 UTC,10870,26.312,25.2225
29093,39261,2016-02-04 03:01:40.000000 UTC,29530,26.3121,27.5798
39261,28255,2016-02-12 13:10:00.000000 UTC,39910,26.3124,26.4632
28255,29093,2016-02-23 05:55:00.000000 UTC,13210,26.3129,26.4703
39261,16111,2016-02-16 14:10:00.000000 UTC,51910,26.3136,26.3232
39261,29093,2016-02-12 17:25:00.000000 UTC,3370,26.3143,25.8346
39261,16111,2016-02-14 02:45:00.000000 UTC,41230,26.3152,26.3227
39261,16111,2016-02-14 12:10:00.000000 UTC,54190,26.3159,25.073
39261,16111,2016-02-16 23:46:40.000000 UTC,53170,26.3166,30.9721
39261,28255,2016-02-14 20:46:40.000000 UTC,31690,26.3175,26.4524
39261,28255,2016-02-15 08:01:40.000000 UTC,50410,26.3175,30.1835
39261,28255,2016-02-13 02:35:00.000000 UTC,27670,26.3194,26.8929
28255,29093,2016-02-18 17:25:00.000000 UTC,52690,26.3194,30.0411
16111,39261,2016-02-07 11:00:00.000000 UTC,38710,26.3195,26.2922
16111,39261,2016-02-07 23:31:40.000000 UTC,40330,26.3195,26.4174
28255,39261,2016-02-19 13:10:00.000000 UTC,39190,26.3211,26.2956
16111,28255,2016-02-11 01:25:00.000000 UTC,19570,26.3213,26.4702
28255,29093,2016-02-18 06:40:00.000000 UTC,40690,26.3219,26.4248
16111,29093,2016-02-07 04:46:40.000000 UTC,30070,26.3225,26.216
29093,16111,2016-02-04 09:16:40.000000 UTC,18850,26.3227,28.1743
16111,29093,2016-02-11 18:55:00.000000 UTC,42550,26.3232,26.205
29093,16111,2016-02-01 19:31:40.000000 UTC,14470,26.3235,26.7025
39261,29093,2016-02-16 11:50:00.000000 UTC,51190,26.3244,29.7825
29093,39261,2016-02-05 22:50:00.000000 UTC,31750,26.3245,27.8174
29093,39261,2016-02-01 08:20:00.000000 UTC,30070,26.3252,25.9873
28255,16111,2016-02-19 09:15:00.000000 UTC,17350,26.3253,26.6171
29093,39261,2016-02-01 15:35:00.000000 UTC,57190,26.3259,29.9334
16111,28255,2016-02-06 17:40:00.000000 UTC,42310,26.327,26.2175
39261,28255,2016-02-13 06:31:40.000000 UTC,25150,26.3285,25.769
16111,39261,2016-02-08 23:45:00.000000 UTC,13990,26.3287,29.1177
28255,16111,2016-02-21 11:40:00.000000 UTC,51850,26.3288,30.314
29093,39261,2016-02-05 10:20:00.000000 UTC,19270,26.3297,27.0811
28255,39261,2016-02-22 05:20:00.000000 UTC,54130,26.3297,26.3267
29093,39261,2016-02-01 01:31:40.000000 UTC,25750,26.3308,28.1772
16111,28255,2016-02-07 05:35:00.000000 UTC,13390,26.333,26.4232
39261,29093,2016-02-13 13:16:40.000000 UTC,16510,26.3338,26.4779
39261,28255,2016-02-12 17:25:00.000000 UTC,43090,26.334,27.9852
29093,28255,2016-02-02 07:20:00.000000 UTC,190,26.3349,26.5845
29093,16111,2016-02-03 08:00:00.000000 UTC,34030,26.3356,26.151
16111,28255,2016-02-08 04:55:00.000000 UTC,54970,26.3356,26.3611
39261,29093,2016-02-13 14:30:00.000000 UTC,58390,26.3362,29.5224
39261,29093,2016-02-14 15:31:40.000000 UTC,52750,26.3363,28.5116
28255,39261,2016-02-19 23:16:40.000000 UTC,43930,26.3365,30.0886
16111,28255,2016-02-10 02:46:40.000000 UTC,45250,26.3372,30.4097
16111,29093,2016-02-06 21:16:40.000000 UTC,47410,26.3375,29.0198
39261,28255,2016-02-14 01:16:40.000000 UTC,48250,26.3375,26.4023
39261,29093,2016-02-12 11:35:00.000000 UTC,22750,26.3379,26.9026
28255,39261,2016-02-18 17:25:00.000000 UTC,44410,26.3379,26.341
39261,29093,2016-02-13 07:35:00.000000 UTC,46870,26.3383,29.6834
28255,39261,2016-02-19 23:16:40.000000 UTC,54250,26.3384,28.2087
29093,28255,2016-02-06 12:01:40.000000 UTC,44470,26.3387,26.4267
39261,29093,2016-02-14 04:15:00.000000 UTC,42490,26.3387,30.4256
28255,29093,2016-02-20 19:46:40.000000 UTC,34090,26.3387,26.3641
39261,16111,2016-02-14 15:31:40.000000 UTC,21310,26.3392,26.4272
28255,16111,2016-02-22 14:50:00.000000 UTC,54070,26.3393,26.344
39261,29093,2016-02-16 09:31:40.000000 UTC,50770,26.3401,26.9802
29093,39261,2016-02-05 00:50:00.000000 UTC,14170,26.3402,27.4168
39261,28255,2016-02-14 01:16:40.000000 UTC,15010,26.3412,27.9181
39261,28255,2016-02-13 02:35:00.000000 UTC,45250,26.3415,26.4547
39261,28255,2016-02-17 23:01:40.000000 UTC,37990,26.3417,27.2422
28255,39261,2016-02-23 00:46:40.000000 UTC,15010,26.3419,27.2747
16111,28255,2016-02-09 03:16:40.000000 UTC,49990,26.3427,26.2402
28255,39261,2016-02-18 16:35:00.000000 UTC,25870,26.3437,27.3666
29093,39261,2016-02-01 05:16:40.000000 UTC,15070,26.3438,26.8824
39261,28255,2016-02-17 02:15:00.000000 UTC,38290,26.345,28.7895
29093,39261,2016-02-02 03:30:00.000000 UTC,17350,26.3458,27.5472
16111,28255,2016-02-07 01:50:00.000000 UTC,51490,26.3467,30.174
28255,16111,2016-02-21 22:30:00.000000 UTC,20470,26.347,26.7493
28255,16111,2016-02-18 07:25:00.000000 UTC,57730,26.3471,30.46
16111,28255,2016-02-08 03:31:40.000000 UTC,57190,26.3483,29.2875
39261,28255,2016-02-12 12:15:00.000000 UTC,59230,26.3484,30.4906
29093,28255,2016-02-04 22:31:40.000000 UTC,51430,26.3502,29.8948
29093,39261,2016-02-02 15:45:00.000000 UTC,21130,26.3511,29.427
28255,39261,2016-02-18 05:05:00.000000 UTC,33970,26.3511,26.4537
39261,28255,2016-02-16 18:55:00.000000 UTC,39490,26.3534,26.2351
29093,28255,2016-02-01 20:35:00.000000 UTC,46630,26.3542,26.3423
29093,16111,2016-02-01 00:16:40.000000 UTC,31570,26.3543,26.299
16111,39261,2016-02-09 05:05:00.000000 UTC,58090,26.3547,30.5759
39261,28255,2016-02-17 17:40:00.000000 UTC,14230,26.3547,27.4887
29093,39261,2016-02-02 11:25:00.000000 UTC,7150,26.3553,27.0238
16111,39261,2016-02-10 09:16:40.000000 UTC,25630,26.3563,29.0161
29093,16111,2016-02-01 04:45:00.000000 UTC,56830,26.3573,29.7812
16111,29093,2016-02-07 04:46:40.000000 UTC,14110,26.3585,29.3777
39261,28255,2016-02-14 02:45:00.000000 UTC,45550,26.3585,29.9397
29093,39261,2016-02-05 20:16:40.000000 UTC,49810,26.3594,26.3515
16111,28255,2016-02-08 17:01:40.000000 UTC,16030,26.36,25.5963
39261,16111,2016-02-12 11:46:40.000000 UTC,34810,26.3605,26.3588
39261,29093,2016-02-15 18:10:00.000000 UTC,18550,26.3605,26.802
29093,28255,2016-02-01 21:40:00.000000 UTC,45070,26.3609,26.3658
29093,16111,2016-02-03 09:46:40.000000 UTC,22390,26.3613,27.6182
29093,39261,2016-02-01 01:00:00.000000 UTC,58210,26.3614,26.38
39261,28255,2016-02-12 13:55:00.000000 UTC,58930,26.3615,30.11
39261,16111,2016-02-13 05:30:00.000000 UTC,8410,26.3615,28.5681
28255,29093,2016-02-22 05:20:00.000000 UTC,53950,26.3636,31.0496
16111,39261,2016-02-07 04:46:40.000000 UTC,41050,26.3656,26.3974
16111,29093,2016-02-09 16:30:00.000000 UTC,46870,26.3666,26.353
39261,29093,2016-02-13 19:40:00.000000 UTC,49330,26.367,29.0183
29093,28255,2016-02-01 00:00:00.000000 UTC,57670,26.3674,28.9781
28255,29093,2016-02-22 14:50:00.000000 UTC,53830,26.3682,26.3612
16111,29093,2016-02-06 18:45:00.000000 UTC,57730,26.3698,26.1901
39261,16111,2016-02-12 13:55:00.000000 UTC,57790,26.3712,30.4836
28255,16111,2016-02-19 20:15:00.000000 UTC,37090,26.3713,26.306
16111,39261,2016-02-06 21:16:40.000000 UTC,26350,26.3714,27.903
39261,16111,2016-02-14 10:31:40.000000 UTC,19930,26.3715,28.6137
16111,28255,2016-02-07 01:10:00.000000 UTC,44830,26.3722,28.6739
29093,28255,2016-02-02 08:40:00.000000 UTC,17230,26.3725,27.1133
39261,28255,2016-02-16 09:31:40.000000 UTC,41950,26.3734,26.4452
39261,16111,2016-02-16 09:31:40.000000 UTC,58750,26.3745,26.3553
16111,39261,2016-02-07 04:46:40.000000 UTC,48910,26.375,26.2862
16111,28255,2016-02-07 22:15:00.000000 UTC,49390,26.3768,27.5378
39261,29093,2016-02-14 01:16:40.000000 UTC,34150,26.3768,26.3674
39261,16111,2016-02-13 05:30:00.000000 UTC,57910,26.3776,26.4196
28255,29093,2016-02-18 16:35:00.000000 UTC,58630,26.3783,30.3731
29093,39261,2016-02-01 00:35:00.000000 UTC,44230,26.379,26.604
16111,39261,2016-02-07 13:01:40.000000 UTC,58570,26.3791,30.1425
16111,28255,2016-02-11 18:55:00.000000 UTC,51550,26.3796,26.3764
16111,28255,2016-02-10 11:30:00.000000 UTC,40450,26.3803,28.1704
29093,28255,2016-02-01 18:30:00.000000 UTC,56410,26.3804,26.3937
29093,16111,2016-02-03 01:10:00.000000 UTC,2230,26.3821,26.6966
29093,16111,2016-02-04 03:01:40.000000 UTC,47050,26.3824,28.944
39261,16111,2016-02-15 20:16:40.000000 UTC,14110,26.3828,28.0436
16111,29093,2016-02-10 20:40:00.000000 UTC,50650,26.3836,31.0097
39261,28255,2016-02-13 00:46:40.000000 UTC,52570,26.3839,29.962
28255,29093,2016-02-23 11:10:00.000000 UTC,41110,26.3839,29.395
29093,28255,2016-02-01 06:25:00.000000 UTC,29770,26.3844,26.458
28255,29093,2016-02-19 23:16:40.000000 UTC,52630,26.3848,30.4894
16111,28255,2016-02-10 13:45:00.000000 UTC,24490,26.3858,29.5169
29093,28255,2016-02-01 00:46:40.000000 UTC,57850,26.3868,28.9967
29093,16111,2016-02-03 23:00:00.000000 UTC,57490,26.387,26.3829
28255,39261,2016-02-19 23:16:40.000000 UTC,45670,26.3873,26.4237
29093,28255,2016-02-02 20:20:00.000000 UTC,16150,26.3883,26.655
16111,28255,2016-02-06 18:05:00.000000 UTC,42430,26.3892,26.3952
39261,28255,2016-02-14 22:35:00.000000 UTC,370,26.3892,26.2585
16111,39261,2016-02-10 23:01:40.000000 UTC,32470,26.3905,26.3909
28255,29093,2016-02-23 13:50:00.000000 UTC,56410,26.3912,26.3671
16111,28255,2016-02-10 13:45:00.000000 UTC,47950,26.3916,30.5929
28255,39261,2016-02-22 03:01:40.000000 UTC,51610,26.3926,30.5335
28255,39261,2016-02-20 09:01:40.000000 UTC,19210,26.3927,29.698
39261,29093,2016-02-12 15:15:00.000000 UTC,10750,26.3929,28.0932
39261,29093,2016-02-13 07:35:00.000000 UTC,34690,26.3929,26.4834
28255,39261,2016-02-19 09:15:00.000000 UTC,50470,26.3931,28.5194
29093,28255,2016-02-02 06:01:40.000000 UTC,1150,26.3937,27.411
39261,29093,2016-02-13 21:01:40.000000 UTC,9670,26.3938,29.0916
39261,16111,2016-02-16 00:35:00.000000 UTC,58870,26.3938,31.2222
16111,28255,2016-02-11 03:50:00.000000 UTC,43750,26.3949,26.4278
28255,39261,2016-02-21 03:30:00.000000 UTC,56170,26.3952,29.9202
16111,39261,2016-02-09 10:40:00.000000 UTC,58630,26.3969,28.0334
39261,28255,2016-02-13 17:01:40.000000 UTC,56470,26.3972,26.5521
28255,29093,2016-02-20 12:30:00.000000 UTC,35530,26.3974,26.4024
16111,39261,2016-02-08 23:45:00.000000 UTC,40990,26.3977,27.0761
29093,16111,2016-02-05 05:31:40.000000 UTC,46930,26.3978,30.3182
16111,39261,2016-02-09 12:35:00.000000 UTC,23950,26.3985,29.9163
39261,28255,2016-02-12 15:15:00.000000 UTC,37630,26.3999,26.4617
28255,39261,2016-02-18 15:00:00.000000 UTC,34390,26.4006,26.4605
39261,28255,2016-02-12 13:55:00.000000 UTC,46750,26.4013,29.325
16111,28255,2016-02-06 20:50:00.000000 UTC,35230,26.4014,26.2953
29093,39261,2016-02-06 17:30:00.000000 UTC,18670,26.4019,26.9395
28255,29093,2016-02-18 16:35:00.000000 UTC,18850,26.4021,28.8207
16111,28255,2016-02-07 06:25:00.000000 UTC,34930,26.4024,30.0148
29093,28255,2016-02-01 02:31:40.000000 UTC,34990,26.4047,26.4027
16111,39261,2016-02-07 04:00:00.000000 UTC,36790,26.4047,26.4024
39261,16111,2016-02-13 09:46:40.000000 UTC,45670,26.4055,26.3364
16111,29093,2016-02-11 01:25:00.000000 UTC,38050,26.4059,26.3755
39261,29093,2016-02-15 06:05:00.000000 UTC,55570,26.4064,26.3833
29093,39261,2016-02-03 19:05:00.000000 UTC,21250,26.4081,26.736
16111,28255,2016-02-07 16:16:40.000000 UTC,45910,26.4093,26.4383
16111,28255,2016-02-07 23:31:40.000000 UTC,35590,26.41,26.443
16111,28255,2016-02-12 00:10:00.000000 UTC,48550,26.411,26.4278
39261,29093,2016-02-17 12:25:00.000000 UTC,45730,26.4116,30.3964
28255,29093,2016-02-23 16:31:40.000000 UTC,59950,26.4117,26.5184
29093,39261,2016-02-01 00:05:00.000000 UTC,34150,26.4132,26.6268
29093,39261,2016-02-01 12:05:00.000000 UTC,56770,26.4132,30.7483
16111,29093,2016-02-10 23:01:40.000000 UTC,13570,26.4133,26.9863
39261,28255,2016-02-15 20:16:40.000000 UTC,36610,26.4138,26.4858
39261,28255,2016-02-14 02:45:00.000000 UTC,36010,26.4146,26.8664
39261,16111,2016-02-15 02:16:40.000000 UTC,12790,26.4149,26.2962
28255,39261,2016-02-21 07:31:40.000000 UTC,39370,26.4149,29.8594
29093,39261,2016-02-05 10:20:00.000000 UTC,13630,26.4156,28.2929
29093,16111,2016-02-01 01:31:40.000000 UTC,34810,26.416,28.4697
28255,39261,2016-02-19 15:55:00.000000 UTC,56650,26.416,28.9912
39261,28255,2016-02-13 06:31:40.000000 UTC,43030,26.4175,26.3535
16111,39261,2016-02-06 21:16:40.000000 UTC,45010,26.4176,26.4172
39261,29093,2016-02-12 17:25:00.000000 UTC,21310,26.4176,26.6348
39261,29093,2016-02-17 17:40:00.000000 UTC,55510,26.4178,30.2527
39261,29093,2016-02-13 13:16:40.000000 UTC,14410,26.4182,26.5479
28255,16111,2016-02-22 05:20:00.000000 UTC,48190,26.4198,30.7523
16111,28255,2016-02-08 00:50:00.000000 UTC,49690,26.4201,26.3462
16111,29093,2016-02-06 17:30:00.000000 UTC,7690,26.4205,28.013
16111,28255,2016-02-06 19:40:00.000000 UTC,1210,26.4215,26.7575
39261,16111,2016-02-18 04:30:00.000000 UTC,49030,26.4215,26.4259
16111,29093,2016-02-11 03:50:00.000000 UTC,43690,26.4219,26.3866
16111,39261,2016-02-07 12:00:00.000000 UTC,9130,26.4221,27.3256
28255,39261,2016-02-18 15:00:00.000000 UTC,46750,26.4224,27.8083
16111,29093,2016-02-09 01:30:00.000000 UTC,53590,26.4227,26.4771
16111,29093,2016-02-06 21:16:40.000000 UTC,7450,26.423,26.7172
28255,39261,2016-02-18 15:46:40.000000 UTC,31810,26.423,27.5448
29093,39261,2016-02-05 22:50:00.000000 UTC,43870,26.4242,27.9715
28255,29093,2016-02-18 20:05:00.000000 UTC,46990,26.4245,30.6996
29093,39261,2016-02-01 18:30:00.000000 UTC,38770,26.4261,26.4451
28255,29093,2016-02-21 07:31:40.000000 UTC,39250,26.4267,26.4232
29093,39261,2016-02-02 23:31:40.000000 UTC,41530,26.4268,30.2188
29093,39261,2016-02-06 06:40:00.000000 UTC,48850,26.4271,28.4107
29093,28255,2016-02-01 23:55:00.000000 UTC,39550,26.4272,26.3616
39261,16111,2016-02-12 14:46:40.000000 UTC,58030,26.4272,31.2233
39261,28255,2016-02-15 18:10:00.000000 UTC,48490,26.4272,26.4322
29093,39261,2016-02-01 12:55:00.000000 UTC,41350,26.4281,26.4619
39261,28255,2016-02-12 12:50:00.000000 UTC,36850,26.429,28.9705
28255,39261,2016-02-18 11:31:40.000000 UTC,19630,26.4292,27.3053
39261,28255,2016-02-12 15:45:00.000000 UTC,33850,26.4294,26.3775
16111,28255,2016-02-06 21:45:00.000000 UTC,49210,26.4296,26.4204
29093,28255,2016-02-04 09:16:40.000000 UTC,12550,26.432,28.3938
39261,28255,2016-02-14 22:35:00.000000 UTC,59350,26.4322,26.3548
29093,39261,2016-02-01 01:00:00.000000 UTC,17230,26.4331,29.4548
28255,29093,2016-02-23 13:50:00.000000 UTC,17590,26.4339,27.606
28255,29093,2016-02-20 23:35:00.000000 UTC,53650,26.4348,31.0536
29093,39261,2016-02-01 01:00:00.000000 UTC,32170,26.4354,26.5515
39261,28255,2016-02-15 08:01:40.000000 UTC,48910,26.4354,26.4314
28255,16111,2016-02-23 19:15:00.000000 UTC,52510,26.4362,29.0134
39261,28255,2016-02-12 13:31:40.000000 UTC,48250,26.4364,30.0973
28255,29093,2016-02-18 08:45:00.000000 UTC,36550,26.4364,26.6726
28255,39261,2016-02-18 05:45:00.000000 UTC,53170,26.4365,29.8163
28255,16111,2016-02-22 00:45:00.000000 UTC,54550,26.4366,30.4668
39261,16111,2016-02-14 01:16:40.000000 UTC,25150,26.4368,26.9232
39261,28255,2016-02-12 14:46:40.000000 UTC,40570,26.437,28.621
29093,16111,2016-02-03 09:46:40.000000 UTC,56470,26.4371,26.4448
16111,29093,2016-02-06 19:40:00.000000 UTC,19570,26.4371,29.4564
39261,28255,2016-02-13 10:55:00.000000 UTC,27190,26.4377,26.4112
28255,16111,2016-02-20 16:05:00.000000 UTC,19690,26.4382,25.714
39261,29093,2016-02-16 11:50:00.000000 UTC,11650,26.4384,29.5357
29093,39261,2016-02-05 15:15:00.000000 UTC,50290,26.4403,26.4468
16111,39261,2016-02-07 19:46:40.000000 UTC,35230,26.4406,26.2881
16111,28255,2016-02-10 04:55:00.000000 UTC,57250,26.4406,29.8783
16111,28255,2016-02-09 20:31:40.000000 UTC,48190,26.441,26.4327
29093,39261,2016-02-01 00:35:00.000000 UTC,50350,26.4429,26.4789
28255,39261,2016-02-20 09:01:40.000000 UTC,46090,26.4429,26.453
28255,29093,2016-02-20 19:46:40.000000 UTC,27430,26.4442,29.464
39261,16111,2016-02-14 13:50:00.000000 UTC,21790,26.4445,26.5902
16111,29093,2016-02-07 22:15:00.000000 UTC,11770,26.445,26.5523
16111,29093,2016-02-06 18:45:00.000000 UTC,33670,26.4452,26.3831
28255,39261,2016-02-19 00:01:40.000000 UTC,54010,26.4459,29.9462
39261,28255,2016-02-14 17:15:00.000000 UTC,52750,26.4475,28.8292
16111,28255,2016-02-06 19:20:00.000000 UTC,55030,26.4486,27.9816
16111,28255,2016-02-09 03:16:40.000000 UTC,38230,26.4498,26.4279
39261,29093,2016-02-13 19:40:00.000000 UTC,9490,26.4503,27.5964
39261,16111,2016-02-14 08:55:00.000000 UTC,53770,26.4512,29.4544
29093,28255,2016-02-01 21:40:00.000000 UTC,42370,26.4514,30.0396
29093,39261,2016-02-02 12:50:00.000000 UTC,55510,26.452,27.0642
39261,28255,2016-02-12 21:30:00.000000 UTC,41350,26.4535,29.7169
16111,29093,2016-02-06 19:01:40.000000 UTC,13090,26.4539,26.9023
28255,16111,2016-02-21 07:31:40.000000 UTC,29770,26.454,28.1455
39261,28255,2016-02-12 20:45:00.000000 UTC,37390,26.4541,26.5425
29093,28255,2016-02-04 03:01:40.000000 UTC,22750,26.4542,27.0961
39261,28255,2016-02-13 19:40:00.000000 UTC,39790,26.4543,29.524
16111,28255,2016-02-11 16:20:00.000000 UTC,40810,26.4566,26.4833
28255,39261,2016-02-18 05:45:00.000000 UTC,1990,26.4574,24.1601
29093,16111,2016-02-01 00:35:00.000000 UTC,49870,26.4585,31.2452
28255,16111,2016-02-20 19:46:40.000000 UTC,48490,26.4586,26.357
16111,28255,2016-02-07 08:10:00.000000 UTC,49390,26.4587,28.3214
39261,28255,2016-02-13 15:45:00.000000 UTC,44710,26.4587,26.5305
28255,39261,2016-02-18 16:35:00.000000 UTC,59110,26.4591,28.7038
16111,28255,2016-02-09 14:31:40.000000 UTC,34990,26.4593,26.5321
28255,39261,2016-02-20 07:20:00.000000 UTC,36130,26.4601,26.5335
29093,39261,2016-02-04 01:00:00.000000 UTC,29110,26.4605,27.882
16111,39261,2016-02-10 20:40:00.000000 UTC,17470,26.462,26.9421
16111,28255,2016-02-07 23:31:40.000000 UTC,41590,26.4635,26.5244
39261,28255,2016-02-12 11:16:40.000000 UTC,53470,26.4636,30.5036
39261,28255,2016-02-12 20:45:00.000000 UTC,27850,26.4642,26.7806
16111,28255,2016-02-07 04:00:00.000000 UTC,38890,26.4645,26.4712
28255,39261,2016-02-20 10:45:00.000000 UTC,49450,26.4652,29.8157
29093,39261,2016-02-05 07:55:00.000000 UTC,52270,26.4653,27.8124
28255,16111,2016-02-20 00:50:00.000000 UTC,30610,26.4663,26.5607
28255,39261,2016-02-18 05:45:00.000000 UTC,59350,26.467,30.2256
28255,29093,2016-02-20 14:16:40.000000 UTC,55270,26.4674,30.5225
16111,39261,2016-02-06 22:46:40.000000 UTC,17710,26.4676,27.872
16111,28255,2016-02-11 03:50:00.000000 UTC,41290,26.4678,28.449
28255,39261,2016-02-22 12:25:00.000000 UTC,23890,26.4684,26.8816
16111,39261,2016-02-08 09:15:00.000000 UTC,33070,26.4685,26.479
39261,28255,2016-02-13 05:30:00.000000 UTC,55090,26.4689,26.4476
39261,16111,2016-02-13 10:55:00.000000 UTC,46330,26.4689,29.3682
16111,28255,2016-02-09 01:30:00.000000 UTC,41830,26.4697,26.4751
28255,39261,2016-02-18 22:00:00.000000 UTC,44530,26.4707,26.6813
29093,39261,2016-02-01 04:45:00.000000 UTC,56470,26.4737,29.4393
29093,28255,2016-02-05 10:20:00.000000 UTC,23350,26.4757,27.0118
16111,39261,2016-02-06 17:55:00.000000 UTC,15910,26.4759,26.2312
28255,39261,2016-02-21 11:40:00.000000 UTC,22630,26.4759,27.6327
28255,39261,2016-02-20 23:35:00.000000 UTC,40630,26.4764,26.5078
29093,39261,2016-02-03 08:00:00.000000 UTC,40270,26.4768,26.5164
29093,39261,2016-02-02 20:20:00.000000 UTC,33310,26.4783,26.4106
29093,28255,2016-02-01 00:25:00.000000 UTC,14650,26.4787,28.1232
16111,28255,2016-02-06 19:40:00.000000 UTC,43930,26.4788,29.7171
29093,39261,2016-02-01 00:05:00.000000 UTC,52030,26.4804,26.4828
28255,39261,2016-02-20 21:40:00.000000 UTC,46030,26.4806,28.319
29093,28255,2016-02-05 22:50:00.000000 UTC,41170,26.4814,28.0186
29093,39261,2016-02-01 20:35:00.000000 UTC,37210,26.4829,26.5252
16111,29093,2016-02-11 13:46:40.000000 UTC,13930,26.4837,26.9463
29093,16111,2016-02-04 22:31:40.000000 UTC,18970,26.4844,29.5793
16111,28255,2016-02-08 23:45:00.000000 UTC,40990,26.4863,27.9341
29093,16111,2016-02-03 09:46:40.000000 UTC,44770,26.4865,28.0609
39261,16111,2016-02-12 16:50:00.000000 UTC,37150,26.4867,26.4838
16111,39261,2016-02-06 17:30:00.000000 UTC,10090,26.4878,28.0151
39261,16111,2016-02-13 07:35:00.000000 UTC,24190,26.4884,26.7196
16111,39261,2016-02-07 15:10:00.000000 UTC,37390,26.4887,28.212
28255,29093,2016-02-21 22:30:00.000000 UTC,51370,26.4891,26.6143
16111,29093,2016-02-09 18:30:00.000000 UTC,46030,26.4893,29.2797
29093,28255,2016-02-03 13:25:00.000000 UTC,37450,26.4903,26.4415
39261,29093,2016-02-13 02:35:00.000000 UTC,58210,26.4923,26.4856
29093,28255,2016-02-05 07:55:00.000000 UTC,11590,26.4934,29.7314
28255,16111,2016-02-20 12:30:00.000000 UTC,31210,26.4962,27.8173
39261,16111,2016-02-14 15:31:40.000000 UTC,30430,26.4979,26.3597
39261,29093,2016-02-16 21:20:00.000000 UTC,39250,26.4979,29.6642
16111,39261,2016-02-06 17:55:00.000000 UTC,56170,26.4983,26.493
39261,16111,2016-02-12 18:01:40.000000 UTC,14290,26.4986,27.0244
39261,28255,2016-02-12 12:15:00.000000 UTC,17110,26.4993,29.3326
29093,16111,2016-02-01 03:20:00.000000 UTC,52270,26.4998,26.3468
39261,29093,2016-02-14 07:20:00.000000 UTC,38290,26.4998,26.5872
39261,29093,2016-02-14 13:50:00.000000 UTC,49870,26.4998,26.6177
39261,28255,2016-02-12 11:16:40.000000 UTC,25810,26.4999,26.5402
29093,16111,2016-02-03 01:10:00.000000 UTC,30370,26.5002,26.5037
28255,16111,2016-02-18 21:01:40.000000 UTC,44830,26.5003,30.1094
39261,29093,2016-02-13 07:35:00.000000 UTC,52990,26.5005,30.7617
39261,29093,2016-02-17 02:15:00.000000 UTC,52270,26.5005,26.5242
29093,16111,2016-02-01 00:00:00.000000 UTC,9310,26.5008,27.0795
28255,16111,2016-02-19 09:15:00.000000 UTC,48310,26.5016,28.8188
39261,16111,2016-02-14 10:31:40.000000 UTC,47950,26.5017,28.819
39261,29093,2016-02-12 14:46:40.000000 UTC,42370,26.5025,26.6057
28255,29093,2016-02-19 01:05:00.000000 UTC,36070,26.504,29.3231
39261,29093,2016-02-16 16:31:40.000000 UTC,56050,26.5041,30.5563
28255,39261,2016-02-19 17:20:00.000000 UTC,21010,26.5045,26.9802
29093,39261,2016-02-02 18:46:40.000000 UTC,42970,26.5049,26.5048
16111,29093,2016-02-09 14:31:40.000000 UTC,50230,26.505,31.4734
16111,39261,2016-02-07 01:10:00.000000 UTC,48250,26.5051,27.4455
29093,16111,2016-02-02 08:40:00.000000 UTC,58570,26.5075,26.6413
28255,16111,2016-02-23 16:31:40.000000 UTC,51250,26.5084,30.4051
39261,16111,2016-02-16 18:55:00.000000 UTC,56230,26.5107,26.5786
39261,28255,2016-02-17 20:20:00.000000 UTC,56350,26.5108,26.5311
28255,16111,2016-02-22 14:50:00.000000 UTC,14590,26.5123,26.9107
28255,16111,2016-02-18 09:46:40.000000 UTC,45910,26.5125,29.9571
28255,39261,2016-02-21 01:31:40.000000 UTC,36970,26.5125,26.785
39261,28255,2016-02-15 02:16:40.000000 UTC,38050,26.5154,28.649
39261,29093,2016-02-15 18:10:00.000000 UTC,20770,26.5166,26.4458
29093,28255,2016-02-06 17:30:00.000000 UTC,57610,26.5169,26.4911
29093,16111,2016-02-05 03:10:00.000000 UTC,18970,26.5174,29.8376
39261,29093,2016-02-13 07:35:00.000000 UTC,17890,26.518,26.6025
29093,28255,2016-02-01 21:40:00.000000 UTC,14950,26.5199,27.0359
29093,28255,2016-02-06 09:20:00.000000 UTC,40630,26.5205,28.9111
39261,16111,2016-02-14 12:10:00.000000 UTC,36910,26.5205,26.5848
28255,16111,2016-02-18 06:20:00.000000 UTC,34450,26.5205,26.4595
28255,29093,2016-02-23 03:20:00.000000 UTC,39910,26.5207,26.4935
29093,39261,2016-02-03 04:31:40.000000 UTC,56470,26.521,29.7872
29093,16111,2016-02-01 03:20:00.000000 UTC,9550,26.5219,28.3294
39261,29093,2016-02-16 16:31:40.000000 UTC,52930,26.522,26.5238
16111,39261,2016-02-06 17:31:40.000000 UTC,39910,26.5222,26.692
39261,16111,2016-02-17 23:01:40.000000 UTC,33850,26.5233,26.5281
16111,29093,2016-02-08 07:46:40.000000 UTC,8650,26.5234,28.0361
28255,29093,2016-02-18 11:31:40.000000 UTC,56710,26.5237,26.5512
39261,29093,2016-02-14 10:31:40.000000 UTC,50650,26.5239,26.6065
29093,16111,2016-02-04 07:10:00.000000 UTC,59170,26.524,31.5325
28255,16111,2016-02-18 05:45:00.000000 UTC,32470,26.524,27.1628
28255,39261,2016-02-18 16:35:00.000000 UTC,34930,26.5243,27.9518
39261,28255,2016-02-12 21:30:00.000000 UTC,3130,26.5245,26.4818
39261,28255,2016-02-13 18:20:00.000000 UTC,39970,26.5249,29.7922
29093,28255,2016-02-01 01:31:40.000000 UTC,55390,26.5253,29.1094
29093,39261,2016-02-02 12:50:00.000000 UTC,49390,26.5256,26.5967
39261,29093,2016-02-13 10:55:00.000000 UTC,57490,26.5259,30.2652
16111,39261,2016-02-07 17:25:00.000000 UTC,41650,26.5268,29.612
16111,39261,2016-02-07 19:46:40.000000 UTC,48970,26.5288,30.8258
29093,39261,2016-02-02 21:55:00.000000 UTC,22990,26.5291,30.0217
39261,29093,2016-02-17 07:16:40.000000 UTC,55030,26.5298,26.5104
29093,39261,2016-02-02 15:45:00.000000 UTC,57370,26.5314,30.1634
16111,39261,2016-02-07 15:10:00.000000 UTC,34330,26.5322,27.6501
28255,16111,2016-02-18 07:50:00.000000 UTC,39670,26.533,26.5141
29093,39261,2016-02-03 23:00:00.000000 UTC,19810,26.5334,26.877
16111,39261,2016-02-06 17:31:40.000000 UTC,10030,26.5337,27.8049
16111,28255,2016-02-11 21:31:40.000000 UTC,25390,26.5342,29.4901
39261,28255,2016-02-17 23:01:40.000000 UTC,59290,26.5345,29.8129
16111,39261,2016-02-11 06:16:40.000000 UTC,52510,26.5349,26.6045
29093,28255,2016-02-04 22:31:40.000000 UTC,54490,26.5353,26.6021
28255,39261,2016-02-20 23:35:00.000000 UTC,58870,26.536,26.5216
29093,16111,2016-02-01 08:20:00.000000 UTC,12670,26.5362,26.8466
39261,16111,2016-02-15 22:25:00.000000 UTC,58870,26.5367,30.2855
39261,28255,2016-02-12 22:16:40.000000 UTC,25330,26.5374,26.5643
39261,16111,2016-02-15 02:16:40.000000 UTC,53170,26.5376,30.5229
28255,29093,2016-02-18 06:40:00.000000 UTC,17650,26.5378,28.0484
16111,39261,2016-02-08 03:31:40.000000 UTC,50230,26.5385,29.0483
39261,29093,2016-02-12 11:25:00.000000 UTC,57550,26.5393,30.4229
16111,39261,2016-02-09 14:31:40.000000 UTC,26710,26.5397,28.0553
28255,29093,2016-02-18 06:01:40.000000 UTC,49750,26.5402,30.6245
16111,39261,2016-02-07 06:25:00.000000 UTC,1150,26.5406,26.1195
29093,28255,2016-02-01 21:40:00.000000 UTC,20950,26.5407,26.8364
39261,29093,2016-02-13 18:20:00.000000 UTC,9730,26.5412,27.348
29093,39261,2016-02-02 10:01:40.000000 UTC,32650,26.5426,28.9867
28255,16111,2016-02-19 04:25:00.000000 UTC,51730,26.5444,26.5534
29093,16111,2016-02-02 08:40:00.000000 UTC,2470,26.5454,26.4426
39261,16111,2016-02-12 23:05:00.000000 UTC,48550,26.5478,26.6325
29093,39261,2016-02-01 03:20:00.000000 UTC,49030,26.5484,30.9683
29093,16111,2016-02-03 13:25:00.000000 UTC,41110,26.5486,26.4499
39261,16111,2016-02-13 07:35:00.000000 UTC,18730,26.5486,27.3366
16111,28255,2016-02-07 08:10:00.000000 UTC,34390,26.5533,27.9325
28255,29093,2016-02-23 08:31:40.000000 UTC,51910,26.5539,26.5815
16111,28255,2016-02-06 22:46:40.000000 UTC,56890,26.5554,30.5913
39261,29093,2016-02-12 21:30:00.000000 UTC,26830,26.5554,29.4172
29093,39261,2016-02-01 13:46:40.000000 UTC,59770,26.5573,26.5895
16111,39261,2016-02-09 12:35:00.000000 UTC,17590,26.5581,29.3858
28255,16111,2016-02-18 06:20:00.000000 UTC,38110,26.5589,26.5993
29093,28255,2016-02-02 12:50:00.000000 UTC,35290,26.5592,29.2565
39261,28255,2016-02-16 16:31:40.000000 UTC,45490,26.5596,26.5773
28255,29093,2016-02-19 01:05:00.000000 UTC,45970,26.5597,30.657
28255,39261,2016-02-20 21:40:00.000000 UTC,6850,26.5626,27.243
28255,39261,2016-02-20 09:01:40.000000 UTC,37510,26.5631,29.7383
28255,39261,2016-02-23 03:20:00.000000 UTC,18250,26.5633,27.7562
16111,39261,2016-02-09 16:30:00.000000 UTC,39850,26.564,26.6023
29093,28255,2016-02-03 19:05:00.000000 UTC,57730,26.5655,30.1608
39261,29093,2016-02-13 13:16:40.000000 UTC,44470,26.5659,26.4362
39261,28255,2016-02-13 05:30:00.000000 UTC,43030,26.5661,26.5863
29093,39261,2016-02-01 19:31:40.000000 UTC,48490,26.5682,28.5624
29093,28255,2016-02-02 20:20:00.000000 UTC,51610,26.5688,26.4881
39261,16111,2016-02-13 10:55:00.000000 UTC,52630,26.5691,30.9307
39261,28255,2016-02-13 03:31:40.000000 UTC,39310,26.5693,26.5811
39261,28255,2016-02-13 22:25:00.000000 UTC,48310,26.5697,26.6137
28255,16111,2016-02-23 05:55:00.000000 UTC,47350,26.5702,28.6961
28255,16111,2016-02-18 06:40:00.000000 UTC,46510,26.5703,29.7655
29093,28255,2016-02-03 23:00:00.000000 UTC,49390,26.5724,26.9786
16111,29093,2016-02-11 13:46:40.000000 UTC,56650,26.5725,31.0153
28255,16111,2016-02-19 10:31:40.000000 UTC,54310,26.5747,26.5676
16111,29093,2016-02-10 02:46:40.000000 UTC,13090,26.5751,26.7607
16111,39261,2016-02-07 07:16:40.000000 UTC,57070,26.5758,30.3432
28255,29093,2016-02-22 07:40:00.000000 UTC,2590,26.5758,26.3472
16111,29093,2016-02-09 05:05:00.000000 UTC,55150,26.576,30.7855
39261,16111,2016-02-14 22:35:00.000000 UTC,20230,26.5762,29.1583
29093,28255,2016-02-05 03:10:00.000000 UTC,46750,26.5764,30.352
29093,39261,2016-02-01 03:20:00.000000 UTC,54610,26.5766,30.9744
39261,16111,2016-02-15 14:01:40.000000 UTC,44290,26.5766,29.9028
39261,28255,2016-02-14 13:50:00.000000 UTC,56050,26.5767,27.8896
39261,29093,2016-02-12 13:55:00.000000 UTC,59650,26.5768,26.5888
28255,39261,2016-02-19 03:16:40.000000 UTC,56830,26.5775,26.9202
28255,39261,2016-02-23 22:00:00.000000 UTC,3010,26.5777,26.5418
16111,39261,2016-02-09 05:05:00.000000 UTC,58030,26.5778,30.4699
39261,29093,2016-02-12 11:35:00.000000 UTC,56230,26.5787,26.7007
29093,28255,2016-02-02 15:45:00.000000 UTC,48850,26.5804,26.6828
29093,28255,2016-02-03 01:10:00.000000 UTC,17170,26.5811,26.7115
39261,16111,2016-02-13 00:46:40.000000 UTC,37030,26.5836,26.634
28255,29093,2016-02-21 09:35:00.000000 UTC,36910,26.5836,26.6299
28255,39261,2016-02-18 08:16:40.000000 UTC,59230,26.5844,29.7723
29093,39261,2016-02-03 13:25:00.000000 UTC,1210,26.5849,24.9611
16111,28255,2016-02-07 15:10:00.000000 UTC,42010,26.5849,28.0539
39261,16111,2016-02-12 11:46:40.000000 UTC,38470,26.5849,26.5723
28255,29093,2016-02-20 09:01:40.000000 UTC,56470,26.5854,30.8834
29093,39261,2016-02-01 15:35:00.000000 UTC,48070,26.5858,26.5949
39261,29093,2016-02-14 17:15:00.000000 UTC,15790,26.586,28.0693
16111,28255,2016-02-06 17:55:00.000000 UTC,58510,26.5866,26.567
28255,16111,2016-02-18 17:25:00.000000 UTC,49570,26.5874,29.5364
29093,28255,2016-02-05 03:10:00.000000 UTC,25330,26.5877,27.0058
39261,29093,2016-02-15 14:01:40.000000 UTC,45370,26.5888,30.0938
39261,16111,2016-02-16 02:46:40.000000 UTC,52870,26.59,31.1513
28255,39261,2016-02-23 05:55:00.000000 UTC,9550,26.5919,28.4414
29093,28255,2016-02-02 04:45:00.000000 UTC,55390,26.5923,29.8503
16111,28255,2016-02-08 03:31:40.000000 UTC,57490,26.5924,29.981
39261,29093,2016-02-15 18:10:00.000000 UTC,44290,26.5931,29.9562
39261,29093,2016-02-16 02:46:40.000000 UTC,49810,26.5932,28.845
28255,39261,2016-02-18 16:35:00.000000 UTC,11050,26.5941,28.9735
28255,16111,2016-02-23 08:31:40.000000 UTC,1210,26.5945,24.562
28255,39261,2016-02-18 15:46:40.000000 UTC,44290,26.5953,26.5129
29093,16111,2016-02-06 12:01:40.000000 UTC,46210,26.5958,30.5899
28255,16111,2016-02-22 12:25:00.000000 UTC,57430,26.5965,30.3238
29093,39261,2016-02-05 00:50:00.000000 UTC,26350,26.5968,26.9886
28255,16111,2016-02-18 09:46:40.000000 UTC,42730,26.5969,27.5108
39261,16111,2016-02-14 10:31:40.000000 UTC,54250,26.5975,26.6089
39261,16111,2016-02-12 12:15:00.000000 UTC,46990,26.5991,30.1122
16111,39261,2016-02-11 06:16:40.000000 UTC,38470,26.5992,26.5586
39261,28255,2016-02-17 07:16:40.000000 UTC,45550,26.5993,23.835
39261,28255,2016-02-12 11:35:00.000000 UTC,40030,26.6,26.6417
28255,29093,2016-02-23 03:20:00.000000 UTC,48670,26.6007,30.3235
29093,39261,2016-02-05 03:10:00.000000 UTC,14650,26.6023,27.9027
16111,39261,2016-02-10 23:01:40.000000 UTC,38470,26.6023,26.5381
39261,28255,2016-02-13 23:50:00.000000 UTC,32650,26.6026,26.8422
16111,28255,2016-02-06 21:16:40.000000 UTC,56050,26.6028,29.6012
29093,28255,2016-02-06 12:01:40.000000 UTC,50410,26.6029,26.6912
39261,16111,2016-02-17 17:40:00.000000 UTC,59230,26.6031,31.2409
39261,29093,2016-02-17 23:01:40.000000 UTC,47350,26.6031,26.5176
29093,28255,2016-02-05 22:50:00.000000 UTC,35170,26.6032,27.966
16111,28255,2016-02-08 23:45:00.000000 UTC,370,26.6035,26.9429
39261,28255,2016-02-12 22:16:40.000000 UTC,25270,26.6035,26.7842
29093,39261,2016-02-01 02:10:00.000000 UTC,47890,26.6039,30.2019
39261,28255,2016-02-12 18:01:40.000000 UTC,28030,26.6039,26.9205
39261,28255,2016-02-17 02:15:00.000000 UTC,39010,26.6053,26.7651
28255,39261,2016-02-18 18:16:40.000000 UTC,46630,26.6056,27.0148
28255,39261,2016-02-18 10:20:00.000000 UTC,20290,26.6064,24.1304
39261,28255,2016-02-13 01:40:00.000000 UTC,3070,26.607,26.7883
28255,39261,2016-02-22 10:01:40.000000 UTC,39010,26.6071,28.7102
29093,28255,2016-02-04 03:01:40.000000 UTC,52810,26.6073,28.61
16111,39261,2016-02-09 05:05:00.000000 UTC,38650,26.6101,26.5891
39261,16111,2016-02-12 12:00:00.000000 UTC,47170,26.6108,30.3142
16111,39261,2016-02-06 17:55:00.000000 UTC,39970,26.6115,26.6059
39261,29093,2016-02-12 11:25:00.000000 UTC,58030,26.6115,31.217
28255,29093,2016-02-21 20:16:40.000000 UTC,56050,26.6132,30.4639
29093,28255,2016-02-01 08:20:00.000000 UTC,48190,26.6141,26.6738
29093,16111,2016-02-02 07:20:00.000000 UTC,2530,26.6146,26.7336
16111,29093,2016-02-09 08:46:40.000000 UTC,35230,26.6147,26.6361
29093,28255,2016-02-02 21:55:00.000000 UTC,38110,26.6155,26.7405
29093,28255,2016-02-06 04:01:40.000000 UTC,42730,26.6157,26.5598
39261,28255,2016-02-12 19:20:00.000000 UTC,31090,26.6157,27.7377
39261,28255,2016-02-12 18:01:40.000000 UTC,49510,26.616,26.63
16111,29093,2016-02-07 11:00:00.000000 UTC,30310,26.6164,26.5639
29093,28255,2016-02-05 07:55:00.000000 UTC,40450,26.6168,26.6094
29093,16111,2016-02-02 10:01:40.000000 UTC,54250,26.6171,30.4905
16111,39261,2016-02-09 01:30:00.000000 UTC,53770,26.6174,26.6463
28255,39261,2016-02-22 03:01:40.000000 UTC,47830,26.6175,26.6384
39261,28255,2016-02-13 01:40:00.000000 UTC,58330,26.6177,29.9015
39261,28255,2016-02-15 02:16:40.000000 UTC,16750,26.6177,28.0351
16111,39261,2016-02-12 02:50:00.000000 UTC,48130,26.6188,30.8784
29093,39261,2016-02-02 17:15:00.000000 UTC,33790,26.6189,29.7874
28255,39261,2016-02-21 15:55:00.000000 UTC,1150,26.6196,26.6606
28255,39261,2016-02-21 18:05:00.000000 UTC,49570,26.6198,26.6255
39261,16111,2016-02-16 07:15:00.000000 UTC,17170,26.6202,29.2395
16111,39261,2016-02-09 10:40:00.000000 UTC,52750,26.6206,28.3582
29093,28255,2016-02-01 04:45:00.000000 UTC,43510,26.6207,26.9508
16111,29093,2016-02-10 18:20:00.000000 UTC,36130,26.6211,26.6385
16111,39261,2016-02-06 18:05:00.000000 UTC,19570,26.6218,27.3345
16111,39261,2016-02-08 18:40:00.000000 UTC,7570,26.6219,26.8223
16111,39261,2016-02-10 07:05:00.000000 UTC,56170,26.622,26.5536
29093,28255,2016-02-04 09:16:40.000000 UTC,41650,26.6223,26.5618
28255,39261,2016-02-18 18:16:40.000000 UTC,53050,26.6227,28.3174
29093,39261,2016-02-02 23:31:40.000000 UTC,19810,26.6231,26.9783
28255,39261,2016-02-18 07:25:00.000000 UTC,59290,26.6233,29.9816
29093,39261,2016-02-01 00:25:00.000000 UTC,40150,26.6244,26.5874
29093,28255,2016-02-03 04:31:40.000000 UTC,33490,26.6247,26.7483
39261,29093,2016-02-12 13:55:00.000000 UTC,42610,26.6248,26.6618
29093,28255,2016-02-03 23:00:00.000000 UTC,37450,26.6252,26.65
28255,39261,2016-02-18 15:46:40.000000 UTC,50350,26.6252,26.5946
28255,39261,2016-02-22 00:45:00.000000 UTC,59890,26.6252,26.6782
28255,39261,2016-02-18 08:16:40.000000 UTC,25510,26.6268,27.3715
16111,39261,2016-02-11 01:25:00.000000 UTC,52330,26.6273,29.9627
16111,28255,2016-02-06 18:05:00.000000 UTC,31690,26.6276,29.4465
29093,39261,2016-02-01 10:30:00.000000 UTC,28090,26.628,28.1383
29093,39261,2016-02-06 01:25:00.000000 UTC,38890,26.628,26.6056
39261,28255,2016-02-16 23:46:40.000000 UTC,39130,26.6282,26.7774
28255,29093,2016-02-18 07:25:00.000000 UTC,47950,26.629,26.6508
39261,28255,2016-02-12 11:25:00.000000 UTC,43750,26.63,26.7204
28255,29093,2016-02-21 01:31:40.000000 UTC,38530,26.63,26.6174
39261,29093,2016-02-12 18:01:40.000000 UTC,50710,26.6306,30.8914
29093,39261,2016-02-01 00:35:00.000000 UTC,58150,26.632,26.664
39261,29093,2016-02-15 02:16:40.000000 UTC,42550,26.632,30.0016
16111,28255,2016-02-09 22:35:00.000000 UTC,7390,26.6324,27.3979
28255,29093,2016-02-22 14:50:00.000000 UTC,16630,26.6339,27.9185
39261,28255,2016-02-13 01:40:00.000000 UTC,58690,26.6346,30.5123
39261,16111,2016-02-12 18:01:40.000000 UTC,34570,26.6351,30.0484
29093,28255,2016-02-03 08:00:00.000000 UTC,49930,26.6367,30.7203
16111,29093,2016-02-07 22:15:00.000000 UTC,22870,26.6368,27.3377
16111,39261,2016-02-08 23:45:00.000000 UTC,43210,26.6373,26.7814
16111,29093,2016-02-07 12:00:00.000000 UTC,30370,26.6378,26.6383
28255,29093,2016-02-20 21:40:00.000000 UTC,58450,26.639,28.1571
28255,39261,2016-02-18 15:46:40.000000 UTC,47230,26.6395,28.9585
29093,28255,2016-02-02 20:20:00.000000 UTC,47350,26.6402,30.7099
28255,39261,2016-02-18 15:46:40.000000 UTC,37870,26.6407,27.5937
16111,28255,2016-02-08 23:45:00.000000 UTC,49930,26.6412,28.7352
28255,39261,2016-02-18 13:31:40.000000 UTC,59830,26.6421,30.4533
29093,28255,2016-02-05 05:31:40.000000 UTC,47170,26.6434,30.0359
16111,29093,2016-02-10 13:45:00.000000 UTC,18850,26.6444,27.4626
16111,39261,2016-02-07 23:31:40.000000 UTC,40270,26.6445,26.6336
28255,39261,2016-02-18 05:45:00.000000 UTC,53050,26.6459,29.5746
16111,28255,2016-02-09 16:30:00.000000 UTC,47290,26.6463,26.6357
16111,29093,2016-02-07 17:25:00.000000 UTC,54730,26.6477,31.6202
29093,28255,2016-02-02 20:20:00.000000 UTC,43810,26.6481,26.6733
16111,29093,2016-02-06 17:55:00.000000 UTC,33610,26.6481,26.6277
16111,28255,2016-02-06 20:01:40.000000 UTC,7570,26.6481,27.5787
39261,28255,2016-02-15 08:01:40.000000 UTC,54910,26.6487,26.7254
16111,39261,2016-02-09 14:31:40.000000 UTC,3130,26.649,25.9333
29093,39261,2016-02-01 19:31:40.000000 UTC,51490,26.6503,28.2841
29093,39261,2016-02-03 02:50:00.000000 UTC,58930,26.6504,26.6195
16111,39261,2016-02-07 01:10:00.000000 UTC,42070,26.6524,26.7524
28255,16111,2016-02-20 00:50:00.000000 UTC,20290,26.6527,29.2885
29093,39261,2016-02-01 00:46:40.000000 UTC,50350,26.653,26.6838
39261,29093,2016-02-12 14:46:40.000000 UTC,28690,26.6531,29.9307
39261,28255,2016-02-17 04:45:00.000000 UTC,38950,26.655,26.6631
29093,28255,2016-02-02 21:55:00.000000 UTC,31990,26.6561,27.1063
28255,39261,2016-02-20 02:25:00.000000 UTC,39610,26.6568,26.8258
39261,28255,2016-02-12 19:20:00.000000 UTC,51490,26.6569,26.6429
29093,28255,2016-02-05 22:50:00.000000 UTC,49870,26.6576,27.8425
29093,28255,2016-02-01 15:35:00.000000 UTC,40210,26.6578,28.0358
16111,29093,2016-02-11 01:25:00.000000 UTC,50650,26.6582,30.7685
29093,28255,2016-02-05 12:46:40.000000 UTC,41650,26.6584,27.2327
16111,39261,2016-02-10 13:45:00.000000 UTC,51970,26.6591,26.7312
29093,39261,2016-02-01 09:45:00.000000 UTC,46990,26.6605,25.0253
39261,28255,2016-02-12 20:45:00.000000 UTC,48970,26.6628,27.9626
28255,29093,2016-02-18 22:00:00.000000 UTC,57910,26.6628,31.1754
29093,16111,2016-02-02 11:25:00.000000 UTC,54730,26.6636,31.4609
28255,29093,2016-02-23 16:31:40.000000 UTC,17110,26.6645,27.9087
39261,28255,2016-02-13 22:25:00.000000 UTC,2350,26.6655,25.5729
16111,29093,2016-02-08 20:20:00.000000 UTC,46270,26.6657,26.6572
16111,28255,2016-02-07 23:31:40.000000 UTC,49450,26.6661,26.6634
39261,16111,2016-02-13 04:30:00.000000 UTC,39670,26.6667,26.5898
28255,39261,2016-02-20 09:01:40.000000 UTC,54190,26.6673,26.7428
29093,28255,2016-02-05 05:31:40.000000 UTC,45910,26.668,26.6855
16111,29093,2016-02-07 07:16:40.000000 UTC,52570,26.668,26.6687
28255,39261,2016-02-18 04:46:40.000000 UTC,28090,26.6681,26.8199
29093,39261,2016-02-01 13:46:40.000000 UTC,57310,26.6685,30.8944
39261,28255,2016-02-12 14:46:40.000000 UTC,51730,26.6687,26.7267
28255,16111,2016-02-18 06:40:00.000000 UTC,40930,26.6687,29.6255
39261,29093,2016-02-12 17:25:00.000000 UTC,27010,26.6695,26.9249
39261,16111,2016-02-12 13:10:00.000000 UTC,52270,26.6706,30.0224
16111,39261,2016-02-07 08:10:00.000000 UTC,26170,26.6708,27.0335
39261,16111,2016-02-15 02:16:40.000000 UTC,58630,26.6712,30.3903
28255,39261,2016-02-19 00:01:40.000000 UTC,32230,26.6715,27.3399
16111,39261,2016-02-07 11:00:00.000000 UTC,44770,26.6717,26.6244
39261,29093,2016-02-16 18:55:00.000000 UTC,15190,26.6718,28.0031
39261,28255,2016-02-13 06:31:40.000000 UTC,24970,26.6721,26.5792
29093,39261,2016-02-02 15:45:00.000000 UTC,53950,26.6728,27.8595
29093,39261,2016-02-01 03:20:00.000000 UTC,10930,26.6732,26.6481
28255,16111,2016-02-18 04:35:00.000000 UTC,51490,26.6735,26.5735
16111,39261,2016-02-06 23:55:00.000000 UTC,45670,26.6736,26.6605
29093,16111,2016-02-04 07:10:00.000000 UTC,46270,26.6741,26.654
29093,28255,2016-02-01 00:16:40.000000 UTC,7150,26.6744,27.6982
29093,39261,2016-02-01 00:35:00.000000 UTC,19870,26.6744,26.9694
29093,39261,2016-02-04 05:05:00.000000 UTC,21370,26.6748,26.7639
29093,16111,2016-02-01 01:00:00.000000 UTC,15490,26.675,28.9663
28255,39261,2016-02-23 16:31:40.000000 UTC,39610,26.675,26.7136
16111,39261,2016-02-10 11:30:00.000000 UTC,44770,26.6755,28.2161
39261,28255,2016-02-13 15:45:00.000000 UTC,58270,26.677,30.6802
29093,28255,2016-02-01 21:40:00.000000 UTC,38950,26.6775,26.7376
28255,29093,2016-02-23 22:00:00.000000 UTC,38710,26.6783,28.5939
28255,16111,2016-02-18 04:55:00.000000 UTC,1150,26.6786,26.5995
28255,39261,2016-02-18 08:16:40.000000 UTC,28210,26.6789,26.7265
29093,28255,2016-02-02 17:15:00.000000 UTC,19090,26.6792,27.0168
29093,28255,2016-02-01 16:31:40.000000 UTC,55930,26.6794,26.6945
28255,16111,2016-02-18 06:40:00.000000 UTC,42070,26.6794,30.3916
39261,28255,2016-02-14 13:50:00.000000 UTC,58870,26.6798,28.9176
29093,28255,2016-02-03 09:46:40.000000 UTC,48610,26.6808,26.7371
16111,39261,2016-02-10 23:01:40.000000 UTC,730,26.6819,26.8932
16111,39261,2016-02-07 23:31:40.000000 UTC,36370,26.6822,26.737
28255,39261,2016-02-18 20:05:00.000000 UTC,50530,26.6829,26.6889
28255,39261,2016-02-19 13:10:00.000000 UTC,51250,26.6832,26.6866
16111,28255,2016-02-06 19:40:00.000000 UTC,13990,26.6837,29.0804
39261,29093,2016-02-12 16:50:00.000000 UTC,56410,26.6845,30.5989
29093,28255,2016-02-01 02:10:00.000000 UTC,1150,26.6849,26.8725
29093,28255,2016-02-05 07:55:00.000000 UTC,47530,26.685,29.9645
29093,28255,2016-02-04 03:01:40.000000 UTC,28750,26.6854,27.2474
39261,16111,2016-02-13 02:35:00.000000 UTC,17350,26.686,28.0998
28255,39261,2016-02-18 08:16:40.000000 UTC,16810,26.6863,28.8876
28255,39261,2016-02-18 05:16:40.000000 UTC,49870,26.6864,26.7731
39261,29093,2016-02-17 02:15:00.000000 UTC,36430,26.687,29.2829
28255,16111,2016-02-18 04:55:00.000000 UTC,46990,26.687,29.9662
16111,39261,2016-02-07 19:46:40.000000 UTC,29710,26.6871,27.8211
28255,16111,2016-02-18 05:05:00.000000 UTC,45850,26.6881,26.7024
16111,28255,2016-02-06 23:20:00.000000 UTC,17710,26.6886,27.0337
16111,39261,2016-02-07 04:00:00.000000 UTC,52930,26.6894,26.7338
28255,16111,2016-02-21 11:40:00.000000 UTC,45970,26.6896,29.5414
39261,16111,2016-02-18 04:30:00.000000 UTC,16510,26.6899,29.3369
16111,39261,2016-02-10 23:01:40.000000 UTC,58150,26.6906,30.9329
39261,29093,2016-02-14 08:55:00.000000 UTC,45490,26.6913,26.784
39261,29093,2016-02-15 18:10:00.000000 UTC,46870,26.6919,26.7558
16111,28255,2016-02-12 11:00:00.000000 UTC,22330,26.692,29.1092
16111,39261,2016-02-07 23:31:40.000000 UTC,56110,26.6928,31.0624
39261,16111,2016-02-13 07:35:00.000000 UTC,51670,26.6931,25.786
16111,39261,2016-02-06 18:45:00.000000 UTC,38110,26.694,26.7337
39261,28255,2016-02-13 12:05:00.000000 UTC,54730,26.6941,26.7303
29093,39261,2016-02-01 15:35:00.000000 UTC,50590,26.6945,28.4062
39261,29093,2016-02-12 11:25:00.000000 UTC,45910,26.6968,29.3088
39261,28255,2016-02-17 09:50:00.000000 UTC,48430,26.697,30.306
28255,29093,2016-02-18 05:16:40.000000 UTC,37270,26.6971,26.7782
16111,28255,2016-02-08 12:16:40.000000 UTC,58390,26.6985,26.7293
39261,16111,2016-02-12 20:45:00.000000 UTC,50110,26.6985,29.6842
16111,39261,2016-02-10 16:01:40.000000 UTC,22150,26.6993,27.0846
28255,39261,2016-02-18 23:00:00.000000 UTC,52690,26.6996,26.5943
39261,29093,2016-02-12 21:30:00.000000 UTC,55570,26.7003,31.0827
16111,28255,2016-02-07 14:05:00.000000 UTC,55030,26.7004,31.0923
28255,39261,2016-02-23 22:00:00.000000 UTC,45790,26.7004,26.6504
16111,29093,2016-02-08 03:31:40.000000 UTC,45430,26.7006,28.0739
16111,28255,2016-02-06 21:16:40.000000 UTC,55090,26.7007,26.7171
28255,16111,2016-02-18 04:31:40.000000 UTC,55450,26.7011,26.5119
28255,39261,2016-02-20 12:30:00.000000 UTC,54310,26.7018,26.6434
29093,39261,2016-02-05 12:46:40.000000 UTC,37810,26.7021,26.8094
16111,39261,2016-02-06 22:15:00.000000 UTC,35290,26.7023,26.776
16111,29093,2016-02-06 21:16:40.000000 UTC,57910,26.7032,26.7251
16111,39261,2016-02-10 04:55:00.000000 UTC,52450,26.7038,29.7624
16111,28255,2016-02-07 05:35:00.000000 UTC,51130,26.7039,26.6679
29093,39261,2016-02-01 00:10:00.000000 UTC,56230,26.7055,26.6997
28255,29093,2016-02-18 05:05:00.000000 UTC,51670,26.7056,28.8075
29093,39261,2016-02-04 01:00:00.000000 UTC,58630,26.706,26.7167
16111,29093,2016-02-07 23:31:40.000000 UTC,48550,26.706,30.2051
39261,16111,2016-02-13 10:55:00.000000 UTC,41410,26.7062,30.4914
39261,16111,2016-02-13 21:01:40.000000 UTC,26290,26.7064,26.9003
16111,39261,2016-02-11 18:55:00.000000 UTC,8650,26.7066,28.7192
16111,39261,2016-02-11 11:15:00.000000 UTC,41950,26.7069,26.6792
28255,39261,2016-02-18 07:01:40.000000 UTC,41530,26.7071,30.049
39261,16111,2016-02-12 15:45:00.000000 UTC,54310,26.7072,26.7436
28255,16111,2016-02-18 07:25:00.000000 UTC,52030,26.7082,30.1087
29093,28255,2016-02-03 15:16:40.000000 UTC,47830,26.7083,26.6988
28255,16111,2016-02-22 19:45:00.000000 UTC,32410,26.7084,26.7014
39261,28255,2016-02-17 07:16:40.000000 UTC,52990,26.7094,26.8931
28255,16111,2016-02-20 21:40:00.000000 UTC,45790,26.7101,28.6521
16111,29093,2016-02-06 19:40:00.000000 UTC,52270,26.7102,26.7191
16111,28255,2016-02-10 04:55:00.000000 UTC,54370,26.7108,26.737
39261,28255,2016-02-15 10:00:00.000000 UTC,40750,26.711,26.6786
39261,16111,2016-02-15 04:10:00.000000 UTC,47350,26.7111,30.7832
39261,29093,2016-02-13 01:40:00.000000 UTC,22690,26.7112,27.042
28255,39261,2016-02-23 16:31:40.000000 UTC,25150,26.7113,26.6845
16111,39261,2016-02-07 22:15:00.000000 UTC,36010,26.7118,26.7306
16111,28255,2016-02-07 00:31:40.000000 UTC,32290,26.7119,26.9139
39261,28255,2016-02-17 02:15:00.000000 UTC,53230,26.7121,26.9906
28255,29093,2016-02-22 03:01:40.000000 UTC,52150,26.7125,26.4937
28255,16111,2016-02-20 19:46:40.000000 UTC,18610,26.7132,26.9594
16111,28255,2016-02-11 13:46:40.000000 UTC,12370,26.714,29.1376
39261,29093,2016-02-14 15:31:40.000000 UTC,41950,26.714,26.7154
16111,29093,2016-02-07 18:35:00.000000 UTC,14110,26.7141,28.4762
28255,29093,2016-02-18 08:16:40.000000 UTC,20590,26.7141,29.0751
16111,39261,2016-02-09 06:55:00.000000 UTC,48250,26.7149,29.5295
28255,39261,2016-02-19 00:01:40.000000 UTC,40870,26.7158,26.855
29093,39261,2016-02-02 15:45:00.000000 UTC,45970,26.7159,30.8231
29093,39261,2016-02-04 09:16:40.000000 UTC,43690,26.7186,29.3105
28255,16111,2016-02-19 17:20:00.000000 UTC,49570,26.7194,28.9372
29093,28255,2016-02-04 09:16:40.000000 UTC,45610,26.7203,26.7274
29093,28255,2016-02-01 00:01:40.000000 UTC,34330,26.7209,26.822
39261,28255,2016-02-14 02:45:00.000000 UTC,2350,26.7214,26.2656
29093,28255,2016-02-03 01:10:00.000000 UTC,14410,26.7218,28.3184
39261,29093,2016-02-12 23:55:00.000000 UTC,2410,26.7222,26.2679
29093,39261,2016-02-06 04:01:40.000000 UTC,21250,26.7224,27.0538
39261,16111,2016-02-13 18:20:00.000000 UTC,21310,26.7233,26.6146
39261,28255,2016-02-13 02:35:00.000000 UTC,51970,26.7237,28.8535
28255,29093,2016-02-18 04:40:00.000000 UTC,48490,26.724,26.5942
29093,16111,2016-02-04 22:31:40.000000 UTC,45550,26.7246,25.3201
29093,16111,2016-02-02 08:40:00.000000 UTC,17590,26.7248,26.9968
29093,28255,2016-02-01 21:40:00.000000 UTC,42430,26.7254,30.1286
39261,28255,2016-02-12 11:25:00.000000 UTC,59350,26.7254,30.5032
29093,28255,2016-02-05 15:15:00.000000 UTC,33910,26.7258,26.8311
28255,29093,2016-02-19 00:01:40.000000 UTC,44710,26.7273,26.8249
29093,16111,2016-02-01 02:10:00.000000 UTC,12550,26.7278,28.0121
29093,28255,2016-02-01 16:31:40.000000 UTC,51610,26.7291,26.0413
39261,16111,2016-02-12 20:45:00.000000 UTC,55330,26.7295,28.8295
16111,29093,2016-02-06 17:31:40.000000 UTC,46630,26.7296,26.7074
29093,28255,2016-02-01 00:00:00.000000 UTC,51670,26.7299,28.9512
39261,28255,2016-02-12 23:55:00.000000 UTC,49210,26.7301,26.7671
29093,28255,2016-02-02 10:01:40.000000 UTC,25990,26.7303,26.8706
29093,16111,2016-02-02 11:25:00.000000 UTC,43450,26.731,30.9634
28255,29093,2016-02-20 02:25:00.000000 UTC,57730,26.7317,30.8294
28255,39261,2016-02-22 14:50:00.000000 UTC,38530,26.7321,26.7892
29093,28255,2016-02-01 15:35:00.000000 UTC,45730,26.7329,26.7977
39261,16111,2016-02-13 18:20:00.000000 UTC,50530,26.7329,30.6871
29093,39261,2016-02-01 04:15:00.000000 UTC,45130,26.7339,26.7284
29093,16111,2016-02-04 20:15:00.000000 UTC,52150,26.7339,28.9233
39261,28255,2016-02-14 07:20:00.000000 UTC,47890,26.7345,26.6984
16111,39261,2016-02-06 18:30:00.000000 UTC,38110,26.7349,26.5129
16111,39261,2016-02-09 10:40:00.000000 UTC,46690,26.735,28.1261
29093,28255,2016-02-02 08:40:00.000000 UTC,50770,26.7363,30.4671
29093,28255,2016-02-04 15:46:40.000000 UTC,44470,26.7371,30.4127
29093,28255,2016-02-04 01:00:00.000000 UTC,2530,26.7377,23.8938
16111,39261,2016-02-10 13:45:00.000000 UTC,39790,26.7378,26.7582
39261,16111,2016-02-16 05:00:00.000000 UTC,50410,26.738,26.772
28255,16111,2016-02-23 05:55:00.000000 UTC,19150,26.7389,27.3902
16111,39261,2016-02-10 00:40:00.000000 UTC,550,26.7396,26.7548
28255,16111,2016-02-23 16:31:40.000000 UTC,28870,26.7399,29.8654
29093,39261,2016-02-01 04:45:00.000000 UTC,53350,26.74,26.9517
28255,16111,2016-02-19 21:45:00.000000 UTC,31690,26.7408,28.0024
29093,16111,2016-02-03 23:00:00.000000 UTC,14110,26.7412,29.9311
16111,28255,2016-02-10 02:46:40.000000 UTC,29410,26.7423,28.0165
29093,16111,2016-02-02 08:40:00.000000 UTC,26290,26.7427,29.7527
39261,29093,2016-02-12 17:25:00.000000 UTC,35650,26.7429,28.1931
16111,29093,2016-02-06 18:45:00.000000 UTC,52270,26.7433,26.7339
16111,28255,2016-02-09 20:31:40.000000 UTC,58330,26.7443,26.7739
29093,28255,2016-02-01 00:46:40.000000 UTC,51850,26.7449,28.9721
16111,39261,2016-02-09 22:35:00.000000 UTC,5530,26.7449,25.6114
29093,39261,2016-02-01 06:25:00.000000 UTC,55270,26.7451,30.7779
39261,16111,2016-02-12 14:46:40.000000 UTC,57490,26.7455,30.2485
16111,28255,2016-02-10 11:30:00.000000 UTC,37450,26.7457,28.217
29093,28255,2016-02-06 06:40:00.000000 UTC,45730,26.7473,28.2437
39261,28255,2016-02-16 14:10:00.000000 UTC,51550,26.7479,26.7976
16111,28255,2016-02-06 19:20:00.000000 UTC,3070,26.7488,26.3714
28255,39261,2016-02-18 04:46:40.000000 UTC,33970,26.7497,26.4931
16111,28255,2016-02-09 14:31:40.000000 UTC,11830,26.7498,29.23
29093,39261,2016-02-01 15:35:00.000000 UTC,44530,26.7509,28.1707
29093,28255,2016-02-01 13:46:40.000000 UTC,19330,26.7526,26.7036
29093,28255,2016-02-01 01:00:00.000000 UTC,36790,26.753,26.8547
16111,28255,2016-02-07 18:35:00.000000 UTC,40330,26.753,26.7779
29093,28255,2016-02-06 17:30:00.000000 UTC,42490,26.7538,29.2498
28255,16111,2016-02-18 15:00:00.000000 UTC,32830,26.7541,27.6106
16111,39261,2016-02-07 00:31:40.000000 UTC,44890,26.7549,29.4432
39261,16111,2016-02-16 02:46:40.000000 UTC,45790,26.755,27.9069
29093,28255,2016-02-02 14:16:40.000000 UTC,24010,26.7557,28.4149
39261,29093,2016-02-15 10:00:00.000000 UTC,45130,26.7558,26.7929
39261,28255,2016-02-14 02:45:00.000000 UTC,850,26.7565,26.8697
28255,29093,2016-02-18 09:15:00.000000 UTC,59890,26.7565,30.0304
29093,16111,2016-02-01 15:35:00.000000 UTC,54130,26.757,29.0061
28255,29093,2016-02-18 07:50:00.000000 UTC,43690,26.7573,30.3282
28255,16111,2016-02-18 05:16:40.000000 UTC,47470,26.7575,30.9349
16111,28255,2016-02-12 11:00:00.000000 UTC,55330,26.7577,26.7483
29093,16111,2016-02-05 07:55:00.000000 UTC,12310,26.758,26.9069
39261,16111,2016-02-14 01:16:40.000000 UTC,44890,26.7584,28.527
16111,28255,2016-02-07 01:50:00.000000 UTC,33670,26.7586,29.7304
39261,29093,2016-02-17 02:15:00.000000 UTC,48670,26.7588,30.8732
28255,16111,2016-02-19 18:46:40.000000 UTC,37630,26.7597,27.1753
16111,29093,2016-02-09 10:40:00.000000 UTC,35230,26.7598,26.7925
29093,39261,2016-02-02 14:16:40.000000 UTC,41590,26.7612,27.2849
16111,39261,2016-02-08 22:01:40.000000 UTC,55930,26.7613,30.1949
29093,39261,2016-02-05 10:20:00.000000 UTC,37510,26.7619,27.7685
39261,28255,2016-02-12 21:30:00.000000 UTC,46870,26.7636,29.9871
29093,28255,2016-02-01 00:05:00.000000 UTC,36610,26.7638,26.8573
29093,28255,2016-02-03 09:46:40.000000 UTC,25210,26.7649,27.6166
39261,16111,2016-02-16 14:10:00.000000 UTC,34990,26.7659,26.3292
29093,28255,2016-02-01 01:50:00.000000 UTC,7270,26.7675,27.0328
29093,39261,2016-02-06 04:01:40.000000 UTC,41590,26.768,26.5923
29093,39261,2016-02-02 08:40:00.000000 UTC,42490,26.7681,26.9181
39261,29093,2016-02-17 20:20:00.000000 UTC,2710,26.7689,26.7385
16111,28255,2016-02-06 21:45:00.000000 UTC,15550,26.769,27.9
28255,39261,2016-02-20 21:40:00.000000 UTC,6790,26.7695,27.0249
39261,29093,2016-02-12 23:05:00.000000 UTC,54730,26.7696,30.3057
28255,16111,2016-02-21 11:40:00.000000 UTC,14710,26.7697,28.2533
16111,29093,2016-02-07 18:35:00.000000 UTC,8350,26.7699,28.1933
28255,39261,2016-02-19 20:15:00.000000 UTC,57610,26.7704,26.7014
28255,29093,2016-02-20 19:46:40.000000 UTC,730,26.7719,26.9045
39261,28255,2016-02-15 22:25:00.000000 UTC,48370,26.772,26.7399
39261,28255,2016-02-14 01:16:40.000000 UTC,53590,26.7726,28.4492
39261,28255,2016-02-15 00:25:00.000000 UTC,25990,26.7733,27.8931
28255,39261,2016-02-18 12:10:00.000000 UTC,2170,26.7733,24.7276
28255,16111,2016-02-20 07:20:00.000000 UTC,47290,26.7734,30.6669
29093,28255,2016-02-03 04:31:40.000000 UTC,59350,26.7744,26.8186
28255,29093,2016-02-18 04:30:00.000000 UTC,41050,26.7744,26.6947
16111,29093,2016-02-07 08:10:00.000000 UTC,36310,26.7749,28.3386
16111,29093,2016-02-09 03:16:40.000000 UTC,35110,26.7765,26.5834
28255,29093,2016-02-22 07:40:00.000000 UTC,46030,26.7776,27.9162
16111,28255,2016-02-10 20:40:00.000000 UTC,54010,26.7787,26.8343
29093,28255,2016-02-05 10:20:00.000000 UTC,53290,26.7789,28.1983
29093,28255,2016-02-05 22:50:00.000000 UTC,44110,26.7789,28.2811
16111,29093,2016-02-08 04:55:00.000000 UTC,34450,26.7793,26.8342
28255,29093,2016-02-18 07:25:00.000000 UTC,46090,26.7796,26.8331
29093,39261,2016-02-01 09:01:40.000000 UTC,55510,26.7799,29.8502
29093,28255,2016-02-01 19:31:40.000000 UTC,48010,26.7804,30.5735
28255,39261,2016-02-23 13:50:00.000000 UTC,31030,26.7804,26.788
16111,39261,2016-02-08 18:40:00.000000 UTC,59710,26.7819,26.7713
29093,28255,2016-02-02 08:40:00.000000 UTC,44710,26.782,30.1473
28255,39261,2016-02-20 09:01:40.000000 UTC,37450,26.7824,29.6539
39261,29093,2016-02-12 11:35:00.000000 UTC,43090,26.7827,26.8011
16111,29093,2016-02-09 08:46:40.000000 UTC,12670,26.7828,26.4369
39261,29093,2016-02-12 11:01:40.000000 UTC,39670,26.7839,26.8831
29093,39261,2016-02-05 20:16:40.000000 UTC,19150,26.7845,27.4794
16111,28255,2016-02-08 04:55:00.000000 UTC,34390,26.7845,30.011
28255,16111,2016-02-19 04:25:00.000000 UTC,51790,26.7851,26.7838
39261,29093,2016-02-15 02:16:40.000000 UTC,14110,26.7855,29.1147
29093,28255,2016-02-01 20:35:00.000000 UTC,44770,26.7856,26.6665
16111,28255,2016-02-07 22:15:00.000000 UTC,47230,26.7856,26.8332
16111,28255,2016-02-11 01:25:00.000000 UTC,28990,26.7862,27.5698
28255,16111,2016-02-18 20:05:00.000000 UTC,37510,26.7865,28.4746
39261,28255,2016-02-12 17:25:00.000000 UTC,10450,26.7867,28.4166
39261,28255,2016-02-12 20:45:00.000000 UTC,42970,26.7881,27.9215
29093,16111,2016-02-03 02:50:00.000000 UTC,19210,26.7884,26.4414
39261,29093,2016-02-12 13:55:00.000000 UTC,48250,26.789,26.8095
28255,39261,2016-02-22 14:50:00.000000 UTC,33670,26.7914,29.4255
16111,28255,2016-02-07 06:25:00.000000 UTC,19390,26.7918,27.0075
28255,29093,2016-02-20 04:01:40.000000 UTC,33610,26.7927,26.8206
16111,39261,2016-02-11 21:31:40.000000 UTC,52270,26.7929,30.4627
16111,28255,2016-02-09 14:31:40.000000 UTC,41410,26.7933,28.2887
28255,39261,2016-02-23 11:10:00.000000 UTC,45370,26.7935,26.7842
39261,16111,2016-02-15 22:25:00.000000 UTC,41050,26.7945,26.8176
39261,29093,2016-02-12 13:55:00.000000 UTC,19870,26.7959,27.077
28255,16111,2016-02-22 12:25:00.000000 UTC,57490,26.7959,30.4462
16111,29093,2016-02-07 13:01:40.000000 UTC,36010,26.7966,26.8035
39261,16111,2016-02-17 20:20:00.000000 UTC,51250,26.7966,26.7325
28255,16111,2016-02-21 07:31:40.000000 UTC,1150,26.7969,26.0762
16111,28255,2016-02-06 17:40:00.000000 UTC,40330,26.797,26.9022
28255,29093,2016-02-19 17:20:00.000000 UTC,25450,26.797,29.4037
28255,39261,2016-02-23 05:55:00.000000 UTC,45130,26.797,26.7558
39261,29093,2016-02-15 16:05:00.000000 UTC,16330,26.7979,29.0953
28255,29093,2016-02-18 04:31:40.000000 UTC,59710,26.7984,26.6426
16111,39261,2016-02-08 10:45:00.000000 UTC,33610,26.7996,26.9243
28255,29093,2016-02-19 01:05:00.000000 UTC,38950,26.7996,26.825
39261,28255,2016-02-14 05:46:40.000000 UTC,14530,26.8,26.8942
16111,28255,2016-02-09 16:30:00.000000 UTC,21250,26.8003,27.2527
28255,29093,2016-02-19 14:31:40.000000 UTC,39850,26.8008,26.7937
28255,39261,2016-02-18 04:55:00.000000 UTC,40030,26.801,26.814
39261,16111,2016-02-16 18:55:00.000000 UTC,670,26.8018,26.8812
16111,28255,2016-02-07 23:31:40.000000 UTC,55390,26.8038,26.7485
16111,29093,2016-02-12 08:15:00.000000 UTC,16570,26.8048,26.8299
28255,29093,2016-02-23 03:20:00.000000 UTC,14410,26.8048,28.8996
28255,29093,2016-02-18 08:16:40.000000 UTC,11650,26.8051,28.3357
39261,29093,2016-02-13 21:01:40.000000 UTC,43630,26.8061,29.5308
28255,39261,2016-02-23 05:55:00.000000 UTC,52030,26.8064,29.2893
29093,28255,2016-02-03 19:05:00.000000 UTC,21910,26.8067,29.4408
29093,16111,2016-02-01 00:25:00.000000 UTC,35290,26.807,26.9253
28255,16111,2016-02-20 04:01:40.000000 UTC,53110,26.8077,29.8735
39261,28255,2016-02-12 14:20:00.000000 UTC,25570,26.8084,26.9817
39261,29093,2016-02-15 08:01:40.000000 UTC,51190,26.8085,26.767
28255,39261,2016-02-22 00:45:00.000000 UTC,47710,26.809,26.7657
29093,39261,2016-02-03 06:15:00.000000 UTC,53890,26.8092,26.7885
16111,39261,2016-02-09 12:35:00.000000 UTC,50770,26.8114,26.9481
28255,29093,2016-02-19 06:46:40.000000 UTC,57730,26.8116,29.0087
16111,28255,2016-02-06 20:25:00.000000 UTC,25930,26.8122,28.5944
29093,16111,2016-02-01 00:16:40.000000 UTC,53830,26.8124,26.7133
16111,28255,2016-02-06 18:05:00.000000 UTC,19690,26.8124,29.3
28255,29093,2016-02-20 23:35:00.000000 UTC,7330,26.8124,27.1934
29093,28255,2016-02-01 01:15:00.000000 UTC,1150,26.8126,27.8905
29093,16111,2016-02-02 20:20:00.000000 UTC,48670,26.8127,31.0803
29093,28255,2016-02-02 07:20:00.000000 UTC,1030,26.8143,26.2694
29093,16111,2016-02-06 17:30:00.000000 UTC,45910,26.8162,30.0815
28255,29093,2016-02-21 07:31:40.000000 UTC,45610,26.8167,28.9909
29093,39261,2016-02-01 02:55:00.000000 UTC,20410,26.8168,27.1074
39261,28255,2016-02-12 15:45:00.000000 UTC,3310,26.8169,26.8142
29093,28255,2016-02-02 12:50:00.000000 UTC,54130,26.8171,27.0519
16111,29093,2016-02-12 02:50:00.000000 UTC,16450,26.8177,26.9821
28255,16111,2016-02-18 14:15:00.000000 UTC,19210,26.8177,27.7183
39261,28255,2016-02-13 00:46:40.000000 UTC,34810,26.8183,29.558
29093,28255,2016-02-02 14:16:40.000000 UTC,36010,26.8184,28.2819
28255,39261,2016-02-21 22:30:00.000000 UTC,7990,26.8184,27.6108
29093,28255,2016-02-01 20:35:00.000000 UTC,58570,26.8191,26.734
16111,28255,2016-02-08 09:15:00.000000 UTC,59470,26.8194,31.185
16111,29093,2016-02-10 23:01:40.000000 UTC,56230,26.8194,30.808
39261,28255,2016-02-17 15:01:40.000000 UTC,3070,26.8198,24.8245
29093,28255,2016-02-01 01:31:40.000000 UTC,36910,26.8206,26.8338
39261,29093,2016-02-14 10:31:40.000000 UTC,40870,26.8208,30.2657
29093,16111,2016-02-04 07:10:00.000000 UTC,35230,26.8217,26.7899
16111,29093,2016-02-11 13:46:40.000000 UTC,51010,26.8219,30.8647
28255,39261,2016-02-22 07:40:00.000000 UTC,50230,26.8232,26.9068
16111,29093,2016-02-06 18:30:00.000000 UTC,50590,26.8242,26.9586
29093,16111,2016-02-04 05:05:00.000000 UTC,16450,26.8244,27.073
39261,16111,2016-02-13 17:01:40.000000 UTC,22330,26.8261,29.0732
16111,28255,2016-02-07 22:15:00.000000 UTC,310,26.8263,27.0232
29093,28255,2016-02-03 15:16:40.000000 UTC,44410,26.8273,28.6542
39261,16111,2016-02-13 23:50:00.000000 UTC,40150,26.8273,26.8226
28255,39261,2016-02-20 17:55:00.000000 UTC,55690,26.828,29.7751
28255,29093,2016-02-19 23:16:40.000000 UTC,37690,26.8286,28.1256
39261,16111,2016-02-14 13:50:00.000000 UTC,16630,26.8295,28.5042
29093,28255,2016-02-01 05:50:00.000000 UTC,50950,26.8302,30.3412
29093,16111,2016-02-02 20:20:00.000000 UTC,48550,26.8308,30.8667
39261,16111,2016-02-15 10:00:00.000000 UTC,58510,26.8312,29.1482
39261,28255,2016-02-12 20:45:00.000000 UTC,3190,26.8315,26.8199
28255,29093,2016-02-19 05:35:00.000000 UTC,41650,26.8316,26.8631
28255,39261,2016-02-20 02:25:00.000000 UTC,31390,26.8318,30.0072
39261,16111,2016-02-17 12:25:00.000000 UTC,45910,26.832,26.6662
28255,16111,2016-02-18 11:31:40.000000 UTC,19990,26.832,27.0978
39261,29093,2016-02-12 13:55:00.000000 UTC,25510,26.8325,27.0166
16111,28255,2016-02-07 23:31:40.000000 UTC,32950,26.8329,29.8203
29093,16111,2016-02-02 21:55:00.000000 UTC,39790,26.8333,26.8498
16111,28255,2016-02-06 17:40:00.000000 UTC,58390,26.8357,26.794
29093,16111,2016-02-01 04:45:00.000000 UTC,20770,26.836,28.0182
16111,28255,2016-02-12 00:10:00.000000 UTC,25390,26.8378,28.1279
28255,39261,2016-02-23 08:31:40.000000 UTC,2710,26.8378,26.6277
28255,16111,2016-02-23 03:20:00.000000 UTC,14830,26.8379,29.4098
16111,29093,2016-02-07 08:10:00.000000 UTC,13450,26.8382,27.0197
39261,28255,2016-02-12 15:45:00.000000 UTC,43510,26.8383,26.9246
28255,39261,2016-02-18 07:25:00.000000 UTC,22930,26.8394,29.0615
29093,39261,2016-02-03 01:10:00.000000 UTC,56710,26.8398,26.7823
39261,28255,2016-02-13 02:35:00.000000 UTC,33670,26.8398,27.1886
39261,29093,2016-02-13 02:35:00.000000 UTC,41590,26.8403,27.0438
29093,16111,2016-02-05 07:55:00.000000 UTC,26830,26.8406,27.6165
29093,39261,2016-02-06 17:30:00.000000 UTC,58330,26.841,30.1772
29093,28255,2016-02-02 01:05:00.000000 UTC,56770,26.8414,29.5173
28255,39261,2016-02-18 05:16:40.000000 UTC,46030,26.842,26.8246
16111,39261,2016-02-09 05:05:00.000000 UTC,51850,26.8421,30.0586
39261,28255,2016-02-17 23:01:40.000000 UTC,59050,26.8425,29.2925
28255,29093,2016-02-18 07:25:00.000000 UTC,42370,26.8427,26.6618
28255,29093,2016-02-18 11:31:40.000000 UTC,22570,26.8435,27.029
29093,16111,2016-02-05 05:31:40.000000 UTC,43750,26.8442,27.6835
28255,29093,2016-02-21 09:35:00.000000 UTC,38950,26.8443,26.877
29093,28255,2016-02-01 06:25:00.000000 UTC,35650,26.8444,26.9779
39261,28255,2016-02-12 14:46:40.000000 UTC,49570,26.8446,26.8851
16111,39261,2016-02-10 23:01:40.000000 UTC,57790,26.8451,30.3312
39261,28255,2016-02-14 13:50:00.000000 UTC,29110,26.8458,28.2684
29093,16111,2016-02-04 03:01:40.000000 UTC,24370,26.8462,27.2075
39261,29093,2016-02-14 10:31:40.000000 UTC,53830,26.8464,28.8552
39261,16111,2016-02-15 14:01:40.000000 UTC,30430,26.8466,24.9228
16111,39261,2016-02-11 18:55:00.000000 UTC,8590,26.8468,28.5577
29093,39261,2016-02-01 02:55:00.000000 UTC,48190,26.8472,30.1875
16111,39261,2016-02-07 02:31:40.000000 UTC,21670,26.8472,28.3666
16111,28255,2016-02-11 13:46:40.000000 UTC,20110,26.8474,27.2562
29093,39261,2016-02-03 23:00:00.000000 UTC,47290,26.8475,29.9783
16111,28255,2016-02-07 17:25:00.000000 UTC,33610,26.849,28.1755
29093,39261,2016-02-03 15:16:40.000000 UTC,26350,26.8497,27.0692
16111,39261,2016-02-09 05:05:00.000000 UTC,39430,26.8499,28.9624
28255,16111,2016-02-23 05:55:00.000000 UTC,670,26.8505,27.0793
39261,28255,2016-02-14 04:15:00.000000 UTC,2350,26.8509,26.4189
28255,16111,2016-02-18 04:40:00.000000 UTC,41290,26.8512,29.453
16111,29093,2016-02-06 19:01:40.000000 UTC,5230,26.8516,27.6272
16111,28255,2016-02-11 13:46:40.000000 UTC,22570,26.8516,26.7867
29093,16111,2016-02-05 12:46:40.000000 UTC,6790,26.8524,27.5891
28255,16111,2016-02-22 10:01:40.000000 UTC,32230,26.8528,27.7576
29093,39261,2016-02-01 02:10:00.000000 UTC,58570,26.8542,26.7279
29093,16111,2016-02-01 19:31:40.000000 UTC,25810,26.8549,27.421
28255,39261,2016-02-18 13:31:40.000000 UTC,46390,26.8551,26.8642
28255,29093,2016-02-18 06:40:00.000000 UTC,31750,26.8552,27.9006
39261,29093,2016-02-12 18:40:00.000000 UTC,16150,26.8559,29.311
39261,28255,2016-02-17 04:45:00.000000 UTC,56890,26.8559,26.977
29093,39261,2016-02-06 17:30:00.000000 UTC,24670,26.8565,27.0801
16111,28255,2016-02-10 16:01:40.000000 UTC,46990,26.8578,26.7931
39261,16111,2016-02-14 12:10:00.000000 UTC,40270,26.8578,30.332
28255,39261,2016-02-22 22:15:00.000000 UTC,48610,26.8578,26.8549
28255,16111,2016-02-21 18:05:00.000000 UTC,52990,26.8598,26.8606
29093,39261,2016-02-01 00:00:00.000000 UTC,49390,26.8607,28.8731
29093,39261,2016-02-02 04:45:00.000000 UTC,20650,26.8612,28.2539
28255,16111,2016-02-21 01:31:40.000000 UTC,37690,26.8614,30.3598
29093,28255,2016-02-04 03:01:40.000000 UTC,47290,26.8616,29.5516
16111,28255,2016-02-06 21:45:00.000000 UTC,49330,26.8617,26.8566
28255,29093,2016-02-18 07:50:00.000000 UTC,23350,26.8618,26.8294
29093,28255,2016-02-02 11:25:00.000000 UTC,41890,26.8623,26.7303
39261,28255,2016-02-13 13:16:40.000000 UTC,2770,26.8626,26.6633
29093,16111,2016-02-01 00:05:00.000000 UTC,37270,26.863,26.9197
16111,28255,2016-02-11 21:31:40.000000 UTC,40030,26.8637,26.8795
29093,39261,2016-02-01 21:40:00.000000 UTC,27790,26.8639,26.9756
16111,28255,2016-02-06 18:05:00.000000 UTC,16210,26.8649,27.9477
39261,29093,2016-02-12 11:00:00.000000 UTC,46690,26.8664,30.689
29093,16111,2016-02-01 00:10:00.000000 UTC,35290,26.8672,26.9025
28255,16111,2016-02-20 21:40:00.000000 UTC,40690,26.8679,26.8678
39261,16111,2016-02-16 11:50:00.000000 UTC,44050,26.8681,29.6984
28255,39261,2016-02-21 13:46:40.000000 UTC,50950,26.8685,30.3898
16111,28255,2016-02-06 17:55:00.000000 UTC,48430,26.8687,26.8422
28255,39261,2016-02-18 12:10:00.000000 UTC,19810,26.8702,26.8395
29093,16111,2016-02-01 00:01:40.000000 UTC,59470,26.8708,26.9351
16111,39261,2016-02-10 20:40:00.000000 UTC,59950,26.8711,26.9644
28255,16111,2016-02-19 00:01:40.000000 UTC,50650,26.8711,28.0179
39261,16111,2016-02-12 20:45:00.000000 UTC,35710,26.8722,28.0017
39261,28255,2016-02-15 08:01:40.000000 UTC,28690,26.8726,27.1842
28255,29093,2016-02-23 08:31:40.000000 UTC,46450,26.8732,27.057
28255,16111,2016-02-18 16:35:00.000000 UTC,10570,26.8735,29.3775
29093,28255,2016-02-01 07:01:40.000000 UTC,51310,26.8736,30.6266
39261,16111,2016-02-12 11:05:00.000000 UTC,19030,26.8747,28.8979
29093,28255,2016-02-03 09:46:40.000000 UTC,37810,26.8751,29.4844
28255,29093,2016-02-19 05:35:00.000000 UTC,56470,26.8755,30.9719
28255,29093,2016-02-18 08:16:40.000000 UTC,45970,26.8756,26.731
29093,39261,2016-02-03 23:00:00.000000 UTC,44050,26.8767,26.9326
39261,28255,2016-02-13 19:40:00.000000 UTC,44650,26.8767,26.8578
28255,39261,2016-02-18 15:46:40.000000 UTC,10930,26.8769,28.7451
28255,29093,2016-02-22 14:50:00.000000 UTC,36610,26.8777,27.0809
29093,16111,2016-02-05 05:31:40.000000 UTC,41410,26.8778,30.2919
39261,28255,2016-02-12 18:01:40.000000 UTC,49450,26.8786,26.8347
16111,28255,2016-02-09 14:31:40.000000 UTC,29350,26.8788,27.4477
28255,16111,2016-02-19 03:16:40.000000 UTC,35470,26.8791,26.9272
39261,16111,2016-02-12 20:45:00.000000 UTC,44110,26.8797,28.4488
28255,29093,2016-02-21 18:05:00.000000 UTC,44410,26.8821,30.6783
16111,28255,2016-02-12 05:31:40.000000 UTC,35950,26.8822,26.7937
16111,39261,2016-02-07 11:00:00.000000 UTC,44830,26.8824,26.8409
39261,29093,2016-02-12 15:45:00.000000 UTC,36010,26.8824,28.3199
28255,16111,2016-02-18 18:16:40.000000 UTC,46630,26.8824,26.9178
16111,28255,2016-02-07 04:46:40.000000 UTC,49030,26.8827,26.8235
16111,28255,2016-02-09 22:35:00.000000 UTC,22810,26.8831,26.7906
39261,29093,2016-02-12 11:01:40.000000 UTC,57910,26.8833,30.9421
28255,39261,2016-02-19 01:05:00.000000 UTC,46870,26.8833,26.8381
28255,39261,2016-02-18 08:45:00.000000 UTC,29230,26.8834,29.4032
29093,39261,2016-02-01 02:55:00.000000 UTC,48370,26.8842,30.4749
29093,28255,2016-02-02 21:55:00.000000 UTC,57970,26.8851,26.8911
29093,28255,2016-02-01 01:31:40.000000 UTC,34150,26.8852,28.3956
29093,39261,2016-02-05 00:50:00.000000 UTC,42310,26.8853,30.3983
28255,16111,2016-02-19 21:45:00.000000 UTC,53590,26.8857,27.0935
29093,39261,2016-02-01 01:31:40.000000 UTC,46870,26.8861,27.9543
29093,28255,2016-02-02 08:40:00.000000 UTC,23110,26.8861,27.41
28255,39261,2016-02-21 01:31:40.000000 UTC,42970,26.8875,26.8908
29093,39261,2016-02-03 11:35:00.000000 UTC,59350,26.8889,26.821
29093,28255,2016-02-05 12:46:40.000000 UTC,56530,26.889,29.4747
29093,39261,2016-02-06 06:40:00.000000 UTC,33670,26.8896,28.1104
28255,39261,2016-02-18 12:50:00.000000 UTC,3370,26.8897,26.8771
29093,28255,2016-02-03 09:46:40.000000 UTC,43570,26.8899,29.2511
39261,16111,2016-02-12 17:25:00.000000 UTC,33910,26.8899,28.4403
29093,16111,2016-02-01 15:35:00.000000 UTC,42910,26.8909,28.6161
28255,39261,2016-02-21 11:40:00.000000 UTC,49870,26.8911,28.3796
39261,28255,2016-02-14 08:55:00.000000 UTC,21010,26.8913,28.657
16111,29093,2016-02-12 05:31:40.000000 UTC,45850,26.8914,30.7773
29093,28255,2016-02-01 00:35:00.000000 UTC,14530,26.8917,29.9654
28255,16111,2016-02-19 23:16:40.000000 UTC,20350,26.8924,28.5859
28255,39261,2016-02-22 05:20:00.000000 UTC,56470,26.8929,28.0198
28255,39261,2016-02-18 23:00:00.000000 UTC,48250,26.8931,30.2645
39261,29093,2016-02-12 14:46:40.000000 UTC,28450,26.8932,29.5096
28255,16111,2016-02-23 22:00:00.000000 UTC,21490,26.8935,28.5994
29093,39261,2016-02-02 23:31:40.000000 UTC,47170,26.8943,29.6839
16111,28255,2016-02-12 00:10:00.000000 UTC,58690,26.8946,26.9088
29093,39261,2016-02-02 23:31:40.000000 UTC,47410,26.8947,30.1549
28255,29093,2016-02-18 04:30:00.000000 UTC,44290,26.8949,30.2512
16111,28255,2016-02-07 07:16:40.000000 UTC,55510,26.8952,27.3315
29093,28255,2016-02-01 03:46:40.000000 UTC,25630,26.8956,27.1817
16111,28255,2016-02-07 15:10:00.000000 UTC,41650,26.8958,26.8802
29093,16111,2016-02-03 15:16:40.000000 UTC,13810,26.8959,28.6737
28255,16111,2016-02-18 15:46:40.000000 UTC,35650,26.8959,27.8423
28255,39261,2016-02-23 13:50:00.000000 UTC,40210,26.896,28.7858
16111,39261,2016-02-07 06:25:00.000000 UTC,38890,26.8962,30.1255
39261,29093,2016-02-12 17:25:00.000000 UTC,41710,26.8962,26.8835
39261,16111,2016-02-16 14:10:00.000000 UTC,53650,26.897,26.9875
16111,28255,2016-02-08 04:55:00.000000 UTC,52330,26.8974,30.7216
16111,29093,2016-02-08 13:50:00.000000 UTC,53410,26.898,26.8908
29093,39261,2016-02-02 18:46:40.000000 UTC,39010,26.8995,26.8967
39261,29093,2016-02-13 00:46:40.000000 UTC,47590,26.9,26.9824
29093,39261,2016-02-01 01:31:40.000000 UTC,38230,26.901,27.0327
28255,16111,2016-02-18 09:46:40.000000 UTC,55930,26.9013,26.7733
16111,28255,2016-02-08 17:01:40.000000 UTC,6190,26.9016,26.7577
16111,28255,2016-02-10 11:30:00.000000 UTC,34390,26.9019,27.6681
39261,28255,2016-02-13 01:40:00.000000 UTC,45310,26.9022,26.643
16111,29093,2016-02-11 13:46:40.000000 UTC,38530,26.9025,27.0402
39261,16111,2016-02-17 17:40:00.000000 UTC,430,26.9038,26.951
28255,16111,2016-02-20 23:35:00.000000 UTC,43690,26.9038,30.6473
28255,39261,2016-02-23 19:15:00.000000 UTC,9850,26.9044,27.7768
28255,16111,2016-02-22 10:01:40.000000 UTC,34630,26.9045,26.9766
16111,28255,2016-02-08 20:20:00.000000 UTC,22510,26.9046,26.8332
16111,28255,2016-02-09 14:31:40.000000 UTC,32410,26.9056,28.2104
29093,16111,2016-02-01 00:25:00.000000 UTC,37210,26.906,26.834
29093,28255,2016-02-02 18:46:40.000000 UTC,34930,26.9076,30.0361
29093,39261,2016-02-03 09:46:40.000000 UTC,7210,26.9081,28.1337
29093,39261,2016-02-03 19:05:00.000000 UTC,45250,26.9081,26.9759
29093,28255,2016-02-01 00:35:00.000000 UTC,52450,26.9082,27.0519
28255,39261,2016-02-18 22:00:00.000000 UTC,50530,26.9082,26.9627
29093,28255,2016-02-05 07:55:00.000000 UTC,22930,26.9088,27.4225
28255,39261,2016-02-22 14:50:00.000000 UTC,45850,26.909,30.0163
29093,28255,2016-02-05 22:50:00.000000 UTC,33250,26.9096,29.9281
16111,28255,2016-02-12 00:10:00.000000 UTC,57550,26.9104,30.0378
28255,16111,2016-02-18 18:16:40.000000 UTC,52270,26.912,26.8954
39261,29093,2016-02-14 13:50:00.000000 UTC,50350,26.9125,28.298
39261,28255,2016-02-12 11:25:00.000000 UTC,47650,26.9126,30.3034
16111,29093,2016-02-09 14:31:40.000000 UTC,55270,26.9128,30.5541
29093,28255,2016-02-03 23:00:00.000000 UTC,43390,26.9131,26.9335
16111,39261,2016-02-09 05:05:00.000000 UTC,27730,26.9133,29.5459
39261,16111,2016-02-13 01:40:00.000000 UTC,53470,26.9137,26.9117
28255,39261,2016-02-21 07:31:40.000000 UTC,37270,26.914,26.9949
28255,16111,2016-02-18 06:40:00.000000 UTC,23470,26.9141,27.3302
39261,28255,2016-02-13 10:55:00.000000 UTC,12430,26.9145,28.2126
29093,28255,2016-02-02 17:15:00.000000 UTC,22510,26.9152,29.8271
29093,28255,2016-02-03 04:31:40.000000 UTC,51490,26.9154,26.914
16111,28255,2016-02-07 22:15:00.000000 UTC,49210,26.9154,26.9189
28255,16111,2016-02-20 17:55:00.000000 UTC,44410,26.9155,29.6555
29093,28255,2016-02-04 03:01:40.000000 UTC,40810,26.9156,28.0779
29093,28255,2016-02-02 12:50:00.000000 UTC,27550,26.9157,29.6793
28255,29093,2016-02-19 23:16:40.000000 UTC,29110,26.9165,27.3315
28255,39261,2016-02-22 22:15:00.000000 UTC,40150,26.9166,29.8834
16111,28255,2016-02-08 03:31:40.000000 UTC,51430,26.9175,29.6376
16111,29093,2016-02-07 01:10:00.000000 UTC,52510,26.9176,27.0669
28255,29093,2016-02-18 12:10:00.000000 UTC,22330,26.9177,27.399
29093,28255,2016-02-02 23:31:40.000000 UTC,30190,26.9178,30.3378
39261,29093,2016-02-13 07:35:00.000000 UTC,46810,26.9186,29.5453
29093,16111,2016-02-01 19:31:40.000000 UTC,57370,26.9189,26.9028
28255,39261,2016-02-20 00:50:00.000000 UTC,18610,26.9192,29.1664
16111,39261,2016-02-07 00:31:40.000000 UTC,57970,26.9196,26.91
16111,28255,2016-02-08 02:10:00.000000 UTC,6370,26.9203,26.414
28255,29093,2016-02-20 14:16:40.000000 UTC,59530,26.9203,26.9236
16111,29093,2016-02-10 11:30:00.000000 UTC,41530,26.9207,26.9203
29093,28255,2016-02-01 04:45:00.000000 UTC,49450,26.9211,27.0576
29093,16111,2016-02-01 01:50:00.000000 UTC,24070,26.9217,26.5217
39261,29093,2016-02-13 19:40:00.000000 UTC,50050,26.9219,30.5176
39261,29093,2016-02-13 04:30:00.000000 UTC,54010,26.9224,31.1033
29093,28255,2016-02-05 20:16:40.000000 UTC,10570,26.9231,28.6374
29093,28255,2016-02-01 03:46:40.000000 UTC,25570,26.9235,26.9431
39261,29093,2016-02-13 09:46:40.000000 UTC,46930,26.9239,30.6162
16111,28255,2016-02-06 21:16:40.000000 UTC,14170,26.9246,28.6144
29093,16111,2016-02-02 01:05:00.000000 UTC,42190,26.9264,26.9756
39261,29093,2016-02-12 11:46:40.000000 UTC,52090,26.9269,30.6627
16111,39261,2016-02-06 18:05:00.000000 UTC,25630,26.927,27.2591
16111,39261,2016-02-07 08:10:00.000000 UTC,41470,26.9274,28.2426
39261,16111,2016-02-12 20:45:00.000000 UTC,43690,26.9284,27.0337
16111,39261,2016-02-09 14:31:40.000000 UTC,29590,26.9286,27.3616
28255,29093,2016-02-19 06:46:40.000000 UTC,44650,26.9294,30.2365
29093,28255,2016-02-05 00:50:00.000000 UTC,24730,26.9302,27.3222
16111,29093,2016-02-06 21:45:00.000000 UTC,39310,26.9307,26.9309
16111,29093,2016-02-07 08:10:00.000000 UTC,24850,26.9309,27.3083
16111,39261,2016-02-11 21:31:40.000000 UTC,46270,26.9311,30.3482
29093,39261,2016-02-01 00:05:00.000000 UTC,43990,26.9312,26.8865
29093,28255,2016-02-06 06:40:00.000000 UTC,37150,26.9312,26.9414
16111,29093,2016-02-11 16:20:00.000000 UTC,52810,26.9312,29.7321
29093,39261,2016-02-04 15:46:40.000000 UTC,44470,26.9317,26.9167
29093,39261,2016-02-06 12:01:40.000000 UTC,250,26.9325,27.2943
28255,39261,2016-02-21 01:31:40.000000 UTC,7270,26.9327,28.0134
28255,39261,2016-02-19 23:16:40.000000 UTC,57670,26.9329,26.9625
39261,29093,2016-02-12 14:46:40.000000 UTC,25210,26.9331,27.2264
16111,39261,2016-02-06 17:31:40.000000 UTC,43750,26.9342,27.0077
29093,28255,2016-02-01 05:50:00.000000 UTC,3910,26.9356,26.4842
39261,16111,2016-02-14 10:31:40.000000 UTC,53530,26.9367,28.9767
29093,28255,2016-02-02 18:46:40.000000 UTC,43390,26.9369,26.9937
29093,28255,2016-02-05 03:10:00.000000 UTC,22690,26.9369,29.6599
39261,16111,2016-02-12 13:10:00.000000 UTC,58510,26.9369,31.3238
39261,28255,2016-02-13 18:20:00.000000 UTC,54370,26.9369,26.9814
28255,16111,2016-02-19 08:00:00.000000 UTC,54790,26.9369,26.9839
28255,39261,2016-02-19 15:55:00.000000 UTC,47530,26.9375,26.9522
28255,29093,2016-02-18 04:46:40.000000 UTC,59710,26.9378,26.7946
39261,29093,2016-02-14 17:15:00.000000 UTC,59050,26.9381,24.7802
29093,16111,2016-02-06 01:25:00.000000 UTC,36670,26.9388,30.1099
16111,39261,2016-02-07 06:25:00.000000 UTC,25510,26.939,26.3498
29093,16111,2016-02-01 01:50:00.000000 UTC,53830,26.9394,26.8669
16111,28255,2016-02-10 18:20:00.000000 UTC,37090,26.9398,30.1787
16111,29093,2016-02-06 20:25:00.000000 UTC,22150,26.9401,27.3927
28255,29093,2016-02-21 05:30:00.000000 UTC,46870,26.9401,30.6786
16111,39261,2016-02-07 19:46:40.000000 UTC,32770,26.9405,27.7923
16111,29093,2016-02-08 23:45:00.000000 UTC,54730,26.9432,30.2871
39261,16111,2016-02-13 08:40:00.000000 UTC,7330,26.9444,27.6787
16111,29093,2016-02-11 18:55:00.000000 UTC,42370,26.9449,26.922
29093,28255,2016-02-01 02:55:00.000000 UTC,49990,26.9457,29.6035
28255,29093,2016-02-22 12:25:00.000000 UTC,51490,26.9458,30.1262
39261,29093,2016-02-12 14:20:00.000000 UTC,42430,26.9476,26.9116
16111,28255,2016-02-10 13:45:00.000000 UTC,23590,26.949,29.2313
16111,29093,2016-02-08 02:10:00.000000 UTC,36370,26.9492,26.9705
28255,39261,2016-02-18 04:35:00.000000 UTC,55810,26.9492,27.0089
29093,16111,2016-02-01 13:46:40.000000 UTC,40570,26.9493,26.9624
16111,39261,2016-02-11 01:25:00.000000 UTC,16030,26.9497,29.3231
39261,16111,2016-02-17 23:01:40.000000 UTC,48370,26.9497,28.0113
39261,29093,2016-02-14 15:31:40.000000 UTC,24430,26.9501,28.4994
39261,28255,2016-02-12 23:55:00.000000 UTC,40630,26.9502,29.6354
16111,28255,2016-02-08 03:31:40.000000 UTC,30190,26.9505,27.736
16111,28255,2016-02-12 05:31:40.000000 UTC,23230,26.9509,29.1456
29093,16111,2016-02-06 17:30:00.000000 UTC,28990,26.9514,29.2582
39261,16111,2016-02-13 17:01:40.000000 UTC,41950,26.9515,26.8477
28255,16111,2016-02-22 17:16:40.000000 UTC,36430,26.9517,27.0529
29093,39261,2016-02-01 02:31:40.000000 UTC,40810,26.9521,26.9438
29093,28255,2016-02-03 01:10:00.000000 UTC,41530,26.9528,28.8259
16111,28255,2016-02-07 17:25:00.000000 UTC,58030,26.9529,26.9887
16111,39261,2016-02-11 21:31:40.000000 UTC,42730,26.9536,26.9964
39261,16111,2016-02-17 07:16:40.000000 UTC,46450,26.9536,29.2531
28255,39261,2016-02-18 09:46:40.000000 UTC,56050,26.9539,26.9823
16111,28255,2016-02-06 21:16:40.000000 UTC,50050,26.9541,29.3787
39261,28255,2016-02-13 09:46:40.000000 UTC,54730,26.9557,26.9756
28255,39261,2016-02-23 03:20:00.000000 UTC,45130,26.9558,27.0667
39261,29093,2016-02-15 16:05:00.000000 UTC,3490,26.9562,27.0423
29093,39261,2016-02-06 06:40:00.000000 UTC,6430,26.9566,27.2406
39261,28255,2016-02-14 05:46:40.000000 UTC,53830,26.9566,27.1418
28255,16111,2016-02-20 07:20:00.000000 UTC,1090,26.9567,27.2631
16111,39261,2016-02-08 22:01:40.000000 UTC,16030,26.9593,28.0108
16111,39261,2016-02-06 18:16:40.000000 UTC,56170,26.9598,26.9566
16111,29093,2016-02-07 10:01:40.000000 UTC,8110,26.9599,28
29093,28255,2016-02-01 05:16:40.000000 UTC,23350,26.9602,27.3339
39261,29093,2016-02-12 12:31:40.000000 UTC,46210,26.9603,30.4599
39261,28255,2016-02-12 13:10:00.000000 UTC,3430,26.9614,26.958
39261,16111,2016-02-16 16:31:40.000000 UTC,8710,26.9622,28.0214
28255,29093,2016-02-19 15:55:00.000000 UTC,2050,26.9628,26.1745
39261,16111,2016-02-12 16:16:40.000000 UTC,42850,26.9633,26.9071
39261,16111,2016-02-12 22:16:40.000000 UTC,3310,26.965,26.6398
16111,29093,2016-02-07 10:01:40.000000 UTC,39610,26.9652,27.0616
16111,39261,2016-02-10 18:20:00.000000 UTC,53170,26.9654,27.0835
28255,39261,2016-02-22 10:01:40.000000 UTC,38650,26.9657,27.7915
16111,39261,2016-02-08 10:45:00.000000 UTC,53650,26.9659,31.1132
39261,16111,2016-02-15 02:16:40.000000 UTC,27370,26.9665,27.3205
28255,16111,2016-02-19 13:10:00.000000 UTC,22510,26.9671,28.2021
29093,39261,2016-02-01 05:16:40.000000 UTC,12250,26.9673,29.9242
29093,16111,2016-02-01 18:30:00.000000 UTC,38230,26.9675,30.615
28255,39261,2016-02-20 21:40:00.000000 UTC,48790,26.9686,26.9592
39261,29093,2016-02-14 20:46:40.000000 UTC,46330,26.9687,26.8992
39261,29093,2016-02-12 18:01:40.000000 UTC,43630,26.9696,27.0636
16111,28255,2016-02-10 20:40:00.000000 UTC,43210,26.9704,29.6807
28255,16111,2016-02-20 12:30:00.000000 UTC,28210,26.9709,27.2755
39261,29093,2016-02-12 12:31:40.000000 UTC,19750,26.9712,28.6221
28255,16111,2016-02-18 05:05:00.000000 UTC,12970,26.9713,28.4246
39261,28255,2016-02-17 09:50:00.000000 UTC,18070,26.9715,29.295
28255,16111,2016-02-21 15:55:00.000000 UTC,44290,26.9717,27.3805
28255,39261,2016-02-20 21:40:00.000000 UTC,50110,26.9719,30.1121
39261,28255,2016-02-12 23:05:00.000000 UTC,18910,26.9722,28.0367
28255,29093,2016-02-22 03:01:40.000000 UTC,53830,26.9733,30.8804
28255,39261,2016-02-18 07:25:00.000000 UTC,16870,26.9735,29.0888
28255,39261,2016-02-21 22:30:00.000000 UTC,32230,26.9735,27.8778
29093,39261,2016-02-01 02:55:00.000000 UTC,50770,26.9738,27.0137
29093,39261,2016-02-01 03:46:40.000000 UTC,41770,26.9739,28.9762
39261,29093,2016-02-17 20:20:00.000000 UTC,46090,26.9742,26.9045
39261,16111,2016-02-13 07:35:00.000000 UTC,58630,26.9745,30.2084
16111,28255,2016-02-08 03:31:40.000000 UTC,15550,26.9748,28.9686
16111,28255,2016-02-06 20:50:00.000000 UTC,7750,26.9752,27.4876
39261,28255,2016-02-12 22:16:40.000000 UTC,55210,26.9759,27.0297
28255,29093,2016-02-18 15:46:40.000000 UTC,50050,26.976,26.9763
29093,28255,2016-02-04 22:31:40.000000 UTC,42190,26.9763,27.555
29093,28255,2016-02-03 15:16:40.000000 UTC,35410,26.9771,27.9829
39261,28255,2016-02-13 09:46:40.000000 UTC,35890,26.9778,29.0834
39261,28255,2016-02-16 18:55:00.000000 UTC,45310,26.978,26.9207
28255,16111,2016-02-23 16:31:40.000000 UTC,50050,26.9795,27.0362
29093,28255,2016-02-03 15:16:40.000000 UTC,8770,26.9804,28.8036
28255,29093,2016-02-21 03:30:00.000000 UTC,12310,26.9804,27.6197
39261,16111,2016-02-12 11:25:00.000000 UTC,15670,26.9813,28.3118
39261,28255,2016-02-15 18:10:00.000000 UTC,7210,26.9814,27.2944
39261,16111,2016-02-12 11:35:00.000000 UTC,8770,26.982,27.9447
39261,28255,2016-02-15 00:25:00.000000 UTC,31690,26.9823,27.0674
29093,39261,2016-02-01 00:10:00.000000 UTC,46210,26.9826,27.0146
28255,39261,2016-02-22 12:25:00.000000 UTC,45490,26.9827,29.618
28255,16111,2016-02-21 09:35:00.000000 UTC,12670,26.9828,28.5252
16111,39261,2016-02-10 20:40:00.000000 UTC,23410,26.9835,27.3007
16111,39261,2016-02-06 23:55:00.000000 UTC,39490,26.9838,26.98
29093,39261,2016-02-01 00:00:00.000000 UTC,49930,26.9848,27.2975
29093,16111,2016-02-01 15:35:00.000000 UTC,40030,26.9849,28.6564
29093,28255,2016-02-01 05:16:40.000000 UTC,25990,26.985,27.3588
39261,28255,2016-02-12 13:55:00.000000 UTC,23230,26.9852,29.6208
28255,39261,2016-02-23 11:10:00.000000 UTC,15550,26.9856,27.5754
16111,39261,2016-02-10 02:46:40.000000 UTC,34090,26.9859,29.8586
28255,29093,2016-02-19 18:46:40.000000 UTC,44650,26.9859,26.9606
29093,39261,2016-02-01 02:10:00.000000 UTC,44530,26.9868,26.986
28255,29093,2016-02-18 15:46:40.000000 UTC,32770,26.9872,27.8026
16111,39261,2016-02-08 03:31:40.000000 UTC,1030,26.9877,26.8299
28255,39261,2016-02-21 13:46:40.000000 UTC,7750,26.9883,27.9351
16111,29093,2016-02-06 20:25:00.000000 UTC,25270,26.9884,29.6524
16111,29093,2016-02-06 20:01:40.000000 UTC,35650,26.9888,27.0811
28255,39261,2016-02-18 07:25:00.000000 UTC,17050,26.9889,29.4436
28255,39261,2016-02-21 22:30:00.000000 UTC,43870,26.9903,26.9813
39261,28255,2016-02-15 22:25:00.000000 UTC,33970,26.9918,27.4768
29093,28255,2016-02-03 13:25:00.000000 UTC,23350,26.9929,26.9245
39261,28255,2016-02-16 00:35:00.000000 UTC,15910,26.9941,27.7469
39261,28255,2016-02-15 16:05:00.000000 UTC,42790,26.9943,26.9172
39261,16111,2016-02-12 20:45:00.000000 UTC,46930,26.9944,28.189
39261,29093,2016-02-15 18:10:00.000000 UTC,33070,26.9946,29.6525
16111,39261,2016-02-06 22:46:40.000000 UTC,29830,26.9953,28.0628
29093,16111,2016-02-03 13:25:00.000000 UTC,48370,26.9954,31.2873
29093,39261,2016-02-04 03:01:40.000000 UTC,35530,26.9954,27.6758
39261,16111,2016-02-13 09:46:40.000000 UTC,41350,26.9955,29.9659
16111,29093,2016-02-06 19:01:40.000000 UTC,55510,26.9956,29.3423
29093,16111,2016-02-01 01:31:40.000000 UTC,40390,26.9957,28.6645
16111,29093,2016-02-08 12:16:40.000000 UTC,26110,26.9958,29.1594
28255,16111,2016-02-19 11:50:00.000000 UTC,25690,26.9961,27.2646
28255,39261,2016-02-18 15:46:40.000000 UTC,46570,26.9963,27.1019
29093,16111,2016-02-04 03:01:40.000000 UTC,8050,26.9976,28.9596
16111,29093,2016-02-07 08:10:00.000000 UTC,14050,26.9977,28.9872
16111,28255,2016-02-10 04:55:00.000000 UTC,44410,26.9983,26.9869
29093,28255,2016-02-06 04:01:40.000000 UTC,50650,26.9988,26.9522
39261,29093,2016-02-15 12:00:00.000000 UTC,46030,26.9994,30.3675
16111,28255,2016-02-07 00:31:40.000000 UTC,55990,27.0001,27.1903
29093,28255,2016-02-01 00:46:40.000000 UTC,54490,27.0002,27.0091
28255,29093,2016-02-18 08:16:40.000000 UTC,28750,27.0014,27.4406
29093,16111,2016-02-05 07:55:00.000000 UTC,1150,27.0023,27.6721
16111,39261,2016-02-12 05:31:40.000000 UTC,45010,27.0025,26.9852
29093,39261,2016-02-01 01:00:00.000000 UTC,58390,27.0028,27.0056
28255,39261,2016-02-19 15:55:00.000000 UTC,41830,27.003,27.7981
28255,16111,2016-02-18 17:25:00.000000 UTC,37690,27.0034,27.0616
28255,39261,2016-02-21 15:55:00.000000 UTC,49570,27.0034,26.9787
16111,28255,2016-02-06 18:45:00.000000 UTC,44230,27.0043,30.5101
39261,28255,2016-02-15 02:16:40.000000 UTC,55210,27.0052,27.015
39261,16111,2016-02-14 20:46:40.000000 UTC,45790,27.0058,27.0138
16111,28255,2016-02-11 13:46:40.000000 UTC,35470,27.0059,29.6182
39261,16111,2016-02-12 13:55:00.000000 UTC,46390,27.006,29.7611
16111,39261,2016-02-07 07:16:40.000000 UTC,32470,27.0069,28.6452
16111,29093,2016-02-08 18:40:00.000000 UTC,9070,27.0079,28.558
39261,28255,2016-02-15 08:01:40.000000 UTC,50350,27.0079,30.092
28255,39261,2016-02-20 21:40:00.000000 UTC,58090,27.0083,28.5949
16111,28255,2016-02-11 16:20:00.000000 UTC,58930,27.0089,27.805
39261,16111,2016-02-15 04:10:00.000000 UTC,43870,27.0092,26.9736
39261,29093,2016-02-13 10:55:00.000000 UTC,57190,27.0093,29.5762
39261,28255,2016-02-12 21:30:00.000000 UTC,33910,27.0096,27.2839
16111,29093,2016-02-11 06:16:40.000000 UTC,52390,27.0099,29.9094
29093,39261,2016-02-01 00:10:00.000000 UTC,47830,27.0102,30.8434
29093,28255,2016-02-01 09:45:00.000000 UTC,2530,27.0107,26.8177
16111,28255,2016-02-06 20:25:00.000000 UTC,14230,27.0108,29.1357
28255,39261,2016-02-19 00:01:40.000000 UTC,42370,27.0108,30.1797
16111,28255,2016-02-08 23:45:00.000000 UTC,43450,27.0109,26.9672
39261,29093,2016-02-17 04:45:00.000000 UTC,1750,27.0119,28.3499
16111,39261,2016-02-11 16:20:00.000000 UTC,43510,27.0125,27.1638
16111,39261,2016-02-07 13:01:40.000000 UTC,43270,27.0133,27.0238
29093,28255,2016-02-01 17:30:00.000000 UTC,50050,27.0136,26.9505
39261,29093,2016-02-15 02:16:40.000000 UTC,27910,27.0137,27.2631
28255,29093,2016-02-19 04:25:00.000000 UTC,44710,27.0145,29.4654
16111,29093,2016-02-11 01:25:00.000000 UTC,18970,27.0146,27.9806
16111,29093,2016-02-06 23:20:00.000000 UTC,43390,27.0148,31.092
39261,29093,2016-02-14 13:50:00.000000 UTC,24850,27.0159,28.4455
29093,16111,2016-02-01 05:16:40.000000 UTC,18250,27.016,27.2762
39261,28255,2016-02-15 08:01:40.000000 UTC,52750,27.016,27.0675
16111,28255,2016-02-06 23:55:00.000000 UTC,43990,27.0162,26.9819
39261,28255,2016-02-12 11:46:40.000000 UTC,3490,27.0173,27.1155
28255,29093,2016-02-20 10:45:00.000000 UTC,44710,27.0178,30.3059
29093,39261,2016-02-06 06:40:00.000000 UTC,58330,27.018,27.0782
16111,29093,2016-02-08 13:50:00.000000 UTC,28810,27.018,27.7257
16111,39261,2016-02-10 11:30:00.000000 UTC,11770,27.018,29.0224
28255,39261,2016-02-23 16:31:40.000000 UTC,34690,27.019,29.3722
28255,16111,2016-02-19 11:50:00.000000 UTC,50230,27.0207,27.0494
39261,28255,2016-02-12 13:55:00.000000 UTC,46990,27.0214,29.7929
29093,28255,2016-02-02 15:45:00.000000 UTC,57850,27.0218,30.197
28255,29093,2016-02-21 05:30:00.000000 UTC,12070,27.0219,28.0998
16111,28255,2016-02-07 01:10:00.000000 UTC,2350,27.0223,26.6549
16111,28255,2016-02-11 01:25:00.000000 UTC,44230,27.0226,29.464
29093,39261,2016-02-01 10:30:00.000000 UTC,7210,27.023,28.2121
16111,28255,2016-02-06 17:40:00.000000 UTC,34270,27.0232,27.0478
28255,29093,2016-02-18 06:20:00.000000 UTC,54970,27.0235,30.1247
39261,28255,2016-02-13 00:46:40.000000 UTC,22870,27.024,29.6181
29093,28255,2016-02-05 03:10:00.000000 UTC,40450,27.0246,29.5362
39261,29093,2016-02-17 15:01:40.000000 UTC,43810,27.0247,27.0351
39261,29093,2016-02-14 15:31:40.000000 UTC,41410,27.0248,28.453
28255,16111,2016-02-18 06:40:00.000000 UTC,51130,27.0248,27.0223
39261,28255,2016-02-13 22:25:00.000000 UTC,32830,27.0252,27.1948
16111,29093,2016-02-10 00:40:00.000000 UTC,55690,27.0271,30.9597
16111,29093,2016-02-07 01:10:00.000000 UTC,41350,27.0279,27.1139
16111,29093,2016-02-07 21:00:00.000000 UTC,51250,27.0279,27.0268
28255,29093,2016-02-20 19:46:40.000000 UTC,50950,27.0281,27.0723
16111,39261,2016-02-10 20:40:00.000000 UTC,57670,27.0284,31.1657
28255,16111,2016-02-18 19:10:00.000000 UTC,45850,27.0287,28.7899
29093,39261,2016-02-02 23:31:40.000000 UTC,47290,27.029,29.9292
39261,29093,2016-02-15 14:01:40.000000 UTC,25030,27.0297,27.5578
29093,28255,2016-02-01 13:46:40.000000 UTC,3010,27.0298,26.6663
29093,39261,2016-02-01 00:46:40.000000 UTC,40390,27.0307,27.1048
16111,39261,2016-02-07 11:00:00.000000 UTC,48490,27.0307,27.82
28255,16111,2016-02-18 12:50:00.000000 UTC,56170,27.0308,29.6595
28255,29093,2016-02-22 22:15:00.000000 UTC,23770,27.0309,27.1263
28255,29093,2016-02-19 06:46:40.000000 UTC,44710,27.0311,30.3246
39261,29093,2016-02-12 13:10:00.000000 UTC,48310,27.0314,27.069
29093,39261,2016-02-06 04:01:40.000000 UTC,51610,27.0317,27.0344
39261,28255,2016-02-13 17:01:40.000000 UTC,1090,27.0317,27.2269
16111,29093,2016-02-08 09:15:00.000000 UTC,44230,27.0336,31.1596
28255,39261,2016-02-19 14:31:40.000000 UTC,51250,27.0338,26.9359
39261,16111,2016-02-17 17:40:00.000000 UTC,59170,27.0341,31.1647
39261,28255,2016-02-16 14:10:00.000000 UTC,27370,27.0344,27.3865
16111,29093,2016-02-10 16:01:40.000000 UTC,50410,27.0346,30.778
29093,28255,2016-02-03 21:01:40.000000 UTC,39190,27.0348,26.9494
39261,16111,2016-02-12 12:15:00.000000 UTC,1090,27.0352,27.2061
39261,28255,2016-02-12 14:46:40.000000 UTC,34270,27.0364,27.5309
39261,29093,2016-02-12 19:20:00.000000 UTC,48910,27.0379,27.0489
16111,39261,2016-02-08 23:45:00.000000 UTC,40930,27.0385,27.2795
16111,39261,2016-02-06 17:35:00.000000 UTC,41470,27.0421,30.4847
16111,28255,2016-02-10 11:30:00.000000 UTC,10810,27.0421,28.8659
29093,28255,2016-02-02 06:01:40.000000 UTC,46630,27.0425,27.1938
39261,28255,2016-02-13 00:46:40.000000 UTC,22630,27.0429,29.2473
28255,39261,2016-02-18 06:40:00.000000 UTC,55870,27.043,27.1816
16111,29093,2016-02-08 23:45:00.000000 UTC,36970,27.0431,27.1447
29093,28255,2016-02-02 23:31:40.000000 UTC,48250,27.0451,30.7213
29093,39261,2016-02-02 14:16:40.000000 UTC,35170,27.0454,28.2755
16111,29093,2016-02-09 14:31:40.000000 UTC,40990,27.0454,27.0599
29093,39261,2016-02-02 18:46:40.000000 UTC,51010,27.0459,27.0615
29093,39261,2016-02-02 23:31:40.000000 UTC,23290,27.0463,29.8597
29093,28255,2016-02-05 05:31:40.000000 UTC,46030,27.0467,27.1021
16111,28255,2016-02-07 12:00:00.000000 UTC,14290,27.0469,28.5827
29093,16111,2016-02-01 03:20:00.000000 UTC,42730,27.0474,26.9808
28255,29093,2016-02-18 06:01:40.000000 UTC,46330,27.0489,27.0166
28255,29093,2016-02-18 04:31:40.000000 UTC,9430,27.0492,27.6004
16111,28255,2016-02-12 00:10:00.000000 UTC,52630,27.0495,27.1021
39261,16111,2016-02-13 19:40:00.000000 UTC,46810,27.0509,27.025
39261,29093,2016-02-15 04:10:00.000000 UTC,50170,27.0509,27.191
16111,28255,2016-02-11 03:50:00.000000 UTC,47230,27.0511,28.6606
16111,29093,2016-02-10 13:45:00.000000 UTC,55810,27.0523,30.4277
29093,39261,2016-02-06 06:40:00.000000 UTC,39730,27.0533,28.1873
16111,39261,2016-02-09 10:40:00.000000 UTC,40390,27.0534,27.0829
39261,28255,2016-02-14 10:31:40.000000 UTC,20470,27.0534,27.3885
39261,28255,2016-02-14 19:00:00.000000 UTC,47290,27.0535,27.0534
16111,39261,2016-02-10 02:46:40.000000 UTC,27010,27.0536,27.2145
29093,28255,2016-02-01 07:40:00.000000 UTC,47890,27.0546,27.1463
29093,16111,2016-02-01 02:55:00.000000 UTC,18250,27.056,27.4329
16111,39261,2016-02-07 23:31:40.000000 UTC,42430,27.057,27.0634
29093,16111,2016-02-06 12:01:40.000000 UTC,14830,27.0572,28.026
28255,39261,2016-02-23 11:10:00.000000 UTC,40630,27.0588,29.7755
29093,28255,2016-02-02 14:16:40.000000 UTC,53950,27.0598,28.5737
29093,39261,2016-02-01 21:40:00.000000 UTC,40570,27.0601,29.299
28255,16111,2016-02-18 09:46:40.000000 UTC,25930,27.0606,27.2269
29093,39261,2016-02-02 21:55:00.000000 UTC,28990,27.0607,29.923
28255,16111,2016-02-23 16:31:40.000000 UTC,17650,27.0607,30.0181
29093,16111,2016-02-04 22:31:40.000000 UTC,13390,27.0611,29.6142
39261,28255,2016-02-12 11:25:00.000000 UTC,23050,27.0624,29.0031
16111,28255,2016-02-07 17:25:00.000000 UTC,19150,27.0646,29.0064
16111,28255,2016-02-07 01:10:00.000000 UTC,56650,27.0648,28.6741
29093,39261,2016-02-01 20:35:00.000000 UTC,24910,27.0649,27.1501
16111,39261,2016-02-07 23:31:40.000000 UTC,15490,27.0653,28.4558
39261,28255,2016-02-13 12:05:00.000000 UTC,40150,27.0655,29.6295
28255,16111,2016-02-18 04:46:40.000000 UTC,42490,27.0659,30.378
39261,28255,2016-02-14 15:31:40.000000 UTC,47410,27.066,27.1533
29093,28255,2016-02-01 07:40:00.000000 UTC,15190,27.0666,29.1139
28255,39261,2016-02-22 12:25:00.000000 UTC,54190,27.067,27.0885
29093,28255,2016-02-06 14:45:00.000000 UTC,50830,27.0673,27.2212
28255,39261,2016-02-20 07:20:00.000000 UTC,33250,27.0678,28.3031
28255,29093,2016-02-21 22:30:00.000000 UTC,8650,27.0678,28.2351
16111,39261,2016-02-11 01:25:00.000000 UTC,2710,27.0682,26.961
39261,29093,2016-02-13 02:35:00.000000 UTC,52810,27.0688,27.2216
39261,28255,2016-02-14 13:50:00.000000 UTC,2050,27.0689,26.1576
29093,16111,2016-02-01 07:01:40.000000 UTC,19090,27.0694,21.6666
29093,39261,2016-02-01 02:55:00.000000 UTC,36010,27.0702,29.588
28255,39261,2016-02-23 19:15:00.000000 UTC,54910,27.0704,28.8363
29093,39261,2016-02-06 06:40:00.000000 UTC,54850,27.0707,28.4587
29093,28255,2016-02-02 11:25:00.000000 UTC,55870,27.0713,27.1391
39261,29093,2016-02-12 18:01:40.000000 UTC,41590,27.0713,26.6017
29093,39261,2016-02-05 22:50:00.000000 UTC,58930,27.0717,28.6792
39261,16111,2016-02-16 11:50:00.000000 UTC,49330,27.0734,29.0795
29093,39261,2016-02-02 15:45:00.000000 UTC,57550,27.0738,30.5045
39261,28255,2016-02-16 16:31:40.000000 UTC,36550,27.0746,28.8243
29093,39261,2016-02-03 23:00:00.000000 UTC,46210,27.0747,27.0758
29093,39261,2016-02-05 22:50:00.000000 UTC,37750,27.0749,28.0615
29093,28255,2016-02-06 14:45:00.000000 UTC,38830,27.0749,27.1239
16111,29093,2016-02-06 21:45:00.000000 UTC,41290,27.0754,27.1706
39261,28255,2016-02-13 02:35:00.000000 UTC,10150,27.0755,28.4607
28255,16111,2016-02-20 05:40:00.000000 UTC,51850,27.0757,27.1903
39261,28255,2016-02-14 12:10:00.000000 UTC,47590,27.0766,27.0333
39261,28255,2016-02-13 14:30:00.000000 UTC,2830,27.0768,26.9673
28255,29093,2016-02-18 04:40:00.000000 UTC,55330,27.077,30.1897
16111,28255,2016-02-09 06:55:00.000000 UTC,51070,27.0782,27.1266
39261,28255,2016-02-17 23:01:40.000000 UTC,59170,27.0784,29.5621
39261,29093,2016-02-12 11:25:00.000000 UTC,25990,27.0787,27.3319
29093,39261,2016-02-01 09:01:40.000000 UTC,52330,27.0791,27.0945
29093,39261,2016-02-02 21:55:00.000000 UTC,22930,27.0792,29.9295
28255,39261,2016-02-19 13:10:00.000000 UTC,47470,27.0801,27.0915
29093,16111,2016-02-06 17:30:00.000000 UTC,17050,27.0806,26.7271
39261,16111,2016-02-16 05:00:00.000000 UTC,34930,27.0812,29.8876
28255,39261,2016-02-18 05:30:00.000000 UTC,10210,27.0815,27.9187
39261,28255,2016-02-12 23:05:00.000000 UTC,18850,27.0817,28.2223
28255,29093,2016-02-21 07:31:40.000000 UTC,56770,27.0822,28.9713
39261,28255,2016-02-14 01:16:40.000000 UTC,50350,27.0824,27.0517
39261,28255,2016-02-13 15:45:00.000000 UTC,58210,27.0828,30.6029
29093,16111,2016-02-01 14:40:00.000000 UTC,49270,27.0831,30.8113
39261,16111,2016-02-12 20:45:00.000000 UTC,32830,27.0835,27.7803
29093,28255,2016-02-02 04:45:00.000000 UTC,46390,27.0837,27.1172
39261,29093,2016-02-13 23:50:00.000000 UTC,55870,27.0842,30.3016
28255,29093,2016-02-19 23:16:40.000000 UTC,6730,27.0842,27.8267
28255,39261,2016-02-18 05:05:00.000000 UTC,55810,27.0848,27.1742
29093,39261,2016-02-04 09:16:40.000000 UTC,46630,27.0851,27.07
39261,29093,2016-02-12 17:25:00.000000 UTC,38410,27.0852,27.7895
29093,28255,2016-02-02 04:45:00.000000 UTC,54430,27.0875,27.0717
29093,28255,2016-02-03 17:10:00.000000 UTC,8710,27.0887,27.3805
39261,28255,2016-02-12 18:01:40.000000 UTC,46990,27.0888,29.9751
28255,29093,2016-02-19 21:45:00.000000 UTC,42910,27.0894,29.9157
28255,39261,2016-02-18 10:20:00.000000 UTC,3310,27.0895,26.963
28255,29093,2016-02-19 13:10:00.000000 UTC,20710,27.0897,29.6977
39261,29093,2016-02-14 01:16:40.000000 UTC,45310,27.091,27.1668
29093,28255,2016-02-02 21:55:00.000000 UTC,19750,27.0911,28.1307
29093,16111,2016-02-01 15:35:00.000000 UTC,34810,27.0922,27.2092
28255,39261,2016-02-18 07:25:00.000000 UTC,34450,27.0922,27.6441
28255,39261,2016-02-20 00:50:00.000000 UTC,18550,27.0925,28.7325
16111,39261,2016-02-06 17:30:00.000000 UTC,55090,27.0927,29.3674
39261,29093,2016-02-15 22:25:00.000000 UTC,37930,27.0936,30.1602
39261,28255,2016-02-17 07:16:40.000000 UTC,43990,27.0943,29.0364
39261,29093,2016-02-12 14:46:40.000000 UTC,56650,27.0949,30.2055
29093,39261,2016-02-05 17:45:00.000000 UTC,58750,27.095,30.9466
28255,29093,2016-02-23 22:00:00.000000 UTC,30610,27.0957,25.9678
28255,29093,2016-02-23 19:15:00.000000 UTC,19090,27.096,28.8749
28255,29093,2016-02-21 22:30:00.000000 UTC,31270,27.0962,28.3157
28255,39261,2016-02-18 19:10:00.000000 UTC,56410,27.0965,27.1256
39261,16111,2016-02-13 21:01:40.000000 UTC,43750,27.0977,29.4906
28255,39261,2016-02-18 04:46:40.000000 UTC,46090,27.0978,27.1107
28255,39261,2016-02-22 10:01:40.000000 UTC,8650,27.0979,28.1733
28255,29093,2016-02-20 14:16:40.000000 UTC,49510,27.0984,30.1567
39261,28255,2016-02-14 13:50:00.000000 UTC,59050,27.0988,28.4636
16111,28255,2016-02-08 13:50:00.000000 UTC,38830,27.0991,27.2255
39261,16111,2016-02-12 14:46:40.000000 UTC,46030,27.0992,29.3441
29093,16111,2016-02-01 03:46:40.000000 UTC,55150,27.0996,30.9644
16111,39261,2016-02-07 08:10:00.000000 UTC,39070,27.0999,29.6078
28255,39261,2016-02-18 15:00:00.000000 UTC,49750,27.1004,28.3415
16111,28255,2016-02-06 17:35:00.000000 UTC,39250,27.1006,29.7427
28255,29093,2016-02-18 18:16:40.000000 UTC,6910,27.1006,27.8208
29093,16111,2016-02-06 04:01:40.000000 UTC,39670,27.1022,27.0609
39261,28255,2016-02-12 14:46:40.000000 UTC,55510,27.1028,27.1046
29093,28255,2016-02-04 03:01:40.000000 UTC,34750,27.1031,27.5789
29093,28255,2016-02-01 03:46:40.000000 UTC,49210,27.1032,27.0635
28255,16111,2016-02-21 15:55:00.000000 UTC,40630,27.1033,30.4106
39261,28255,2016-02-15 10:00:00.000000 UTC,46690,27.1044,26.9327
29093,39261,2016-02-02 12:50:00.000000 UTC,130,27.1051,27.0562
16111,28255,2016-02-06 21:16:40.000000 UTC,55750,27.1055,28.8305
28255,29093,2016-02-22 12:25:00.000000 UTC,23290,27.1055,29.6361
28255,29093,2016-02-18 06:40:00.000000 UTC,48730,27.1056,28.6713
29093,16111,2016-02-01 18:30:00.000000 UTC,57310,27.1059,27.1248
39261,28255,2016-02-12 23:05:00.000000 UTC,55150,27.1072,27.1343
28255,16111,2016-02-19 04:25:00.000000 UTC,33010,27.1076,27.1418
28255,39261,2016-02-18 14:15:00.000000 UTC,31990,27.1077,26.7027
39261,16111,2016-02-12 15:15:00.000000 UTC,43030,27.1082,27.1762
29093,39261,2016-02-03 15:16:40.000000 UTC,56230,27.1087,27.0926
39261,29093,2016-02-14 05:46:40.000000 UTC,6910,27.1091,26.4893
29093,28255,2016-02-01 01:00:00.000000 UTC,46510,27.1094,27.0784
39261,28255,2016-02-13 05:30:00.000000 UTC,54910,27.1102,27.058
28255,39261,2016-02-18 18:16:40.000000 UTC,59050,27.1104,28.3543
29093,39261,2016-02-02 15:45:00.000000 UTC,50230,27.1117,27.0161
28255,39261,2016-02-23 11:10:00.000000 UTC,22330,27.1129,29.2877
39261,28255,2016-02-13 02:35:00.000000 UTC,16150,27.1132,28.3552
28255,16111,2016-02-18 05:30:00.000000 UTC,41410,27.1134,30.0919
16111,28255,2016-02-07 12:00:00.000000 UTC,35410,27.1135,28.1817
28255,39261,2016-02-18 06:40:00.000000 UTC,10510,27.1136,28.6334
29093,39261,2016-02-06 12:01:40.000000 UTC,26650,27.1147,29.3993
39261,28255,2016-02-12 18:01:40.000000 UTC,55210,27.1149,27.6222
39261,16111,2016-02-12 23:55:00.000000 UTC,44050,27.1151,30.2571
28255,29093,2016-02-23 19:15:00.000000 UTC,49990,27.1157,27.2459
29093,16111,2016-02-04 09:16:40.000000 UTC,38770,27.1158,27.1732
39261,29093,2016-02-17 15:01:40.000000 UTC,10330,27.1163,28.1794
16111,29093,2016-02-09 18:30:00.000000 UTC,43030,27.1172,27.1802
16111,29093,2016-02-06 18:05:00.000000 UTC,22090,27.1179,27.5268
39261,16111,2016-02-13 22:25:00.000000 UTC,59230,27.1182,27.0874
16111,39261,2016-02-09 05:05:00.000000 UTC,21670,27.1193,29.5217
16111,29093,2016-02-07 18:35:00.000000 UTC,52930,27.1201,27.0143
29093,28255,2016-02-02 11:25:00.000000 UTC,38170,27.121,27.2316
39261,16111,2016-02-14 08:55:00.000000 UTC,6250,27.1211,26.2991
16111,28255,2016-02-06 20:01:40.000000 UTC,37150,27.1212,26.9991
39261,16111,2016-02-16 00:35:00.000000 UTC,47530,27.1213,30.6869
39261,16111,2016-02-12 20:45:00.000000 UTC,2650,27.1214,25.7844
39261,16111,2016-02-12 20:01:40.000000 UTC,47410,27.1216,27.1483
16111,39261,2016-02-09 10:40:00.000000 UTC,55750,27.1217,28.6774
28255,39261,2016-02-21 13:46:40.000000 UTC,7630,27.122,27.5832
39261,28255,2016-02-12 16:50:00.000000 UTC,49390,27.1222,27.1563
16111,28255,2016-02-07 01:50:00.000000 UTC,2470,27.1229,26.8698
28255,39261,2016-02-21 11:40:00.000000 UTC,7510,27.1233,27.4395
28255,39261,2016-02-18 11:31:40.000000 UTC,23170,27.1235,29.1934
29093,28255,2016-02-02 02:16:40.000000 UTC,57850,27.1242,27.1284
28255,39261,2016-02-18 07:25:00.000000 UTC,31450,27.126,27.5672
29093,28255,2016-02-04 22:31:40.000000 UTC,50470,27.1261,27.205
28255,39261,2016-02-21 13:46:40.000000 UTC,7570,27.1267,27.396
16111,39261,2016-02-11 13:46:40.000000 UTC,25690,27.128,29.3733
39261,16111,2016-02-12 12:15:00.000000 UTC,41290,27.128,29.7248
39261,28255,2016-02-12 23:05:00.000000 UTC,55210,27.128,26.9374
39261,29093,2016-02-12 20:45:00.000000 UTC,43330,27.1287,28.2089
29093,39261,2016-02-05 12:46:40.000000 UTC,46870,27.1298,29.2829
39261,29093,2016-02-12 12:15:00.000000 UTC,50590,27.13,27.1111
29093,28255,2016-02-01 02:55:00.000000 UTC,46870,27.1303,27.1828
29093,28255,2016-02-01 08:20:00.000000 UTC,24010,27.1304,27.2715
16111,29093,2016-02-10 18:20:00.000000 UTC,56110,27.1309,30.8031
28255,16111,2016-02-19 23:16:40.000000 UTC,39670,27.1313,28.3139
28255,39261,2016-02-19 17:20:00.000000 UTC,33010,27.1329,27.2117
16111,39261,2016-02-11 11:15:00.000000 UTC,57970,27.1336,27.1568
29093,28255,2016-02-02 10:01:40.000000 UTC,57250,27.1345,31.0108
39261,16111,2016-02-12 12:00:00.000000 UTC,3070,27.1345,27.2324
29093,16111,2016-02-05 10:20:00.000000 UTC,46150,27.1347,28.6343
39261,28255,2016-02-15 04:10:00.000000 UTC,58510,27.1352,28.3092
28255,29093,2016-02-18 16:35:00.000000 UTC,29590,27.1357,27.2147
39261,28255,2016-02-16 18:55:00.000000 UTC,33190,27.1362,27.2238
39261,28255,2016-02-17 02:15:00.000000 UTC,24490,27.1365,29.3771
29093,39261,2016-02-05 07:55:00.000000 UTC,42610,27.1367,27.0912
16111,29093,2016-02-07 15:10:00.000000 UTC,45370,27.1372,27.1524
28255,39261,2016-02-23 05:55:00.000000 UTC,20230,27.1375,21.4809
29093,39261,2016-02-01 00:01:40.000000 UTC,41290,27.1378,29.834
29093,39261,2016-02-01 02:31:40.000000 UTC,58810,27.138,27.1281
39261,16111,2016-02-15 12:00:00.000000 UTC,49450,27.1389,27.2792
29093,39261,2016-02-02 20:20:00.000000 UTC,24970,27.1392,27.1578
39261,28255,2016-02-13 10:55:00.000000 UTC,54430,27.1392,27.7959
39261,28255,2016-02-13 04:30:00.000000 UTC,51310,27.1394,27.2215
16111,28255,2016-02-09 14:31:40.000000 UTC,53350,27.1403,28.6488
29093,16111,2016-02-05 00:50:00.000000 UTC,43990,27.1407,27.2476
28255,16111,2016-02-19 09:15:00.000000 UTC,56350,27.1408,27.0945
29093,28255,2016-02-06 17:30:00.000000 UTC,57370,27.141,27.3241
28255,29093,2016-02-18 08:45:00.000000 UTC,8890,27.1414,28.4805
16111,28255,2016-02-06 19:01:40.000000 UTC,57910,27.1418,29.2633
29093,16111,2016-02-02 17:15:00.000000 UTC,53770,27.142,30.0059
29093,39261,2016-02-01 02:55:00.000000 UTC,23890,27.1425,29.5873
29093,39261,2016-02-05 20:16:40.000000 UTC,49630,27.1426,26.9836
16111,28255,2016-02-09 22:35:00.000000 UTC,36970,27.1439,26.834
29093,16111,2016-02-02 21:55:00.000000 UTC,59650,27.144,31.0439
28255,39261,2016-02-18 04:31:40.000000 UTC,58030,27.144,27.0056
29093,28255,2016-02-05 07:55:00.000000 UTC,28990,27.1456,27.7702
29093,39261,2016-02-01 00:35:00.000000 UTC,25810,27.1457,27.3126
29093,16111,2016-02-04 15:46:40.000000 UTC,59890,27.1457,30.813
16111,28255,2016-02-09 18:30:00.000000 UTC,39670,27.1459,27.3041
39261,16111,2016-02-13 02:35:00.000000 UTC,31270,27.1467,27.5171
39261,28255,2016-02-16 09:31:40.000000 UTC,15490,27.1467,27.8175
28255,16111,2016-02-19 00:01:40.000000 UTC,50890,27.1468,27.1882
39261,16111,2016-02-16 23:46:40.000000 UTC,6490,27.1471,26.4553
16111,28255,2016-02-06 20:01:40.000000 UTC,54910,27.1477,27.125
29093,39261,2016-02-01 14:40:00.000000 UTC,57130,27.1482,30.4472
16111,28255,2016-02-06 22:15:00.000000 UTC,32710,27.1483,29.4445
29093,16111,2016-02-02 04:45:00.000000 UTC,45790,27.1492,27.181
29093,16111,2016-02-05 22:50:00.000000 UTC,43450,27.1492,27.1479
29093,28255,2016-02-04 03:01:40.000000 UTC,56170,27.1507,27.1827
29093,39261,2016-02-01 22:46:40.000000 UTC,25090,27.1508,28.4343
28255,39261,2016-02-22 10:01:40.000000 UTC,44710,27.1525,28.0487
29093,28255,2016-02-02 18:46:40.000000 UTC,57370,27.1533,27.0913
29093,28255,2016-02-05 22:50:00.000000 UTC,50350,27.154,29.1682
29093,28255,2016-02-01 02:31:40.000000 UTC,50230,27.1541,30.3413
16111,28255,2016-02-08 00:50:00.000000 UTC,14950,27.1541,29.0571
39261,16111,2016-02-15 04:10:00.000000 UTC,48730,27.1553,29.3413
29093,28255,2016-02-05 17:45:00.000000 UTC,7390,27.1554,28.2009
28255,16111,2016-02-18 17:25:00.000000 UTC,29650,27.1554,27.8624
28255,16111,2016-02-21 22:30:00.000000 UTC,40210,27.1559,28.5712
39261,28255,2016-02-12 11:16:40.000000 UTC,34390,27.1562,27.4804
28255,16111,2016-02-21 07:31:40.000000 UTC,7510,27.1562,28.4768
16111,28255,2016-02-06 23:55:00.000000 UTC,23470,27.1574,28.1693
29093,39261,2016-02-01 01:50:00.000000 UTC,56530,27.158,27.1619
39261,16111,2016-02-12 11:25:00.000000 UTC,51730,27.158,27.1279
39261,29093,2016-02-13 07:35:00.000000 UTC,7030,27.158,28.0741
16111,29093,2016-02-07 12:00:00.000000 UTC,14230,27.1589,29.299
28255,16111,2016-02-20 16:05:00.000000 UTC,24970,27.1592,27.2062
16111,39261,2016-02-10 13:45:00.000000 UTC,36550,27.1601,28.6724
29093,28255,2016-02-01 00:10:00.000000 UTC,48490,27.1604,27.0745
28255,16111,2016-02-19 01:05:00.000000 UTC,50650,27.1605,27.2437
29093,39261,2016-02-05 07:55:00.000000 UTC,30970,27.1622,28.0281
29093,28255,2016-02-02 17:15:00.000000 UTC,46150,27.1624,29.7422
29093,28255,2016-02-04 18:00:00.000000 UTC,59350,27.1626,27.2221
16111,29093,2016-02-08 20:20:00.000000 UTC,42490,27.1626,27.212
29093,39261,2016-02-05 00:50:00.000000 UTC,58870,27.1628,27.261
28255,39261,2016-02-18 15:46:40.000000 UTC,56290,27.1632,27.0552
28255,16111,2016-02-18 11:31:40.000000 UTC,56770,27.1635,30.3566
29093,39261,2016-02-03 15:16:40.000000 UTC,47950,27.1639,27.5731
39261,29093,2016-02-14 13:50:00.000000 UTC,53170,27.164,28.4772
16111,39261,2016-02-08 03:31:40.000000 UTC,56230,27.1647,29.0981
29093,16111,2016-02-01 03:46:40.000000 UTC,23770,27.1651,27.7339
16111,28255,2016-02-08 04:55:00.000000 UTC,12370,27.1653,28.7356
29093,39261,2016-02-01 08:20:00.000000 UTC,58210,27.1663,27.1974
28255,39261,2016-02-22 22:15:00.000000 UTC,27970,27.1672,29.5034
16111,39261,2016-02-09 14:31:40.000000 UTC,53890,27.1679,28.6024
16111,39261,2016-02-11 13:46:40.000000 UTC,14470,27.1685,29.7293
16111,28255,2016-02-06 22:46:40.000000 UTC,39430,27.1695,30.3632
16111,28255,2016-02-11 06:16:40.000000 UTC,970,27.1697,27.3532
16111,39261,2016-02-07 06:25:00.000000 UTC,32830,27.17,29.8521
39261,28255,2016-02-12 12:15:00.000000 UTC,17050,27.1704,29.2126
29093,16111,2016-02-05 22:50:00.000000 UTC,40270,27.1717,28.5594
16111,39261,2016-02-07 01:50:00.000000 UTC,30850,27.1718,28.5086
16111,28255,2016-02-06 19:20:00.000000 UTC,20110,27.1723,29.5083
28255,29093,2016-02-18 16:35:00.000000 UTC,7390,27.1723,28.287
29093,16111,2016-02-02 17:15:00.000000 UTC,9190,27.1724,30.0087
39261,16111,2016-02-18 04:30:00.000000 UTC,3610,27.1739,26.9016
29093,16111,2016-02-01 14:40:00.000000 UTC,49090,27.1741,30.4424
39261,29093,2016-02-17 23:01:40.000000 UTC,37690,27.1742,30.3295
16111,39261,2016-02-08 23:45:00.000000 UTC,49330,27.1749,27.269
29093,28255,2016-02-06 06:40:00.000000 UTC,57250,27.1764,27.2831
39261,28255,2016-02-12 20:01:40.000000 UTC,16870,27.1767,29.3499
29093,28255,2016-02-01 15:35:00.000000 UTC,46150,27.1775,28.1476
39261,28255,2016-02-13 07:35:00.000000 UTC,36610,27.1775,27.5725
28255,29093,2016-02-18 15:00:00.000000 UTC,7570,27.1781,27.9228
39261,16111,2016-02-12 11:25:00.000000 UTC,47170,27.1792,29.9545
39261,28255,2016-02-13 00:46:40.000000 UTC,40570,27.1793,29.4795
16111,29093,2016-02-08 07:46:40.000000 UTC,53350,27.18,27.2314
39261,29093,2016-02-13 19:40:00.000000 UTC,49810,27.18,30.1007
28255,39261,2016-02-18 05:16:40.000000 UTC,55810,27.1803,27.228
28255,16111,2016-02-21 03:30:00.000000 UTC,38710,27.1803,28.9408
28255,16111,2016-02-18 04:46:40.000000 UTC,27010,27.181,27.3548
29093,39261,2016-02-01 10:30:00.000000 UTC,49990,27.1816,30.0048
39261,28255,2016-02-14 12:10:00.000000 UTC,41110,27.182,28.3863
39261,16111,2016-02-15 04:10:00.000000 UTC,51490,27.1827,27.2926
28255,29093,2016-02-20 23:35:00.000000 UTC,7450,27.1835,27.638
28255,39261,2016-02-22 10:01:40.000000 UTC,38590,27.1835,27.6179
39261,16111,2016-02-13 10:55:00.000000 UTC,6730,27.1836,27.4851
28255,39261,2016-02-18 12:10:00.000000 UTC,46390,27.1837,27.0274
39261,28255,2016-02-13 23:50:00.000000 UTC,56410,27.1847,27.293
39261,28255,2016-02-17 17:40:00.000000 UTC,41590,27.1853,29.276
29093,28255,2016-02-06 06:40:00.000000 UTC,58210,27.1854,29.9016
16111,29093,2016-02-11 13:46:40.000000 UTC,22030,27.1859,28.0696
29093,39261,2016-02-02 18:46:40.000000 UTC,28210,27.1863,29.9196
28255,39261,2016-02-23 03:20:00.000000 UTC,58090,27.1864,29.7269
16111,29093,2016-02-12 11:00:00.000000 UTC,42730,27.1866,27.2094
29093,28255,2016-02-06 04:01:40.000000 UTC,24550,27.1867,27.2074
29093,28255,2016-02-01 07:01:40.000000 UTC,41710,27.1884,27.3404
39261,28255,2016-02-13 21:01:40.000000 UTC,33190,27.1902,28.0387
28255,39261,2016-02-19 20:15:00.000000 UTC,59770,27.1903,27.186
16111,39261,2016-02-09 20:31:40.000000 UTC,50350,27.1913,30.3018
16111,39261,2016-02-09 14:31:40.000000 UTC,50890,27.1915,28.3804
28255,39261,2016-02-23 03:20:00.000000 UTC,51910,27.1918,29.2776
16111,29093,2016-02-10 20:40:00.000000 UTC,27970,27.1921,30.1929
28255,39261,2016-02-22 12:25:00.000000 UTC,50530,27.1921,27.2338
29093,28255,2016-02-01 11:16:40.000000 UTC,16030,27.1926,29.5253
39261,29093,2016-02-12 11:46:40.000000 UTC,47530,27.1929,30.0016
16111,28255,2016-02-07 15:10:00.000000 UTC,41950,27.1935,27.8717
39261,16111,2016-02-13 23:50:00.000000 UTC,2710,27.1935,27.0773
39261,28255,2016-02-12 23:05:00.000000 UTC,22750,27.1936,29.3375
28255,29093,2016-02-18 04:30:00.000000 UTC,44350,27.1945,30.3461
16111,29093,2016-02-07 11:00:00.000000 UTC,54490,27.1961,31.4622
29093,39261,2016-02-01 03:46:40.000000 UTC,29410,27.1963,27.7799
16111,39261,2016-02-08 23:45:00.000000 UTC,7570,27.1982,28.1348
28255,16111,2016-02-18 04:35:00.000000 UTC,49630,27.1982,27.1702
16111,28255,2016-02-06 17:35:00.000000 UTC,58270,27.1983,27.1592
28255,39261,2016-02-21 07:31:40.000000 UTC,40570,27.1988,27.75
28255,29093,2016-02-21 13:46:40.000000 UTC,16210,27.1991,28.7768
16111,28255,2016-02-06 19:01:40.000000 UTC,40570,27.1993,27.2412
39261,16111,2016-02-12 22:16:40.000000 UTC,58090,27.1998,27.1462
29093,39261,2016-02-06 12:01:40.000000 UTC,20590,27.1999,29.3555
29093,28255,2016-02-01 09:01:40.000000 UTC,910,27.2001,27.3807
29093,16111,2016-02-01 03:20:00.000000 UTC,3010,27.2003,27.2335
39261,16111,2016-02-17 23:01:40.000000 UTC,12310,27.2005,29.7334
29093,16111,2016-02-01 12:05:00.000000 UTC,49390,27.2007,30.7173
16111,28255,2016-02-10 00:40:00.000000 UTC,52630,27.2008,28.9382
39261,28255,2016-02-12 16:16:40.000000 UTC,53230,27.2011,30.4704
39261,28255,2016-02-15 18:10:00.000000 UTC,13690,27.2015,28.7058
16111,39261,2016-02-10 00:40:00.000000 UTC,50350,27.2017,27.2505
16111,39261,2016-02-11 18:55:00.000000 UTC,14770,27.2018,28.8507
28255,39261,2016-02-22 10:01:40.000000 UTC,56830,27.2018,28.4827
16111,28255,2016-02-10 13:45:00.000000 UTC,20170,27.202,27.8224
29093,16111,2016-02-03 02:50:00.000000 UTC,44650,27.2029,29.061
29093,28255,2016-02-03 17:10:00.000000 UTC,48070,27.2033,27.2025
39261,29093,2016-02-12 13:10:00.000000 UTC,56590,27.2033,29.1228
39261,28255,2016-02-15 02:16:40.000000 UTC,8110,27.2036,28.1981
29093,16111,2016-02-01 00:05:00.000000 UTC,49330,27.2038,30.0108
16111,29093,2016-02-11 16:20:00.000000 UTC,45550,27.2042,30.8369
39261,28255,2016-02-12 13:10:00.000000 UTC,10750,27.2044,28.6275
16111,28255,2016-02-07 12:00:00.000000 UTC,11830,27.2046,29.3839
16111,28255,2016-02-09 16:30:00.000000 UTC,51250,27.2053,27.228
28255,39261,2016-02-20 12:30:00.000000 UTC,37090,27.2056,28.7
39261,29093,2016-02-12 15:45:00.000000 UTC,47710,27.2057,27.1825
28255,39261,2016-02-20 10:45:00.000000 UTC,36730,27.2058,27.9721
29093,39261,2016-02-01 00:10:00.000000 UTC,25690,27.2063,27.2653
29093,39261,2016-02-05 03:10:00.000000 UTC,51250,27.2063,27.1585
16111,28255,2016-02-10 00:40:00.000000 UTC,55510,27.2069,27.8298
39261,29093,2016-02-16 16:31:40.000000 UTC,2470,27.208,24.0434
28255,29093,2016-02-18 06:40:00.000000 UTC,54370,27.2083,28.8258
28255,16111,2016-02-18 20:05:00.000000 UTC,57430,27.2083,27.1523
29093,39261,2016-02-01 07:40:00.000000 UTC,21190,27.2088,28.4662
29093,28255,2016-02-02 21:55:00.000000 UTC,34450,27.2097,27.2929
28255,29093,2016-02-18 08:45:00.000000 UTC,47830,27.211,27.1399
29093,16111,2016-02-02 10:01:40.000000 UTC,58690,27.2112,27.2468
16111,39261,2016-02-12 08:15:00.000000 UTC,45550,27.2114,27.8461
29093,39261,2016-02-01 16:31:40.000000 UTC,2050,27.2115,26.4474
29093,28255,2016-02-04 15:46:40.000000 UTC,56350,27.2115,30.6702
29093,39261,2016-02-02 04:45:00.000000 UTC,51310,27.2118,27.2378
29093,39261,2016-02-01 03:46:40.000000 UTC,50950,27.2121,27.2578
28255,39261,2016-02-18 11:31:40.000000 UTC,17110,27.2121,29.2324
16111,29093,2016-02-10 04:55:00.000000 UTC,43330,27.2122,27.2365
29093,39261,2016-02-01 05:16:40.000000 UTC,43270,27.2123,30.7018
29093,16111,2016-02-01 16:31:40.000000 UTC,40450,27.2125,27.2406
29093,16111,2016-02-01 07:01:40.000000 UTC,40690,27.2128,27.2685
29093,39261,2016-02-02 14:16:40.000000 UTC,43930,27.2137,27.1738
39261,28255,2016-02-13 21:01:40.000000 UTC,15310,27.2144,28.1324
16111,39261,2016-02-10 13:45:00.000000 UTC,12670,27.2152,29.8034
39261,28255,2016-02-13 17:01:40.000000 UTC,46090,27.2161,30.1038
16111,28255,2016-02-10 13:45:00.000000 UTC,22870,27.2167,27.1022
39261,28255,2016-02-13 13:16:40.000000 UTC,34390,27.2173,29.7665
39261,29093,2016-02-15 22:25:00.000000 UTC,59170,27.2173,27.5217
28255,39261,2016-02-19 23:16:40.000000 UTC,37210,27.2174,29.8388
28255,39261,2016-02-20 02:25:00.000000 UTC,57730,27.218,27.235
29093,39261,2016-02-02 07:20:00.000000 UTC,55330,27.2181,30.2364
39261,28255,2016-02-12 23:55:00.000000 UTC,34690,27.2182,29.461
16111,29093,2016-02-10 02:46:40.000000 UTC,50170,27.2187,30.8276
39261,29093,2016-02-15 20:16:40.000000 UTC,51910,27.2204,27.2982
16111,29093,2016-02-07 12:00:00.000000 UTC,42610,27.2205,30.1268
28255,16111,2016-02-23 05:55:00.000000 UTC,21970,27.2208,28.4739
39261,28255,2016-02-12 13:10:00.000000 UTC,58330,27.2211,28.5661
29093,39261,2016-02-03 01:10:00.000000 UTC,41710,27.2213,29.8053
29093,39261,2016-02-01 09:45:00.000000 UTC,37450,27.2217,29.2722
16111,39261,2016-02-07 01:10:00.000000 UTC,48190,27.2219,27.2473
28255,39261,2016-02-21 11:40:00.000000 UTC,7450,27.2219,27.2459
28255,29093,2016-02-18 08:45:00.000000 UTC,14770,27.2222,29.0317
29093,39261,2016-02-01 14:40:00.000000 UTC,29410,27.2227,27.2861
39261,29093,2016-02-15 08:01:40.000000 UTC,50890,27.223,25.5491
16111,39261,2016-02-07 04:00:00.000000 UTC,46750,27.2234,27.0817
28255,29093,2016-02-18 04:31:40.000000 UTC,32050,27.2236,27.5579
28255,29093,2016-02-18 19:10:00.000000 UTC,20470,27.2244,28.8239
28255,39261,2016-02-21 22:30:00.000000 UTC,53110,27.2247,28.5137
39261,28255,2016-02-13 21:01:40.000000 UTC,970,27.2254,27.4489
16111,28255,2016-02-10 16:01:40.000000 UTC,18310,27.2261,29.786
39261,29093,2016-02-16 11:50:00.000000 UTC,47950,27.2261,28.1124
16111,29093,2016-02-11 11:15:00.000000 UTC,19390,27.227,27.4839
29093,28255,2016-02-01 01:15:00.000000 UTC,56230,27.2275,30.8429
28255,39261,2016-02-22 17:16:40.000000 UTC,50770,27.2279,27.3457
39261,16111,2016-02-13 01:40:00.000000 UTC,37510,27.2288,29.0368
28255,29093,2016-02-19 23:16:40.000000 UTC,6670,27.2288,27.6015
28255,29093,2016-02-19 09:15:00.000000 UTC,51610,27.2299,29.0209
28255,29093,2016-02-18 15:46:40.000000 UTC,42970,27.23,30.2878
16111,28255,2016-02-06 17:35:00.000000 UTC,42550,27.2305,27.1543
16111,28255,2016-02-11 11:15:00.000000 UTC,46330,27.2312,29.0206
39261,16111,2016-02-13 07:35:00.000000 UTC,42310,27.2314,30.5611
16111,29093,2016-02-11 11:15:00.000000 UTC,47770,27.2316,27.2478
29093,28255,2016-02-04 22:31:40.000000 UTC,48130,27.2322,27.7884
28255,29093,2016-02-18 06:40:00.000000 UTC,37390,27.233,28.1156
39261,16111,2016-02-13 21:01:40.000000 UTC,48550,27.2331,27.2883
39261,29093,2016-02-17 17:40:00.000000 UTC,21010,27.2333,27.9328
16111,29093,2016-02-10 16:01:40.000000 UTC,50350,27.234,30.6575
39261,29093,2016-02-12 12:15:00.000000 UTC,25810,27.2342,27.4358
29093,16111,2016-02-01 21:40:00.000000 UTC,31390,27.2343,27.609
39261,28255,2016-02-16 23:46:40.000000 UTC,51010,27.235,27.2584
29093,16111,2016-02-03 09:46:40.000000 UTC,50530,27.2353,27.628
28255,39261,2016-02-22 22:15:00.000000 UTC,50950,27.2355,27.2482
39261,29093,2016-02-12 12:15:00.000000 UTC,23410,27.2359,29.4935
39261,29093,2016-02-12 16:50:00.000000 UTC,49510,27.236,27.1627
16111,28255,2016-02-10 00:40:00.000000 UTC,41170,27.2364,27.2497
39261,28255,2016-02-13 02:35:00.000000 UTC,51730,27.2367,28.2324
16111,28255,2016-02-07 02:31:40.000000 UTC,33970,27.2373,29.8699
16111,29093,2016-02-06 18:05:00.000000 UTC,22030,27.2375,27.7669
28255,39261,2016-02-21 07:31:40.000000 UTC,34390,27.2376,28.0105
29093,28255,2016-02-05 07:55:00.000000 UTC,11530,27.2377,29.5899
16111,39261,2016-02-10 16:01:40.000000 UTC,6850,27.238,27.8414
39261,29093,2016-02-12 11:35:00.000000 UTC,3670,27.238,26.3138
29093,28255,2016-02-02 06:01:40.000000 UTC,48850,27.2387,27.2531
16111,28255,2016-02-06 21:16:40.000000 UTC,49330,27.2389,27.2704
16111,39261,2016-02-07 05:35:00.000000 UTC,53230,27.2389,27.2544
29093,39261,2016-02-01 03:20:00.000000 UTC,50830,27.2393,27.1816
16111,28255,2016-02-09 05:05:00.000000 UTC,52270,27.2393,30.8729
29093,39261,2016-02-01 02:31:40.000000 UTC,42250,27.2398,30.348
16111,39261,2016-02-06 18:16:40.000000 UTC,58270,27.2405,27.5055
28255,16111,2016-02-22 10:01:40.000000 UTC,58270,27.2409,30.8667
28255,39261,2016-02-18 11:31:40.000000 UTC,59470,27.2411,29.9731
29093,39261,2016-02-01 09:45:00.000000 UTC,6910,27.2415,28.0785
29093,28255,2016-02-01 02:10:00.000000 UTC,43930,27.243,29.7779
29093,16111,2016-02-03 19:05:00.000000 UTC,22150,27.2447,27.6322
39261,16111,2016-02-12 18:01:40.000000 UTC,47950,27.2448,27.1618
16111,39261,2016-02-10 02:46:40.000000 UTC,44830,27.2451,26.9039
29093,28255,2016-02-01 15:35:00.000000 UTC,51790,27.2456,27.3022
16111,29093,2016-02-06 22:46:40.000000 UTC,27790,27.246,27.7502
39261,29093,2016-02-16 16:31:40.000000 UTC,45490,27.2462,30.5744
29093,16111,2016-02-03 06:15:00.000000 UTC,790,27.2463,27.4525
16111,39261,2016-02-08 03:31:40.000000 UTC,50170,27.2464,28.8927
16111,29093,2016-02-06 19:40:00.000000 UTC,53170,27.2471,29.6185
39261,16111,2016-02-12 13:55:00.000000 UTC,23290,27.2481,27.0922
28255,29093,2016-02-19 01:05:00.000000 UTC,46030,27.2481,30.7386
29093,28255,2016-02-01 00:00:00.000000 UTC,57610,27.2484,29.1302
39261,16111,2016-02-14 07:20:00.000000 UTC,51370,27.2488,27.172
29093,39261,2016-02-04 22:31:40.000000 UTC,16870,27.2491,29.2394
28255,16111,2016-02-19 01:05:00.000000 UTC,54070,27.2493,30.8972
28255,16111,2016-02-21 07:31:40.000000 UTC,32530,27.2496,27.8949
39261,16111,2016-02-13 02:35:00.000000 UTC,34210,27.2498,27.8053
16111,28255,2016-02-11 18:55:00.000000 UTC,51310,27.2513,27.2308
29093,39261,2016-02-01 03:46:40.000000 UTC,32590,27.2517,27.5856
29093,28255,2016-02-06 14:45:00.000000 UTC,42610,27.2518,30.6169
39261,28255,2016-02-12 11:25:00.000000 UTC,17050,27.2525,29.0172
29093,39261,2016-02-06 12:01:40.000000 UTC,56590,27.2526,29.5869
16111,28255,2016-02-10 02:46:40.000000 UTC,23410,27.2528,28.1485
29093,39261,2016-02-06 06:40:00.000000 UTC,54490,27.2532,27.3602
39261,29093,2016-02-15 18:10:00.000000 UTC,38950,27.2545,30.2477
28255,29093,2016-02-20 23:35:00.000000 UTC,46630,27.2554,27.3242
39261,28255,2016-02-15 18:10:00.000000 UTC,19690,27.2557,28.7856
16111,28255,2016-02-06 22:15:00.000000 UTC,40570,27.2561,29.3687
16111,28255,2016-02-06 19:40:00.000000 UTC,54850,27.2568,27.2079
28255,16111,2016-02-19 00:01:40.000000 UTC,42490,27.2571,29.3212
16111,29093,2016-02-10 23:01:40.000000 UTC,50590,27.2573,30.6567
29093,39261,2016-02-03 15:16:40.000000 UTC,41710,27.2578,28.0345
39261,16111,2016-02-12 17:25:00.000000 UTC,50170,27.2581,27.2693
16111,39261,2016-02-07 19:46:40.000000 UTC,18370,27.2587,29.964
16111,28255,2016-02-08 22:01:40.000000 UTC,52810,27.2588,27.2717
16111,29093,2016-02-11 03:50:00.000000 UTC,49810,27.2588,28.3254
28255,29093,2016-02-18 22:00:00.000000 UTC,47650,27.2593,30.1886
29093,39261,2016-02-04 03:01:40.000000 UTC,41590,27.2595,27.9593
29093,39261,2016-02-01 00:35:00.000000 UTC,41290,27.2596,29.7125
16111,29093,2016-02-06 23:20:00.000000 UTC,58150,27.2597,27.3728
16111,29093,2016-02-07 16:16:40.000000 UTC,14350,27.26,29.2789
39261,16111,2016-02-12 11:46:40.000000 UTC,51670,27.2607,27.2667
16111,29093,2016-02-11 21:31:40.000000 UTC,42310,27.2623,27.322
39261,28255,2016-02-12 22:16:40.000000 UTC,40330,27.2623,28.9134
29093,39261,2016-02-05 03:10:00.000000 UTC,18130,27.2631,29.2001
29093,28255,2016-02-01 06:25:00.000000 UTC,14950,27.2636,29.2372
29093,39261,2016-02-04 20:15:00.000000 UTC,55090,27.2639,28.4616
39261,28255,2016-02-13 07:35:00.000000 UTC,51610,27.2641,28.4744
28255,39261,2016-02-19 00:01:40.000000 UTC,49690,27.2644,29.3689
29093,28255,2016-02-06 12:01:40.000000 UTC,28930,27.265,27.7078
29093,28255,2016-02-01 03:46:40.000000 UTC,14290,27.2651,29.0684
28255,29093,2016-02-18 08:16:40.000000 UTC,42430,27.2652,27.4103
39261,28255,2016-02-15 04:10:00.000000 UTC,5110,27.2656,27.0339
29093,28255,2016-02-01 01:31:40.000000 UTC,52090,27.2658,28.6944
29093,28255,2016-02-05 03:10:00.000000 UTC,25090,27.2659,27.8591
28255,16111,2016-02-18 17:25:00.000000 UTC,48850,27.2664,27.351
16111,28255,2016-02-12 11:00:00.000000 UTC,39550,27.2665,27.3389
28255,29093,2016-02-22 14:50:00.000000 UTC,51130,27.2665,30.2416
39261,28255,2016-02-15 18:10:00.000000 UTC,34150,27.2669,27.479
29093,28255,2016-02-03 21:01:40.000000 UTC,2950,27.2671,27.2903
39261,28255,2016-02-12 22:16:40.000000 UTC,46630,27.2671,29.7704
28255,29093,2016-02-20 12:30:00.000000 UTC,49210,27.2674,28.6529
16111,28255,2016-02-10 02:46:40.000000 UTC,59650,27.2681,27.3889
28255,16111,2016-02-18 11:31:40.000000 UTC,51130,27.2681,30.13
28255,16111,2016-02-19 06:46:40.000000 UTC,46330,27.2683,28.7853
29093,28255,2016-02-04 13:35:00.000000 UTC,7270,27.2688,27.764
16111,28255,2016-02-09 05:05:00.000000 UTC,15910,27.2705,29.5961
16111,28255,2016-02-08 02:10:00.000000 UTC,42010,27.2709,27.3063
29093,28255,2016-02-01 14:40:00.000000 UTC,40210,27.271,28.7564
39261,28255,2016-02-12 20:45:00.000000 UTC,46210,27.271,28.7367
16111,28255,2016-02-06 18:05:00.000000 UTC,52330,27.2715,27.3417
16111,39261,2016-02-07 04:46:40.000000 UTC,28570,27.2719,27.5021
16111,28255,2016-02-09 22:35:00.000000 UTC,46690,27.2721,27.2645
28255,29093,2016-02-19 13:10:00.000000 UTC,28570,27.2729,27.526
28255,16111,2016-02-18 11:31:40.000000 UTC,25450,27.2737,27.5865
29093,28255,2016-02-04 03:01:40.000000 UTC,52390,27.2738,27.3423
29093,39261,2016-02-05 05:31:40.000000 UTC,54250,27.2745,27.8248
28255,29093,2016-02-20 16:05:00.000000 UTC,55210,27.2746,30.966
29093,28255,2016-02-01 04:15:00.000000 UTC,44230,27.2751,29.3329
28255,39261,2016-02-19 02:10:00.000000 UTC,30010,27.2752,29.4964
39261,28255,2016-02-13 10:55:00.000000 UTC,15910,27.2774,28.6025
39261,29093,2016-02-12 13:10:00.000000 UTC,31030,27.2775,27.909
16111,28255,2016-02-10 20:40:00.000000 UTC,6970,27.2779,28.1529
28255,16111,2016-02-18 20:05:00.000000 UTC,50950,27.278,29.6681
29093,16111,2016-02-02 12:50:00.000000 UTC,55930,27.2781,29.9853
16111,29093,2016-02-06 23:55:00.000000 UTC,48250,27.2784,30.8274
29093,16111,2016-02-01 21:40:00.000000 UTC,32350,27.28,30.0632
16111,39261,2016-02-11 13:46:40.000000 UTC,19630,27.2805,29.3179
29093,39261,2016-02-01 00:25:00.000000 UTC,28330,27.2807,26.9896
29093,39261,2016-02-03 15:16:40.000000 UTC,56830,27.2807,28.9143
28255,29093,2016-02-19 09:15:00.000000 UTC,57250,27.2819,29.116
28255,39261,2016-02-21 01:31:40.000000 UTC,58690,27.282,27.3526
29093,28255,2016-02-01 02:55:00.000000 UTC,25870,27.2824,28.4503
28255,39261,2016-02-19 03:16:40.000000 UTC,53110,27.2828,27.3333
29093,28255,2016-02-06 06:40:00.000000 UTC,43030,27.283,27.4138
28255,29093,2016-02-18 18:16:40.000000 UTC,46330,27.2835,28.3619
29093,16111,2016-02-02 08:40:00.000000 UTC,15070,27.2838,29.7767
28255,39261,2016-02-23 08:31:40.000000 UTC,40450,27.2843,29.6676
28255,39261,2016-02-19 06:46:40.000000 UTC,11470,27.2847,28.5617
28255,16111,2016-02-23 13:50:00.000000 UTC,46630,27.2851,30.8285
39261,29093,2016-02-16 16:31:40.000000 UTC,52690,27.2855,27.3972
16111,29093,2016-02-07 01:50:00.000000 UTC,19390,27.2862,28.6039
39261,29093,2016-02-17 17:40:00.000000 UTC,44650,27.2864,30.5841
28255,16111,2016-02-18 11:31:40.000000 UTC,59290,27.287,27.3321
16111,39261,2016-02-12 05:31:40.000000 UTC,51010,27.2877,27.2644
39261,28255,2016-02-14 13:50:00.000000 UTC,53050,27.288,28.4438
29093,16111,2016-02-01 00:46:40.000000 UTC,53950,27.2883,27.2822
28255,39261,2016-02-20 19:46:40.000000 UTC,34090,27.2884,27.3806
28255,16111,2016-02-22 12:25:00.000000 UTC,54370,27.2888,27.2801
29093,16111,2016-02-05 20:16:40.000000 UTC,47290,27.2891,31.1286
39261,28255,2016-02-12 23:55:00.000000 UTC,40690,27.2892,29.7327
28255,16111,2016-02-18 04:55:00.000000 UTC,1030,27.2898,26.977
16111,28255,2016-02-06 17:55:00.000000 UTC,28270,27.2899,27.2298
39261,16111,2016-02-15 06:05:00.000000 UTC,48910,27.2899,27.2849
28255,29093,2016-02-19 00:01:40.000000 UTC,51550,27.2914,30.355
39261,28255,2016-02-14 04:15:00.000000 UTC,51670,27.2915,30.4523
29093,39261,2016-02-02 10:01:40.000000 UTC,6970,27.2919,27.5049
39261,29093,2016-02-15 20:16:40.000000 UTC,56290,27.2921,30.494
39261,29093,2016-02-15 02:16:40.000000 UTC,41770,27.2923,28.0892
29093,28255,2016-02-03 08:00:00.000000 UTC,7090,27.2924,27.9883
29093,39261,2016-02-05 07:55:00.000000 UTC,43510,27.2925,29.5751
28255,39261,2016-02-22 03:01:40.000000 UTC,8230,27.293,27.7838
16111,39261,2016-02-06 19:40:00.000000 UTC,46630,27.294,27.3221
39261,28255,2016-02-12 16:16:40.000000 UTC,3430,27.2942,27.3592
39261,28255,2016-02-12 14:20:00.000000 UTC,35290,27.2961,29.6909
16111,29093,2016-02-10 16:01:40.000000 UTC,27790,27.2964,30.0747
16111,29093,2016-02-06 19:01:40.000000 UTC,46810,27.2965,27.257
16111,29093,2016-02-09 12:35:00.000000 UTC,27250,27.2972,30.2073
28255,16111,2016-02-20 21:40:00.000000 UTC,39130,27.2977,30.309
29093,16111,2016-02-01 07:40:00.000000 UTC,51850,27.299,27.5184
39261,28255,2016-02-17 23:01:40.000000 UTC,37810,27.299,27.7848
39261,28255,2016-02-12 11:00:00.000000 UTC,3550,27.2991,27.4386
39261,29093,2016-02-14 12:10:00.000000 UTC,53530,27.2998,28.5949
28255,16111,2016-02-22 10:01:40.000000 UTC,45790,27.2999,27.298
39261,29093,2016-02-15 20:16:40.000000 UTC,32110,27.3011,28.6102
39261,16111,2016-02-12 20:45:00.000000 UTC,49690,27.303,28.5608
29093,28255,2016-02-03 01:10:00.000000 UTC,35470,27.3036,28.3659
28255,39261,2016-02-22 19:45:00.000000 UTC,50830,27.3038,27.2488
28255,16111,2016-02-21 15:55:00.000000 UTC,50950,27.3041,30.3907
29093,16111,2016-02-05 05:31:40.000000 UTC,38110,27.305,27.6784
28255,29093,2016-02-20 10:45:00.000000 UTC,29890,27.3054,27.564
28255,39261,2016-02-20 00:50:00.000000 UTC,54070,27.3055,27.4801
28255,29093,2016-02-18 09:15:00.000000 UTC,50710,27.3065,28.987
29093,28255,2016-02-02 01:05:00.000000 UTC,6010,27.3066,25.9782
16111,28255,2016-02-10 11:30:00.000000 UTC,40990,27.3067,29.5195
16111,28255,2016-02-10 23:01:40.000000 UTC,50410,27.3072,30.781
29093,39261,2016-02-04 03:01:40.000000 UTC,45010,27.3073,27.0943
39261,16111,2016-02-14 12:10:00.000000 UTC,3370,27.3076,26.21
29093,16111,2016-02-01 20:35:00.000000 UTC,49510,27.3079,31.4199
39261,28255,2016-02-13 09:46:40.000000 UTC,39790,27.3082,28.7294
29093,39261,2016-02-01 07:01:40.000000 UTC,29290,27.3084,23.917
39261,29093,2016-02-12 21:30:00.000000 UTC,1210,27.3084,29.8165
28255,16111,2016-02-23 03:20:00.000000 UTC,20410,27.3089,29.3365
28255,16111,2016-02-21 18:05:00.000000 UTC,47230,27.3094,27.3322
39261,16111,2016-02-15 02:16:40.000000 UTC,29890,27.3099,27.5433
29093,39261,2016-02-05 00:50:00.000000 UTC,2530,27.3114,25.6081
39261,28255,2016-02-13 21:01:40.000000 UTC,2710,27.3117,27.1363
29093,28255,2016-02-05 05:31:40.000000 UTC,53530,27.312,30.7208
16111,39261,2016-02-09 18:30:00.000000 UTC,39550,27.3123,29.0972
28255,29093,2016-02-18 18:16:40.000000 UTC,37870,27.3124,28.1705
39261,29093,2016-02-15 14:01:40.000000 UTC,11230,27.3129,29.4756
39261,29093,2016-02-13 22:25:00.000000 UTC,55330,27.3134,31.2096
29093,28255,2016-02-01 00:25:00.000000 UTC,54490,27.3139,27.2679
29093,39261,2016-02-02 23:31:40.000000 UTC,59650,27.3164,30.7485
28255,29093,2016-02-18 08:16:40.000000 UTC,31270,27.3164,27.3614
39261,29093,2016-02-12 14:20:00.000000 UTC,50170,27.3176,27.3145
28255,39261,2016-02-20 10:45:00.000000 UTC,49270,27.3176,29.4628
16111,29093,2016-02-06 21:16:40.000000 UTC,33250,27.3183,28.3373
16111,39261,2016-02-06 21:16:40.000000 UTC,41110,27.3184,27.3303
29093,28255,2016-02-05 22:50:00.000000 UTC,1570,27.3195,24.1913
28255,39261,2016-02-22 05:20:00.000000 UTC,27070,27.3199,29.1755
28255,29093,2016-02-21 11:40:00.000000 UTC,50650,27.32,29.7764
29093,39261,2016-02-01 19:31:40.000000 UTC,48430,27.3212,28.7178
16111,39261,2016-02-10 11:30:00.000000 UTC,51130,27.3224,27.3588
16111,39261,2016-02-07 19:46:40.000000 UTC,20410,27.3233,28.6257
39261,28255,2016-02-12 17:25:00.000000 UTC,55270,27.3235,27.5242
29093,39261,2016-02-01 05:16:40.000000 UTC,54490,27.3246,29.926
39261,28255,2016-02-12 13:55:00.000000 UTC,16990,27.3246,29.2276
28255,39261,2016-02-20 07:20:00.000000 UTC,43750,27.3246,30.3151
16111,28255,2016-02-09 03:16:40.000000 UTC,57610,27.3256,30.8668
16111,28255,2016-02-08 09:15:00.000000 UTC,57850,27.326,27.3393
28255,39261,2016-02-20 16:05:00.000000 UTC,12730,27.3268,27.4897
29093,39261,2016-02-03 19:05:00.000000 UTC,45730,27.3273,28.442
39261,16111,2016-02-12 16:16:40.000000 UTC,50530,27.3303,27.3964
39261,29093,2016-02-13 23:50:00.000000 UTC,43150,27.3303,29.9183
16111,39261,2016-02-07 07:16:40.000000 UTC,39610,27.3308,30.587
29093,39261,2016-02-01 09:45:00.000000 UTC,6790,27.3312,27.6734
28255,39261,2016-02-19 10:31:40.000000 UTC,2950,27.3314,25.5259
16111,39261,2016-02-07 12:00:00.000000 UTC,33430,27.332,27.6104
28255,29093,2016-02-19 10:31:40.000000 UTC,40030,27.3322,28.8337
16111,29093,2016-02-10 13:45:00.000000 UTC,18610,27.3328,28.3361
28255,16111,2016-02-23 22:00:00.000000 UTC,3430,27.3337,27.4334
39261,28255,2016-02-12 18:40:00.000000 UTC,16570,27.3343,28.6713
29093,39261,2016-02-01 07:40:00.000000 UTC,24910,27.3351,28.9992
39261,28255,2016-02-12 15:45:00.000000 UTC,55330,27.3352,27.5587
28255,16111,2016-02-19 00:01:40.000000 UTC,30790,27.3353,27.407
29093,39261,2016-02-01 00:10:00.000000 UTC,41590,27.3362,30.3388
29093,28255,2016-02-02 20:20:00.000000 UTC,25510,27.3362,27.717
29093,28255,2016-02-04 09:16:40.000000 UTC,27490,27.3364,27.0259
16111,29093,2016-02-07 15:10:00.000000 UTC,22270,27.3366,28.73
28255,39261,2016-02-18 17:25:00.000000 UTC,41290,27.3369,28.8441
28255,39261,2016-02-19 23:16:40.000000 UTC,32830,27.3374,28.4477
39261,16111,2016-02-12 12:00:00.000000 UTC,7330,27.3377,28.1671
16111,39261,2016-02-09 05:05:00.000000 UTC,54610,27.3383,27.3197
28255,39261,2016-02-18 15:46:40.000000 UTC,58990,27.339,28.4497
39261,29093,2016-02-12 20:01:40.000000 UTC,38830,27.3392,30.207
39261,29093,2016-02-15 16:05:00.000000 UTC,50770,27.3401,30.7976
39261,29093,2016-02-12 16:16:40.000000 UTC,53170,27.3404,27.3303
39261,28255,2016-02-17 23:01:40.000000 UTC,31630,27.3404,28.2797
29093,28255,2016-02-02 04:45:00.000000 UTC,52270,27.3407,27.5506
28255,39261,2016-02-23 05:55:00.000000 UTC,51550,27.3407,28.1064
16111,29093,2016-02-10 20:40:00.000000 UTC,44650,27.3412,30.0998
28255,29093,2016-02-20 12:30:00.000000 UTC,17830,27.3413,28.9902
16111,29093,2016-02-09 12:35:00.000000 UTC,15730,27.3421,29.9042
29093,39261,2016-02-04 22:31:40.000000 UTC,10810,27.3428,29.4158
39261,28255,2016-02-16 00:35:00.000000 UTC,19330,27.3429,28.6377
39261,28255,2016-02-12 21:30:00.000000 UTC,22510,27.3436,28.7361
29093,39261,2016-02-01 00:16:40.000000 UTC,49630,27.3437,28.4558
16111,29093,2016-02-07 19:46:40.000000 UTC,31030,27.3438,28.377
39261,28255,2016-02-14 04:15:00.000000 UTC,35710,27.3442,27.6064
16111,28255,2016-02-08 04:55:00.000000 UTC,28330,27.3446,29.9153
16111,28255,2016-02-06 21:16:40.000000 UTC,44710,27.3447,30.4172
28255,29093,2016-02-18 15:00:00.000000 UTC,38410,27.345,28.5305
39261,29093,2016-02-12 22:16:40.000000 UTC,31630,27.3454,27.6237
39261,28255,2016-02-14 13:50:00.000000 UTC,47050,27.3458,28.4079
16111,39261,2016-02-11 13:46:40.000000 UTC,6970,27.346,27.7774
28255,39261,2016-02-22 12:25:00.000000 UTC,8890,27.3462,28.5326
29093,16111,2016-02-01 01:00:00.000000 UTC,50530,27.3463,31.1529
39261,28255,2016-02-12 14:46:40.000000 UTC,59350,27.3466,30.6375
29093,39261,2016-02-02 21:55:00.000000 UTC,41110,27.3469,30.2034
39261,29093,2016-02-13 10:55:00.000000 UTC,31510,27.3469,27.7607
29093,39261,2016-02-02 11:25:00.000000 UTC,52990,27.3483,27.3504
39261,28255,2016-02-13 10:55:00.000000 UTC,36430,27.3488,27.6869
28255,29093,2016-02-18 19:10:00.000000 UTC,48790,27.3491,28.7927
39261,16111,2016-02-12 12:50:00.000000 UTC,6910,27.3496,27.3993
39261,29093,2016-02-13 07:35:00.000000 UTC,6850,27.3508,27.438
16111,29093,2016-02-08 09:15:00.000000 UTC,36670,27.3509,27.3518
39261,28255,2016-02-12 22:16:40.000000 UTC,23170,27.3509,29.9446
39261,28255,2016-02-17 07:16:40.000000 UTC,14650,27.3526,27.5643
39261,16111,2016-02-14 19:00:00.000000 UTC,34150,27.3533,29.4043
16111,39261,2016-02-09 03:16:40.000000 UTC,57910,27.3534,31.0913
28255,39261,2016-02-20 07:20:00.000000 UTC,54310,27.3535,27.3732
28255,29093,2016-02-21 15:55:00.000000 UTC,57550,27.3541,29.2879
29093,39261,2016-02-01 01:00:00.000000 UTC,54010,27.3549,30.8312
39261,28255,2016-02-13 21:01:40.000000 UTC,22450,27.355,29.4725
39261,28255,2016-02-13 01:40:00.000000 UTC,3190,27.3553,27.3259
16111,28255,2016-02-11 08:45:00.000000 UTC,48850,27.3556,27.3744
39261,29093,2016-02-12 11:35:00.000000 UTC,48190,27.3557,28.6401
28255,29093,2016-02-18 07:25:00.000000 UTC,42550,27.3561,27.3446
39261,29093,2016-02-15 16:05:00.000000 UTC,58570,27.3576,27.3809
28255,16111,2016-02-18 21:01:40.000000 UTC,59170,27.3582,27.4051
39261,28255,2016-02-16 11:50:00.000000 UTC,31510,27.3583,29.9921
16111,39261,2016-02-08 20:20:00.000000 UTC,54370,27.3584,27.3609
16111,29093,2016-02-08 02:10:00.000000 UTC,49270,27.3586,31.4006
29093,16111,2016-02-02 01:05:00.000000 UTC,2710,27.359,27.2267
28255,29093,2016-02-21 07:31:40.000000 UTC,51610,27.3592,30.0217
16111,28255,2016-02-09 10:40:00.000000 UTC,55330,27.3596,28.8058
39261,28255,2016-02-13 08:40:00.000000 UTC,40090,27.3606,29.287
29093,28255,2016-02-02 02:16:40.000000 UTC,57790,27.361,27.3277
16111,29093,2016-02-07 01:10:00.000000 UTC,30430,27.3611,27.9535
29093,28255,2016-02-03 17:10:00.000000 UTC,850,27.3615,27.4817
16111,28255,2016-02-09 20:31:40.000000 UTC,31810,27.3616,29.878
28255,39261,2016-02-20 02:25:00.000000 UTC,33250,27.3619,27.7086
39261,28255,2016-02-13 04:30:00.000000 UTC,54790,27.362,27.5138
28255,29093,2016-02-22 22:15:00.000000 UTC,44290,27.3632,30.5738
28255,29093,2016-02-22 22:15:00.000000 UTC,59770,27.3633,27.4466
16111,28255,2016-02-08 09:15:00.000000 UTC,49690,27.3637,27.4613
28255,39261,2016-02-23 19:15:00.000000 UTC,40870,27.3639,29.601
39261,28255,2016-02-13 02:35:00.000000 UTC,10090,27.3641,28.3008
29093,16111,2016-02-06 17:30:00.000000 UTC,48550,27.3653,27.3509
29093,28255,2016-02-02 14:16:40.000000 UTC,41950,27.3655,28.4978
16111,39261,2016-02-09 03:16:40.000000 UTC,39730,27.3655,30.4018
16111,39261,2016-02-07 08:10:00.000000 UTC,38350,27.3656,27.8207
16111,39261,2016-02-07 16:16:40.000000 UTC,23470,27.3663,29.878
29093,28255,2016-02-05 22:50:00.000000 UTC,57130,27.3671,30.8013
16111,29093,2016-02-07 00:31:40.000000 UTC,41410,27.3674,27.3688
16111,39261,2016-02-07 12:00:00.000000 UTC,9670,27.3674,28.9359
28255,29093,2016-02-18 05:45:00.000000 UTC,29110,27.3685,27.8494
28255,39261,2016-02-19 13:10:00.000000 UTC,48610,27.3694,29.9381
16111,28255,2016-02-08 20:20:00.000000 UTC,44830,27.3696,30.5257
16111,29093,2016-02-09 20:31:40.000000 UTC,38950,27.3701,30.7473
16111,39261,2016-02-11 21:31:40.000000 UTC,9850,27.3708,29.8424
28255,29093,2016-02-20 09:01:40.000000 UTC,52990,27.3708,27.3892
28255,39261,2016-02-18 04:31:40.000000 UTC,47350,27.371,30.1023
39261,16111,2016-02-12 11:16:40.000000 UTC,51850,27.3724,27.4435
29093,39261,2016-02-06 09:20:00.000000 UTC,25390,27.3725,27.8185
16111,29093,2016-02-07 10:01:40.000000 UTC,48670,27.3726,31.1926
16111,28255,2016-02-12 00:10:00.000000 UTC,7810,27.3726,28.9474
39261,29093,2016-02-16 07:15:00.000000 UTC,35830,27.3726,30.1712
39261,29093,2016-02-13 02:35:00.000000 UTC,13390,27.3732,26.4686
28255,29093,2016-02-18 13:31:40.000000 UTC,48190,27.3734,30.6204
39261,28255,2016-02-12 11:46:40.000000 UTC,57970,27.3737,27.3564
29093,16111,2016-02-01 00:01:40.000000 UTC,45790,27.3741,29.4632
29093,28255,2016-02-04 22:31:40.000000 UTC,41590,27.3746,29.1985
28255,29093,2016-02-20 17:55:00.000000 UTC,20410,27.3747,29.1671
39261,16111,2016-02-12 11:35:00.000000 UTC,49150,27.3753,28.7588
29093,28255,2016-02-02 08:40:00.000000 UTC,38530,27.3755,29.5846
39261,29093,2016-02-16 05:00:00.000000 UTC,7390,27.3756,28.2355
39261,29093,2016-02-13 08:40:00.000000 UTC,51430,27.3758,27.3908
28255,29093,2016-02-18 06:20:00.000000 UTC,46150,27.3763,27.4795
28255,16111,2016-02-22 10:01:40.000000 UTC,46630,27.3769,29.7392
16111,28255,2016-02-10 20:40:00.000000 UTC,27730,27.3785,28.0322
29093,28255,2016-02-03 09:46:40.000000 UTC,7390,27.3791,27.8016
28255,16111,2016-02-20 12:30:00.000000 UTC,44890,27.3792,27.543
29093,39261,2016-02-03 19:05:00.000000 UTC,22090,27.3795,29.2849
28255,29093,2016-02-20 23:35:00.000000 UTC,10690,27.3796,26.6651
16111,39261,2016-02-08 12:16:40.000000 UTC,59470,27.3803,30.7865
29093,28255,2016-02-01 09:45:00.000000 UTC,58210,27.3807,31.3255
39261,16111,2016-02-13 07:35:00.000000 UTC,19210,27.3807,28.8163
28255,39261,2016-02-18 08:45:00.000000 UTC,10750,27.3811,29.002
39261,29093,2016-02-13 05:30:00.000000 UTC,52210,27.382,27.4909
39261,16111,2016-02-16 11:50:00.000000 UTC,15910,27.3828,29.0738
29093,39261,2016-02-02 04:45:00.000000 UTC,49030,27.3831,30.7927
16111,28255,2016-02-11 13:46:40.000000 UTC,29470,27.3842,29.4722
28255,29093,2016-02-18 19:10:00.000000 UTC,24430,27.3848,30.0513
29093,39261,2016-02-05 03:10:00.000000 UTC,24550,27.3857,30.1029
28255,16111,2016-02-18 07:25:00.000000 UTC,12790,27.3859,30.0207
16111,28255,2016-02-12 05:31:40.000000 UTC,56110,27.3864,27.6295
29093,39261,2016-02-01 01:31:40.000000 UTC,55930,27.3868,28.7072
29093,28255,2016-02-01 03:46:40.000000 UTC,8230,27.388,28.8864
16111,28255,2016-02-06 20:25:00.000000 UTC,8110,27.3884,28.8131
28255,39261,2016-02-18 05:30:00.000000 UTC,28750,27.3884,28.741
28255,16111,2016-02-20 17:55:00.000000 UTC,33610,27.3884,29.9774
16111,28255,2016-02-06 22:46:40.000000 UTC,1930,27.3886,26.4395
29093,16111,2016-02-02 04:45:00.000000 UTC,23170,27.3892,27.5713
29093,39261,2016-02-03 17:10:00.000000 UTC,40090,27.3892,30.1159
29093,16111,2016-02-04 03:01:40.000000 UTC,52150,27.3893,27.4578
39261,28255,2016-02-12 20:01:40.000000 UTC,55210,27.3893,27.3328
28255,29093,2016-02-22 03:01:40.000000 UTC,52390,27.39,27.3639
29093,28255,2016-02-01 03:46:40.000000 UTC,43930,27.3904,28.9926
29093,16111,2016-02-03 15:16:40.000000 UTC,36130,27.3907,28.6589
39261,28255,2016-02-12 18:40:00.000000 UTC,28810,27.3907,29.2247
39261,28255,2016-02-12 13:55:00.000000 UTC,34930,27.3925,29.1709
39261,28255,2016-02-13 19:40:00.000000 UTC,24130,27.3927,27.5898
39261,28255,2016-02-14 01:16:40.000000 UTC,53530,27.393,28.6026
29093,16111,2016-02-05 05:31:40.000000 UTC,29650,27.3931,28.5518
29093,28255,2016-02-01 02:55:00.000000 UTC,52810,27.3943,27.4118
39261,28255,2016-02-16 11:50:00.000000 UTC,39310,27.3944,27.7789
16111,39261,2016-02-10 18:20:00.000000 UTC,50890,27.3945,30.8771
39261,28255,2016-02-15 18:10:00.000000 UTC,13570,27.3954,28.4319
28255,39261,2016-02-19 03:16:40.000000 UTC,23950,27.3958,29.4363
28255,29093,2016-02-21 15:55:00.000000 UTC,58150,27.3963,27.4019
28255,39261,2016-02-23 11:10:00.000000 UTC,28390,27.3966,29.3025
16111,39261,2016-02-07 07:16:40.000000 UTC,45250,27.3974,30.4495
16111,29093,2016-02-08 20:20:00.000000 UTC,23410,27.3985,27.3711
28255,39261,2016-02-22 12:25:00.000000 UTC,35830,27.3995,27.4344
28255,39261,2016-02-20 05:40:00.000000 UTC,27070,27.4001,28.4925
28255,16111,2016-02-21 07:31:40.000000 UTC,35290,27.4003,28.0985
28255,39261,2016-02-22 12:25:00.000000 UTC,33370,27.4022,29.1324
39261,28255,2016-02-17 12:25:00.000000 UTC,37810,27.4026,28.8905
28255,16111,2016-02-23 03:20:00.000000 UTC,56590,27.4028,27.4441
39261,29093,2016-02-15 12:00:00.000000 UTC,45970,27.4031,30.272
28255,29093,2016-02-18 10:20:00.000000 UTC,51010,27.4037,27.4855
28255,39261,2016-02-22 14:50:00.000000 UTC,48190,27.4048,27.1582
29093,28255,2016-02-01 21:40:00.000000 UTC,26650,27.4052,27.8053
39261,29093,2016-02-14 15:31:40.000000 UTC,58330,27.4061,28.7716
39261,16111,2016-02-12 13:55:00.000000 UTC,6550,27.4084,27.1723
39261,16111,2016-02-16 16:31:40.000000 UTC,28030,27.4086,28.7938
28255,39261,2016-02-22 12:25:00.000000 UTC,15130,27.4087,28.9081
39261,28255,2016-02-12 12:31:40.000000 UTC,55510,27.4088,27.4436
29093,28255,2016-02-03 01:10:00.000000 UTC,18310,27.409,30.2031
39261,16111,2016-02-12 12:00:00.000000 UTC,7210,27.409,27.771
16111,39261,2016-02-12 00:10:00.000000 UTC,22630,27.4093,29.5988
16111,28255,2016-02-07 07:16:40.000000 UTC,28810,27.4094,29.3279
39261,16111,2016-02-16 11:50:00.000000 UTC,43690,27.4101,28.7997
28255,39261,2016-02-21 13:46:40.000000 UTC,50830,27.4102,30.2136
39261,28255,2016-02-14 22:35:00.000000 UTC,14470,27.4109,28.7103
39261,28255,2016-02-13 02:35:00.000000 UTC,45670,27.4113,27.8038
16111,29093,2016-02-08 12:16:40.000000 UTC,20290,27.4114,28.6624
28255,29093,2016-02-21 13:46:40.000000 UTC,16330,27.4118,29.0769
29093,28255,2016-02-02 11:25:00.000000 UTC,53710,27.412,27.4185
16111,39261,2016-02-10 00:40:00.000000 UTC,56410,27.4124,27.4907
28255,29093,2016-02-20 00:50:00.000000 UTC,31870,27.4124,27.5866
39261,28255,2016-02-13 07:35:00.000000 UTC,45550,27.4131,28.0597
28255,16111,2016-02-18 09:15:00.000000 UTC,53590,27.4162,29.1568
28255,39261,2016-02-23 11:10:00.000000 UTC,40510,27.4163,29.5844
16111,29093,2016-02-11 01:25:00.000000 UTC,27310,27.4181,27.9633
16111,29093,2016-02-12 02:50:00.000000 UTC,52090,27.4185,31.3643
29093,28255,2016-02-02 03:30:00.000000 UTC,46090,27.4195,27.2132
29093,16111,2016-02-02 02:16:40.000000 UTC,23230,27.42,27.5141
16111,28255,2016-02-07 07:16:40.000000 UTC,10870,27.42,29.6445
39261,16111,2016-02-13 18:20:00.000000 UTC,30130,27.4204,27.5062
28255,39261,2016-02-20 07:20:00.000000 UTC,43630,27.4205,30.1869
28255,39261,2016-02-20 12:30:00.000000 UTC,21190,27.4206,28.7708
29093,39261,2016-02-02 15:45:00.000000 UTC,14950,27.4211,29.1583
16111,39261,2016-02-09 14:31:40.000000 UTC,11830,27.4211,29.0453
29093,28255,2016-02-01 00:35:00.000000 UTC,43570,27.4228,29.715
29093,28255,2016-02-04 09:16:40.000000 UTC,42070,27.4239,27.9517
39261,16111,2016-02-13 01:40:00.000000 UTC,43330,27.4239,29.7401
29093,16111,2016-02-02 12:50:00.000000 UTC,22570,27.4243,28.9765
39261,28255,2016-02-16 11:50:00.000000 UTC,42310,27.4245,28.0341
39261,16111,2016-02-13 07:35:00.000000 UTC,7810,27.4248,28.2691
29093,39261,2016-02-01 12:05:00.000000 UTC,7570,27.425,28.1155
16111,28255,2016-02-06 21:16:40.000000 UTC,43750,27.4253,28.3203
16111,28255,2016-02-06 19:20:00.000000 UTC,7570,27.4254,28.007
39261,16111,2016-02-12 14:20:00.000000 UTC,57790,27.4254,30.657
28255,16111,2016-02-22 10:01:40.000000 UTC,6970,27.4254,27.8046
16111,29093,2016-02-10 23:01:40.000000 UTC,50470,27.4258,30.4127
28255,29093,2016-02-21 03:30:00.000000 UTC,41290,27.4259,29.9923
16111,29093,2016-02-07 11:00:00.000000 UTC,41650,27.4266,27.3428
28255,39261,2016-02-18 06:01:40.000000 UTC,37390,27.4272,27.7364
28255,29093,2016-02-21 05:30:00.000000 UTC,23890,27.428,29.669
16111,28255,2016-02-09 03:16:40.000000 UTC,57070,27.4287,29.7898
29093,39261,2016-02-01 00:10:00.000000 UTC,58330,27.4295,27.5083
39261,16111,2016-02-12 21:30:00.000000 UTC,21970,27.4299,29.1985
28255,16111,2016-02-18 15:46:40.000000 UTC,35590,27.4303,28.0376
39261,28255,2016-02-13 14:30:00.000000 UTC,15670,27.4311,28.3812
39261,29093,2016-02-14 22:35:00.000000 UTC,20650,27.4314,29.1964
29093,39261,2016-02-01 09:45:00.000000 UTC,6670,27.4327,27.244
39261,29093,2016-02-13 18:20:00.000000 UTC,32470,27.4331,27.6659
28255,39261,2016-02-22 00:45:00.000000 UTC,8170,27.434,27.8473
16111,29093,2016-02-06 17:31:40.000000 UTC,42550,27.4341,30.8471
39261,28255,2016-02-14 01:16:40.000000 UTC,14950,27.436,27.7428
29093,28255,2016-02-02 08:40:00.000000 UTC,56410,27.4368,30.066
28255,39261,2016-02-21 13:46:40.000000 UTC,38650,27.4368,29.6447
28255,29093,2016-02-20 02:25:00.000000 UTC,37090,27.4371,28.0256
16111,39261,2016-02-07 04:00:00.000000 UTC,7210,27.4376,28.047
39261,29093,2016-02-17 07:16:40.000000 UTC,42790,27.4376,29.1775
16111,28255,2016-02-11 21:31:40.000000 UTC,6730,27.4381,27.4907
29093,28255,2016-02-02 17:15:00.000000 UTC,3070,27.4383,27.6011
28255,39261,2016-02-20 12:30:00.000000 UTC,48730,27.4383,27.9304
28255,16111,2016-02-20 07:20:00.000000 UTC,47110,27.4389,30.3891
28255,29093,2016-02-23 08:31:40.000000 UTC,57790,27.4399,27.6184
28255,29093,2016-02-23 13:50:00.000000 UTC,46810,27.4401,30.5563
29093,28255,2016-02-01 02:31:40.000000 UTC,43210,27.4403,27.5597
39261,29093,2016-02-13 23:50:00.000000 UTC,53470,27.4405,27.5577
39261,16111,2016-02-12 11:16:40.000000 UTC,46390,27.4417,27.7451
16111,39261,2016-02-07 23:31:40.000000 UTC,58270,27.442,27.4628
39261,28255,2016-02-12 11:25:00.000000 UTC,52930,27.4422,29.587
29093,28255,2016-02-03 23:00:00.000000 UTC,55210,27.4425,27.6049
39261,28255,2016-02-12 13:55:00.000000 UTC,52810,27.4426,29.6763
16111,39261,2016-02-10 13:45:00.000000 UTC,51550,27.4435,28.074
29093,39261,2016-02-01 01:00:00.000000 UTC,16990,27.4442,28.9222
29093,39261,2016-02-02 17:15:00.000000 UTC,51790,27.4442,30.1892
16111,28255,2016-02-11 18:55:00.000000 UTC,12310,27.4443,28.2887
29093,16111,2016-02-05 00:50:00.000000 UTC,47170,27.4446,30.5634
28255,39261,2016-02-21 22:30:00.000000 UTC,7870,27.4453,27.2389
39261,28255,2016-02-13 21:01:40.000000 UTC,41890,27.4457,28.0356
28255,29093,2016-02-18 04:40:00.000000 UTC,34330,27.4465,29.5047
16111,28255,2016-02-06 22:46:40.000000 UTC,45430,27.4469,30.5337
29093,16111,2016-02-05 10:20:00.000000 UTC,7030,27.4471,28.1594
39261,29093,2016-02-12 12:15:00.000000 UTC,45610,27.4472,28.9719
39261,28255,2016-02-12 22:16:40.000000 UTC,58510,27.4479,29.9771
39261,28255,2016-02-15 02:16:40.000000 UTC,7870,27.4491,27.4915
28255,16111,2016-02-18 12:50:00.000000 UTC,50530,27.4491,29.4122
39261,28255,2016-02-14 10:31:40.000000 UTC,8350,27.4494,26.8719
16111,39261,2016-02-12 08:15:00.000000 UTC,55690,27.4495,31.1054
28255,39261,2016-02-18 06:20:00.000000 UTC,40630,27.4495,28.4012
28255,39261,2016-02-22 22:15:00.000000 UTC,57010,27.4505,27.4785
39261,29093,2016-02-16 23:46:40.000000 UTC,45370,27.4511,27.0407
29093,28255,2016-02-01 01:00:00.000000 UTC,14110,27.4514,29.6867
29093,39261,2016-02-06 06:40:00.000000 UTC,42670,27.4519,27.8109
28255,16111,2016-02-21 15:55:00.000000 UTC,52750,27.4519,29.2
29093,28255,2016-02-06 12:01:40.000000 UTC,18550,27.4522,25.576
39261,28255,2016-02-17 02:15:00.000000 UTC,56830,27.4527,27.4579
16111,28255,2016-02-07 18:35:00.000000 UTC,54430,27.4528,27.4032
16111,39261,2016-02-11 13:46:40.000000 UTC,6850,27.4536,27.3756
39261,29093,2016-02-13 07:35:00.000000 UTC,38050,27.4544,27.5511
28255,16111,2016-02-19 03:16:40.000000 UTC,47770,27.4544,30.3513
28255,39261,2016-02-18 15:46:40.000000 UTC,23650,27.4545,29.7041
29093,28255,2016-02-01 14:40:00.000000 UTC,55330,27.4547,27.4135
28255,29093,2016-02-23 22:00:00.000000 UTC,33730,27.4547,29.7775
28255,39261,2016-02-18 06:40:00.000000 UTC,43450,27.4551,27.9366
29093,39261,2016-02-04 18:00:00.000000 UTC,48730,27.4563,27.6624
16111,39261,2016-02-06 23:55:00.000000 UTC,49150,27.4572,30.5342
39261,29093,2016-02-13 14:30:00.000000 UTC,59110,27.4574,27.4959
29093,16111,2016-02-04 20:15:00.000000 UTC,49690,27.4575,27.4581
16111,29093,2016-02-09 22:35:00.000000 UTC,39010,27.4578,30.9003
28255,39261,2016-02-18 05:45:00.000000 UTC,37030,27.4578,28.682
39261,29093,2016-02-12 11:00:00.000000 UTC,17890,27.4586,28.9928
16111,29093,2016-02-10 00:40:00.000000 UTC,46750,27.4591,27.5731
29093,16111,2016-02-01 02:31:40.000000 UTC,3070,27.4598,27.5092
16111,28255,2016-02-10 00:40:00.000000 UTC,7990,27.4616,27.7434
28255,39261,2016-02-18 06:40:00.000000 UTC,37270,27.4617,28.1743
39261,28255,2016-02-12 23:55:00.000000 UTC,24670,27.4618,28.4612
16111,28255,2016-02-09 03:16:40.000000 UTC,57970,27.4619,31.3142
39261,28255,2016-02-14 04:15:00.000000 UTC,9130,27.4625,28.5548
29093,16111,2016-02-03 13:25:00.000000 UTC,670,27.463,27.5286
16111,28255,2016-02-08 23:45:00.000000 UTC,47110,27.4654,27.6029
16111,28255,2016-02-07 22:15:00.000000 UTC,43510,27.4655,27.6336
28255,39261,2016-02-23 11:10:00.000000 UTC,59050,27.4655,30.7799
16111,28255,2016-02-10 02:46:40.000000 UTC,4030,27.4662,28.666
39261,28255,2016-02-12 20:01:40.000000 UTC,29110,27.4664,29.6647
28255,16111,2016-02-19 20:15:00.000000 UTC,54010,27.4664,27.4181
28255,29093,2016-02-19 00:01:40.000000 UTC,51250,27.4665,29.747
16111,28255,2016-02-06 17:31:40.000000 UTC,48550,27.4666,27.509
29093,39261,2016-02-04 18:00:00.000000 UTC,48790,27.4667,27.4751
29093,39261,2016-02-06 01:25:00.000000 UTC,23890,27.4671,29.1898
28255,29093,2016-02-22 22:15:00.000000 UTC,44350,27.4678,30.6256
29093,28255,2016-02-01 07:40:00.000000 UTC,27130,27.4686,29.0868
28255,29093,2016-02-21 22:30:00.000000 UTC,45070,27.4703,28.7428
16111,28255,2016-02-08 02:10:00.000000 UTC,56290,27.4707,27.609
29093,28255,2016-02-01 11:16:40.000000 UTC,52330,27.471,30.9087
16111,28255,2016-02-10 13:45:00.000000 UTC,11590,27.4711,29.6563
16111,39261,2016-02-09 08:46:40.000000 UTC,57910,27.4713,27.4724
16111,29093,2016-02-09 03:16:40.000000 UTC,38470,27.4717,30.6797
28255,39261,2016-02-23 03:20:00.000000 UTC,39850,27.472,28.9602
16111,39261,2016-02-07 15:10:00.000000 UTC,58210,27.4723,27.5553
29093,16111,2016-02-01 20:35:00.000000 UTC,51550,27.4726,27.4381
39261,28255,2016-02-12 20:45:00.000000 UTC,45970,27.4726,28.0979
29093,28255,2016-02-02 10:01:40.000000 UTC,57130,27.4729,30.8595
39261,16111,2016-02-13 07:35:00.000000 UTC,12970,27.4729,26.7114
16111,28255,2016-02-07 12:00:00.000000 UTC,35290,27.4731,27.8256
39261,29093,2016-02-12 13:55:00.000000 UTC,45370,27.4732,29.3544
16111,39261,2016-02-06 18:05:00.000000 UTC,22930,27.4737,29.392
39261,16111,2016-02-13 12:05:00.000000 UTC,41770,27.4737,30.4416
39261,16111,2016-02-13 03:31:40.000000 UTC,50470,27.474,29.0555
16111,39261,2016-02-08 04:55:00.000000 UTC,59830,27.4754,27.4486
28255,39261,2016-02-21 05:30:00.000000 UTC,2770,27.4759,27.9223
29093,39261,2016-02-01 14:40:00.000000 UTC,38770,27.4761,29.4533
28255,39261,2016-02-19 02:10:00.000000 UTC,11110,27.4763,28.1121
28255,29093,2016-02-18 17:25:00.000000 UTC,35230,27.4768,28.1132
29093,28255,2016-02-01 07:40:00.000000 UTC,730,27.4772,27.541
28255,39261,2016-02-22 00:45:00.000000 UTC,8050,27.4774,27.4856
29093,28255,2016-02-04 11:25:00.000000 UTC,30670,27.4778,27.9524
28255,39261,2016-02-19 03:16:40.000000 UTC,59170,27.4782,27.5544
29093,16111,2016-02-05 00:50:00.000000 UTC,26950,27.4783,27.7547
39261,28255,2016-02-12 12:15:00.000000 UTC,28990,27.4784,29.1074
39261,29093,2016-02-12 21:30:00.000000 UTC,57550,27.4786,27.4071
39261,28255,2016-02-18 01:45:00.000000 UTC,3790,27.4788,27.6159
28255,29093,2016-02-19 23:16:40.000000 UTC,51490,27.4795,27.5733
16111,39261,2016-02-06 20:50:00.000000 UTC,42490,27.4802,30.6401
28255,39261,2016-02-21 13:46:40.000000 UTC,11170,27.4812,25.5451
39261,16111,2016-02-13 09:46:40.000000 UTC,8530,27.4824,27.9675
28255,39261,2016-02-21 20:16:40.000000 UTC,7690,27.4829,26.9059
29093,16111,2016-02-01 14:40:00.000000 UTC,26770,27.483,30.0238
16111,28255,2016-02-10 23:01:40.000000 UTC,49930,27.4836,30.3152
39261,28255,2016-02-12 13:10:00.000000 UTC,10690,27.4841,28.4711
29093,39261,2016-02-04 11:25:00.000000 UTC,59230,27.4846,27.5102
16111,29093,2016-02-06 21:16:40.000000 UTC,52990,27.4848,29.0036
39261,16111,2016-02-12 11:25:00.000000 UTC,7390,27.4849,27.7976
16111,29093,2016-02-07 21:00:00.000000 UTC,14110,27.485,28.2201
28255,39261,2016-02-18 05:05:00.000000 UTC,55270,27.4873,28.69
29093,39261,2016-02-01 03:46:40.000000 UTC,32470,27.4874,27.9546
16111,39261,2016-02-11 21:31:40.000000 UTC,33250,27.4875,27.7714
16111,28255,2016-02-10 23:01:40.000000 UTC,31150,27.4876,27.576
16111,39261,2016-02-11 06:16:40.000000 UTC,58750,27.4879,27.4641
16111,28255,2016-02-07 15:10:00.000000 UTC,44950,27.4881,28.6357
28255,39261,2016-02-22 12:25:00.000000 UTC,35710,27.4882,27.7924
29093,39261,2016-02-01 19:31:40.000000 UTC,52810,27.4897,30.9884
16111,39261,2016-02-11 21:31:40.000000 UTC,33190,27.4903,27.5838
29093,28255,2016-02-04 22:31:40.000000 UTC,15490,27.4904,29.0942
39261,28255,2016-02-12 18:01:40.000000 UTC,3430,27.4906,27.4901
39261,28255,2016-02-12 11:00:00.000000 UTC,55630,27.4907,27.2755
39261,28255,2016-02-13 10:55:00.000000 UTC,18190,27.4917,28.6496
16111,29093,2016-02-09 05:05:00.000000 UTC,54730,27.492,29.8527
39261,16111,2016-02-13 21:01:40.000000 UTC,34870,27.4921,28.0763
39261,28255,2016-02-14 20:46:40.000000 UTC,59050,27.4922,27.6086
29093,39261,2016-02-01 09:01:40.000000 UTC,56230,27.4924,31.0261
28255,39261,2016-02-18 04:55:00.000000 UTC,52990,27.4924,29.5166
29093,28255,2016-02-02 10:01:40.000000 UTC,57010,27.4927,30.6773
16111,39261,2016-02-09 03:16:40.000000 UTC,1990,27.4928,26.5416
28255,16111,2016-02-20 12:30:00.000000 UTC,50770,27.4944,28.6316
28255,29093,2016-02-18 16:35:00.000000 UTC,35350,27.4945,27.8499
39261,29093,2016-02-13 21:01:40.000000 UTC,1690,27.4947,24.3474
29093,16111,2016-02-05 05:31:40.000000 UTC,51490,27.4949,27.496
29093,39261,2016-02-06 12:01:40.000000 UTC,59590,27.4949,27.5731
39261,16111,2016-02-17 02:15:00.000000 UTC,53350,27.4949,29.4486
28255,39261,2016-02-18 04:46:40.000000 UTC,41710,27.4951,30.2235
29093,39261,2016-02-03 04:31:40.000000 UTC,57370,27.496,27.4575
29093,16111,2016-02-02 03:30:00.000000 UTC,45730,27.497,27.5207
28255,29093,2016-02-19 17:20:00.000000 UTC,33130,27.497,28.4735
29093,39261,2016-02-01 17:30:00.000000 UTC,15130,27.4971,28.7839
29093,39261,2016-02-01 02:10:00.000000 UTC,56530,27.4978,27.5149
29093,39261,2016-02-01 06:25:00.000000 UTC,12070,27.4979,27.9239
39261,28255,2016-02-12 11:35:00.000000 UTC,10510,27.4981,27.7765
16111,28255,2016-02-07 11:00:00.000000 UTC,3010,27.4983,25.0402
29093,16111,2016-02-03 06:15:00.000000 UTC,8410,27.4984,28.5619
29093,39261,2016-02-04 13:35:00.000000 UTC,8350,27.4988,28.445
29093,28255,2016-02-01 02:55:00.000000 UTC,7990,27.499,28.5057
29093,39261,2016-02-05 17:45:00.000000 UTC,46570,27.4991,30.4409
29093,39261,2016-02-05 07:55:00.000000 UTC,6670,27.4993,27.3943
29093,16111,2016-02-05 00:50:00.000000 UTC,51610,27.4994,27.4978
39261,16111,2016-02-12 16:16:40.000000 UTC,45070,27.4997,27.6946
16111,29093,2016-02-06 21:16:40.000000 UTC,50530,27.5006,27.5145
16111,39261,2016-02-07 12:00:00.000000 UTC,54970,27.5015,27.5125
16111,29093,2016-02-11 16:20:00.000000 UTC,52510,27.5016,30.4246
39261,28255,2016-02-14 12:10:00.000000 UTC,59050,27.502,28.6476
29093,28255,2016-02-02 14:16:40.000000 UTC,48310,27.5022,27.4626
28255,16111,2016-02-18 18:16:40.000000 UTC,37750,27.5022,27.9907
28255,39261,2016-02-18 10:55:00.000000 UTC,10330,27.5023,27.6041
28255,29093,2016-02-20 21:40:00.000000 UTC,14050,27.5024,29.2337
29093,28255,2016-02-01 02:31:40.000000 UTC,13570,27.5025,27.6939
28255,29093,2016-02-18 04:31:40.000000 UTC,57850,27.5031,27.4827
16111,29093,2016-02-07 10:01:40.000000 UTC,36490,27.5033,28.7443
28255,16111,2016-02-18 07:25:00.000000 UTC,57670,27.5037,30.3373
29093,39261,2016-02-01 03:20:00.000000 UTC,20230,27.504,28.0418
39261,28255,2016-02-13 10:55:00.000000 UTC,51490,27.5043,28.527
16111,39261,2016-02-07 05:35:00.000000 UTC,44350,27.5055,29.6783
29093,39261,2016-02-02 10:01:40.000000 UTC,43870,27.5059,29.6815
39261,28255,2016-02-15 10:00:00.000000 UTC,58510,27.506,27.5529
28255,16111,2016-02-21 07:31:40.000000 UTC,26770,27.5062,28.4179
29093,28255,2016-02-01 01:15:00.000000 UTC,2890,27.5063,28.6141
16111,28255,2016-02-08 23:45:00.000000 UTC,8170,27.5064,28.2175
39261,16111,2016-02-15 02:16:40.000000 UTC,40210,27.5065,24.4351
29093,16111,2016-02-03 21:01:40.000000 UTC,550,27.5072,27.5957
29093,16111,2016-02-01 00:05:00.000000 UTC,12430,27.5079,28.5753
29093,39261,2016-02-01 02:10:00.000000 UTC,48070,27.508,30.5006
39261,28255,2016-02-14 07:20:00.000000 UTC,51010,27.5088,29.429
29093,28255,2016-02-01 07:40:00.000000 UTC,9070,27.5091,28.8815
28255,39261,2016-02-18 22:00:00.000000 UTC,23470,27.5093,28.9196
29093,16111,2016-02-01 00:35:00.000000 UTC,26350,27.5101,27.6935
39261,28255,2016-02-12 11:25:00.000000 UTC,3610,27.5105,27.5612
16111,28255,2016-02-11 03:50:00.000000 UTC,47590,27.5106,27.6042
29093,16111,2016-02-01 05:16:40.000000 UTC,23710,27.5107,27.8052
39261,16111,2016-02-12 11:10:00.000000 UTC,7450,27.5115,27.8241
16111,29093,2016-02-07 05:35:00.000000 UTC,45070,27.5117,27.3861
16111,39261,2016-02-06 17:55:00.000000 UTC,47650,27.5118,30.7522
28255,29093,2016-02-22 12:25:00.000000 UTC,23530,27.5118,30.0399
16111,39261,2016-02-11 21:31:40.000000 UTC,54730,27.5126,27.5426
39261,28255,2016-02-13 15:45:00.000000 UTC,2890,27.5126,27.3903
16111,39261,2016-02-07 15:10:00.000000 UTC,37270,27.5128,28.5395
16111,28255,2016-02-09 22:35:00.000000 UTC,28330,27.5128,28.3534
39261,29093,2016-02-13 01:40:00.000000 UTC,48370,27.5132,29.8297
39261,29093,2016-02-13 18:20:00.000000 UTC,58210,27.5132,27.5645
29093,16111,2016-02-02 21:55:00.000000 UTC,36190,27.5135,27.3735
28255,29093,2016-02-18 07:01:40.000000 UTC,26950,27.5139,30.0797
16111,29093,2016-02-11 03:50:00.000000 UTC,43990,27.5143,27.5268
28255,39261,2016-02-19 02:10:00.000000 UTC,42190,27.5151,29.853
28255,39261,2016-02-18 21:01:40.000000 UTC,10930,27.5152,28.1781
39261,28255,2016-02-14 13:50:00.000000 UTC,1870,27.5154,25.1468
29093,39261,2016-02-02 10:01:40.000000 UTC,56110,27.5169,30.3258
29093,16111,2016-02-02 12:50:00.000000 UTC,42010,27.5174,27.5076
28255,16111,2016-02-19 04:25:00.000000 UTC,47530,27.5175,30.3869
28255,39261,2016-02-22 10:01:40.000000 UTC,14710,27.5175,28.1639
39261,28255,2016-02-15 16:05:00.000000 UTC,58270,27.5178,27.547
29093,28255,2016-02-02 06:01:40.000000 UTC,55870,27.5181,30.269
39261,28255,2016-02-14 07:20:00.000000 UTC,59650,27.5186,27.521
29093,16111,2016-02-01 21:40:00.000000 UTC,53530,27.5188,27.5287
28255,16111,2016-02-21 18:05:00.000000 UTC,39370,27.5189,30.1879
39261,28255,2016-02-15 22:25:00.000000 UTC,6670,27.519,26.0451
39261,28255,2016-02-16 23:46:40.000000 UTC,38350,27.519,28.9068
39261,16111,2016-02-13 09:46:40.000000 UTC,35230,27.5195,28.5509
29093,28255,2016-02-01 07:01:40.000000 UTC,50050,27.5197,27.5921
28255,39261,2016-02-20 02:25:00.000000 UTC,57610,27.5198,27.6102
29093,16111,2016-02-03 09:46:40.000000 UTC,30550,27.5207,27.8818
28255,39261,2016-02-19 11:50:00.000000 UTC,24310,27.5207,29.4428
29093,28255,2016-02-02 23:31:40.000000 UTC,29770,27.5208,29.634
29093,16111,2016-02-06 17:30:00.000000 UTC,40270,27.5211,29.8045
28255,16111,2016-02-20 19:46:40.000000 UTC,44410,27.5219,30.4105
28255,16111,2016-02-18 09:46:40.000000 UTC,59590,27.5225,27.6381
29093,28255,2016-02-06 17:30:00.000000 UTC,42010,27.5227,28.0063
29093,28255,2016-02-02 07:20:00.000000 UTC,52090,27.5228,29.4953
39261,29093,2016-02-14 01:16:40.000000 UTC,44830,27.5236,28.723
16111,28255,2016-02-09 03:16:40.000000 UTC,57790,27.5237,31.1433
16111,28255,2016-02-09 10:40:00.000000 UTC,37330,27.5244,28.6752
39261,28255,2016-02-12 12:31:40.000000 UTC,23170,27.5246,29.4103
39261,28255,2016-02-12 20:01:40.000000 UTC,9970,27.5249,27.1442
28255,29093,2016-02-18 23:00:00.000000 UTC,56290,27.5272,27.4619
29093,39261,2016-02-04 07:10:00.000000 UTC,58150,27.5276,27.4681
39261,28255,2016-02-14 17:15:00.000000 UTC,59230,27.5284,27.5263
39261,16111,2016-02-13 14:30:00.000000 UTC,36070,27.5287,29.4192
39261,28255,2016-02-15 14:01:40.000000 UTC,49330,27.5289,28.5954
29093,28255,2016-02-01 15:35:00.000000 UTC,49390,27.5292,27.745
28255,39261,2016-02-19 06:46:40.000000 UTC,30310,27.5298,29.6546
28255,39261,2016-02-18 15:46:40.000000 UTC,43810,27.5302,28.0169
39261,28255,2016-02-14 15:31:40.000000 UTC,26290,27.5312,27.5768
16111,39261,2016-02-06 23:55:00.000000 UTC,49270,27.5315,30.7183
39261,16111,2016-02-13 09:46:40.000000 UTC,41590,27.5317,30.3693
39261,28255,2016-02-18 01:45:00.000000 UTC,31090,27.532,29.2587
39261,28255,2016-02-15 04:10:00.000000 UTC,56710,27.5321,30.5878
28255,29093,2016-02-21 13:46:40.000000 UTC,44710,27.5323,29.7531
39261,28255,2016-02-16 18:55:00.000000 UTC,12010,27.5324,26.934
16111,28255,2016-02-06 17:35:00.000000 UTC,7330,27.533,28.4236
39261,28255,2016-02-14 15:31:40.000000 UTC,58870,27.5333,28.7413
28255,29093,2016-02-23 03:20:00.000000 UTC,53470,27.5335,28.4596
39261,28255,2016-02-12 18:01:40.000000 UTC,34990,27.5342,29.4398
39261,28255,2016-02-13 07:35:00.000000 UTC,45490,27.5346,27.8903
39261,28255,2016-02-14 08:55:00.000000 UTC,59590,27.535,27.5046
16111,29093,2016-02-07 08:10:00.000000 UTC,50830,27.5353,27.4523
16111,28255,2016-02-10 07:05:00.000000 UTC,36190,27.5353,28.7265
39261,16111,2016-02-17 04:45:00.000000 UTC,35890,27.5358,29.15
39261,28255,2016-02-13 02:35:00.000000 UTC,51670,27.5361,28.0654
16111,39261,2016-02-08 23:45:00.000000 UTC,22210,27.5365,28.9004
39261,28255,2016-02-12 20:01:40.000000 UTC,28990,27.5373,29.5179
16111,29093,2016-02-06 17:30:00.000000 UTC,430,27.5374,27.6805
39261,28255,2016-02-13 13:16:40.000000 UTC,56950,27.5375,27.6076
39261,28255,2016-02-15 22:25:00.000000 UTC,39850,27.5377,27.8659
28255,16111,2016-02-18 04:55:00.000000 UTC,7330,27.5379,28.1775
39261,28255,2016-02-13 22:25:00.000000 UTC,40810,27.539,29.9039
29093,28255,2016-02-01 02:31:40.000000 UTC,58330,27.5391,28.6662
29093,28255,2016-02-04 22:31:40.000000 UTC,21490,27.5395,29.1278
16111,39261,2016-02-12 11:00:00.000000 UTC,44110,27.5395,30.3684
29093,39261,2016-02-03 02:50:00.000000 UTC,59230,27.5398,27.6324
28255,16111,2016-02-21 05:30:00.000000 UTC,7930,27.5401,28.4451
39261,16111,2016-02-13 07:35:00.000000 UTC,35590,27.5402,27.817
16111,28255,2016-02-11 03:50:00.000000 UTC,41710,27.5404,27.1599
39261,29093,2016-02-12 13:55:00.000000 UTC,56830,27.5405,30.0669
39261,16111,2016-02-17 17:40:00.000000 UTC,53470,27.5406,30.8659
29093,16111,2016-02-01 11:16:40.000000 UTC,15610,27.5408,30.0052
28255,39261,2016-02-20 21:40:00.000000 UTC,45910,27.5414,28.614
29093,28255,2016-02-01 00:46:40.000000 UTC,27850,27.5416,28.9176
29093,16111,2016-02-02 21:55:00.000000 UTC,43150,27.5418,31.0686
39261,29093,2016-02-16 11:50:00.000000 UTC,59230,27.5427,28.311
29093,39261,2016-02-05 12:46:40.000000 UTC,59650,27.5428,27.6493
28255,16111,2016-02-18 12:50:00.000000 UTC,40030,27.5432,30.4435
29093,39261,2016-02-02 02:16:40.000000 UTC,35110,27.5434,27.581
16111,29093,2016-02-09 01:30:00.000000 UTC,44170,27.5436,31.115
28255,16111,2016-02-18 15:46:40.000000 UTC,38530,27.5452,28.6345
29093,16111,2016-02-06 17:30:00.000000 UTC,55690,27.5458,25.7836
39261,29093,2016-02-14 19:00:00.000000 UTC,9430,27.5459,27.2004
29093,28255,2016-02-01 02:55:00.000000 UTC,7930,27.5465,28.3462
16111,29093,2016-02-10 07:05:00.000000 UTC,21970,27.5465,30.1191
39261,16111,2016-02-15 22:25:00.000000 UTC,33130,27.5471,27.8436
28255,29093,2016-02-18 16:35:00.000000 UTC,7090,27.5477,27.3027
29093,16111,2016-02-02 20:20:00.000000 UTC,47350,27.5489,27.5212
16111,39261,2016-02-11 01:25:00.000000 UTC,52210,27.5495,29.7034
28255,16111,2016-02-18 07:50:00.000000 UTC,35410,27.5496,30.0399
28255,16111,2016-02-18 07:50:00.000000 UTC,41050,27.5496,30.3405
29093,16111,2016-02-01 00:05:00.000000 UTC,46390,27.5507,27.6053
39261,28255,2016-02-16 16:31:40.000000 UTC,24790,27.551,29.0772
39261,16111,2016-02-12 13:10:00.000000 UTC,41710,27.5523,30.7175
29093,28255,2016-02-05 00:50:00.000000 UTC,54670,27.5527,27.5707
16111,39261,2016-02-08 12:16:40.000000 UTC,46210,27.553,27.7033
39261,29093,2016-02-12 11:35:00.000000 UTC,59470,27.5532,28.8345
39261,16111,2016-02-12 12:00:00.000000 UTC,47110,27.5533,30.2027
39261,16111,2016-02-15 20:16:40.000000 UTC,50650,27.5535,27.645
16111,28255,2016-02-06 23:20:00.000000 UTC,23230,27.5538,28.5499
29093,39261,2016-02-02 03:30:00.000000 UTC,53290,27.554,27.5345
16111,29093,2016-02-08 12:16:40.000000 UTC,23230,27.554,27.3462
16111,39261,2016-02-11 01:25:00.000000 UTC,1090,27.5542,27.7646
39261,29093,2016-02-13 07:35:00.000000 UTC,35050,27.5558,27.8124
39261,28255,2016-02-12 22:16:40.000000 UTC,28930,27.5561,29.6732
29093,28255,2016-02-01 02:55:00.000000 UTC,56050,27.5572,29.9449
39261,16111,2016-02-14 19:00:00.000000 UTC,38650,27.5572,30.4982
29093,39261,2016-02-01 15:35:00.000000 UTC,1930,27.5579,26.548
29093,39261,2016-02-01 13:46:40.000000 UTC,8050,27.5585,28.2915
39261,28255,2016-02-13 07:35:00.000000 UTC,3130,27.5592,27.5113
16111,28255,2016-02-06 18:05:00.000000 UTC,7330,27.5609,28.2004
28255,29093,2016-02-20 19:46:40.000000 UTC,20470,27.562,29.8513
28255,39261,2016-02-19 03:16:40.000000 UTC,17710,27.5627,29.1405
16111,39261,2016-02-07 17:25:00.000000 UTC,41230,27.5635,28.6402
16111,28255,2016-02-06 20:25:00.000000 UTC,26170,27.5642,29.1513
28255,16111,2016-02-19 08:00:00.000000 UTC,41290,27.5647,30.4411
16111,29093,2016-02-11 13:46:40.000000 UTC,33730,27.5653,29.5186
16111,39261,2016-02-10 23:01:40.000000 UTC,51670,27.5654,30.0286
29093,39261,2016-02-01 06:25:00.000000 UTC,57610,27.5655,27.4759
16111,29093,2016-02-07 07:16:40.000000 UTC,50710,27.5656,27.6381
28255,16111,2016-02-23 03:20:00.000000 UTC,16690,27.566,29.1913
29093,39261,2016-02-03 15:16:40.000000 UTC,38590,27.5665,28.0441
39261,28255,2016-02-12 16:50:00.000000 UTC,3490,27.5666,27.5818
39261,16111,2016-02-12 23:55:00.000000 UTC,54130,27.5672,27.6392
28255,39261,2016-02-23 16:31:40.000000 UTC,24490,27.5675,28.7445
39261,28255,2016-02-14 02:45:00.000000 UTC,9190,27.5679,28.5896
16111,28255,2016-02-10 04:55:00.000000 UTC,50590,27.5683,27.8842
39261,16111,2016-02-14 22:35:00.000000 UTC,58570,27.5691,27.4891
16111,39261,2016-02-10 00:40:00.000000 UTC,27550,27.5702,29.96
29093,28255,2016-02-02 08:40:00.000000 UTC,8290,27.5705,28.5534
28255,39261,2016-02-18 15:00:00.000000 UTC,59770,27.5707,30.2371
16111,39261,2016-02-07 05:35:00.000000 UTC,7870,27.571,28.6803
39261,28255,2016-02-16 23:46:40.000000 UTC,48250,27.5714,29.3392
39261,28255,2016-02-13 09:46:40.000000 UTC,9910,27.5722,28.6659
29093,28255,2016-02-02 02:16:40.000000 UTC,42910,27.5742,29.2671
39261,16111,2016-02-16 00:35:00.000000 UTC,13210,27.5742,28.6234
39261,16111,2016-02-17 07:16:40.000000 UTC,35170,27.5743,29.198
29093,28255,2016-02-01 17:30:00.000000 UTC,58150,27.575,27.5236
16111,28255,2016-02-07 01:50:00.000000 UTC,57430,27.575,30.2646
28255,16111,2016-02-18 06:40:00.000000 UTC,45730,27.5753,27.5529
16111,28255,2016-02-07 12:00:00.000000 UTC,41350,27.5774,28.3141
39261,28255,2016-02-12 13:10:00.000000 UTC,52270,27.5774,28.1747
28255,16111,2016-02-18 15:00:00.000000 UTC,52450,27.5778,28.7425
29093,16111,2016-02-04 20:15:00.000000 UTC,40870,27.5779,28.3228
28255,39261,2016-02-20 17:55:00.000000 UTC,25450,27.5782,28.9794
39261,28255,2016-02-13 07:35:00.000000 UTC,57610,27.5802,28.7007
29093,39261,2016-02-03 11:35:00.000000 UTC,38710,27.5803,30.2536
29093,28255,2016-02-01 10:30:00.000000 UTC,15790,27.5805,29.2268
28255,39261,2016-02-18 23:00:00.000000 UTC,58990,27.581,27.6065
28255,16111,2016-02-18 07:25:00.000000 UTC,23950,27.5814,29.2241
39261,28255,2016-02-12 17:25:00.000000 UTC,42910,27.5824,28.4566
28255,29093,2016-02-18 04:46:40.000000 UTC,48730,27.5829,27.5176
29093,39261,2016-02-04 22:31:40.000000 UTC,29650,27.5836,30.2684
29093,39261,2016-02-06 17:30:00.000000 UTC,15910,27.5841,29.2241
29093,28255,2016-02-03 02:50:00.000000 UTC,56410,27.5843,29.1063
39261,16111,2016-02-16 07:15:00.000000 UTC,55630,27.5846,27.6303
28255,29093,2016-02-19 21:45:00.000000 UTC,47530,27.5864,30.6183
16111,39261,2016-02-07 22:15:00.000000 UTC,57910,27.5874,27.5271
29093,39261,2016-02-05 00:50:00.000000 UTC,29710,27.5881,29.2325
28255,16111,2016-02-18 15:46:40.000000 UTC,43990,27.5891,28.4168
16111,29093,2016-02-08 00:50:00.000000 UTC,14590,27.5894,29.3564
28255,39261,2016-02-22 10:01:40.000000 UTC,50710,27.5904,28.1142
39261,28255,2016-02-14 19:00:00.000000 UTC,46330,27.5907,29.4957
29093,16111,2016-02-02 23:31:40.000000 UTC,2350,27.5908,27.2514
29093,16111,2016-02-03 19:05:00.000000 UTC,27730,27.5909,27.6807
28255,29093,2016-02-19 10:31:40.000000 UTC,55510,27.5932,30.9804
29093,16111,2016-02-03 21:01:40.000000 UTC,58990,27.5936,30.8283
28255,39261,2016-02-19 17:20:00.000000 UTC,11770,27.5939,27.7308
29093,28255,2016-02-05 03:10:00.000000 UTC,30970,27.5941,28.1202
39261,28255,2016-02-17 20:20:00.000000 UTC,37990,27.5946,27.595
29093,39261,2016-02-03 09:46:40.000000 UTC,6730,27.5949,26.5027
29093,16111,2016-02-03 15:16:40.000000 UTC,30430,27.5953,28.1088
16111,39261,2016-02-07 10:01:40.000000 UTC,36070,27.5955,27.8462
29093,39261,2016-02-05 03:10:00.000000 UTC,32770,27.5958,27.8647
28255,16111,2016-02-18 13:31:40.000000 UTC,33190,27.5962,27.7179
28255,16111,2016-02-20 21:40:00.000000 UTC,45730,27.5963,28.8189
39261,28255,2016-02-12 12:00:00.000000 UTC,47290,27.5969,30.1423
39261,28255,2016-02-12 19:20:00.000000 UTC,22630,27.5971,28.8955
28255,29093,2016-02-19 01:05:00.000000 UTC,34570,27.5973,30.0105
29093,28255,2016-02-01 12:55:00.000000 UTC,33670,27.5974,27.9157
39261,16111,2016-02-12 13:10:00.000000 UTC,12730,27.5975,28.4165
39261,28255,2016-02-15 08:01:40.000000 UTC,38350,27.5981,29.5819
29093,28255,2016-02-06 01:25:00.000000 UTC,42130,27.5983,26.6933
16111,39261,2016-02-06 18:05:00.000000 UTC,31390,27.5989,28.1264
16111,39261,2016-02-10 04:55:00.000000 UTC,58510,27.5994,29.9506
16111,28255,2016-02-09 14:31:40.000000 UTC,58930,27.5999,27.6039
39261,28255,2016-02-15 08:01:40.000000 UTC,32530,27.6012,29.55
28255,16111,2016-02-18 11:31:40.000000 UTC,30910,27.6022,28.0334
16111,29093,2016-02-09 22:35:00.000000 UTC,49990,27.6024,30.7975
29093,28255,2016-02-06 12:01:40.000000 UTC,29710,27.6037,29.6778
16111,28255,2016-02-08 20:20:00.000000 UTC,7330,27.604,28.0608
29093,39261,2016-02-05 07:55:00.000000 UTC,33910,27.6042,28.1136
28255,29093,2016-02-19 14:31:40.000000 UTC,56650,27.6045,27.612
16111,28255,2016-02-06 20:25:00.000000 UTC,55810,27.6065,29.4232
28255,39261,2016-02-18 05:45:00.000000 UTC,10630,27.6067,29.0061
16111,28255,2016-02-07 13:01:40.000000 UTC,54670,27.6081,31.0731
39261,16111,2016-02-16 00:35:00.000000 UTC,13270,27.6081,28.7821
28255,29093,2016-02-22 14:50:00.000000 UTC,45190,27.6081,29.435
39261,29093,2016-02-12 13:10:00.000000 UTC,40150,27.609,29.7744
29093,28255,2016-02-03 15:16:40.000000 UTC,53530,27.6091,27.7368
28255,16111,2016-02-20 17:55:00.000000 UTC,39310,27.6094,30.3656
16111,29093,2016-02-10 16:01:40.000000 UTC,44410,27.6096,29.8071
29093,28255,2016-02-01 03:46:40.000000 UTC,8170,27.6099,28.7301
16111,39261,2016-02-09 12:35:00.000000 UTC,17770,27.6103,29.7639
29093,39261,2016-02-04 03:01:40.000000 UTC,11470,27.6104,27.7949
39261,29093,2016-02-16 00:35:00.000000 UTC,8410,27.6104,28.3314
39261,28255,2016-02-17 20:20:00.000000 UTC,37930,27.6105,27.7703
29093,39261,2016-02-03 01:10:00.000000 UTC,38110,27.6112,27.9065
28255,29093,2016-02-19 05:35:00.000000 UTC,49390,27.6112,27.4459
16111,28255,2016-02-10 18:20:00.000000 UTC,5890,27.6114,26.2301
29093,39261,2016-02-02 18:46:40.000000 UTC,22150,27.6115,29.915
29093,28255,2016-02-03 09:46:40.000000 UTC,34150,27.6115,28.1687
28255,29093,2016-02-18 17:25:00.000000 UTC,35170,27.6119,27.9212
39261,16111,2016-02-13 14:30:00.000000 UTC,56650,27.6132,29.8254
28255,29093,2016-02-22 05:20:00.000000 UTC,42190,27.6137,30.7678
28255,39261,2016-02-18 05:45:00.000000 UTC,37330,27.6145,27.9257
29093,16111,2016-02-02 14:16:40.000000 UTC,47530,27.615,27.5966
28255,39261,2016-02-20 02:25:00.000000 UTC,30910,27.6151,29.1482
28255,16111,2016-02-21 11:40:00.000000 UTC,39970,27.6157,28.2581
29093,28255,2016-02-05 20:16:40.000000 UTC,5650,27.6161,24.0583
29093,28255,2016-02-04 09:16:40.000000 UTC,48070,27.6162,28.2318
39261,29093,2016-02-15 04:10:00.000000 UTC,42310,27.6162,30.4125
29093,39261,2016-02-01 03:46:40.000000 UTC,48070,27.6169,29.7507
16111,28255,2016-02-09 20:31:40.000000 UTC,27790,27.6173,28.4495
28255,16111,2016-02-20 10:45:00.000000 UTC,31630,27.6173,27.7398
39261,28255,2016-02-13 22:25:00.000000 UTC,9250,27.6174,28.2073
29093,28255,2016-02-03 19:05:00.000000 UTC,15850,27.6184,29.317
16111,28255,2016-02-06 22:46:40.000000 UTC,14770,27.6184,29.2272
29093,28255,2016-02-03 23:00:00.000000 UTC,34210,27.6186,28.6154
39261,28255,2016-02-12 21:30:00.000000 UTC,45970,27.619,28.06
29093,28255,2016-02-05 07:55:00.000000 UTC,31930,27.6191,28.249
39261,16111,2016-02-15 12:00:00.000000 UTC,2770,27.6196,25.7662
16111,28255,2016-02-06 18:30:00.000000 UTC,13090,27.6204,27.2559
39261,28255,2016-02-16 02:46:40.000000 UTC,9910,27.6211,27.5316
16111,29093,2016-02-06 17:46:40.000000 UTC,430,27.6215,27.7412
28255,29093,2016-02-21 11:40:00.000000 UTC,36070,27.6215,28.0686
29093,28255,2016-02-01 00:35:00.000000 UTC,7390,27.6219,28.3215
28255,29093,2016-02-21 22:30:00.000000 UTC,14470,27.6222,28.6505
16111,39261,2016-02-07 19:46:40.000000 UTC,3010,27.6225,26.149
29093,39261,2016-02-02 21:55:00.000000 UTC,3130,27.6226,27.5752
39261,29093,2016-02-12 12:00:00.000000 UTC,46330,27.6228,30.3485
28255,16111,2016-02-18 22:00:00.000000 UTC,9190,27.6233,28.7385
16111,29093,2016-02-07 06:25:00.000000 UTC,52810,27.6237,27.7125
28255,39261,2016-02-20 00:50:00.000000 UTC,18490,27.6238,28.5653
28255,39261,2016-02-18 06:40:00.000000 UTC,35350,27.6241,29.5895
28255,16111,2016-02-23 05:55:00.000000 UTC,41650,27.6241,28.2111
39261,16111,2016-02-14 04:15:00.000000 UTC,7990,27.6245,28.4684
29093,39261,2016-02-02 17:15:00.000000 UTC,33010,27.6255,28.0483
16111,28255,2016-02-06 18:45:00.000000 UTC,7510,27.6265,28.2288
29093,28255,2016-02-04 18:00:00.000000 UTC,34510,27.6266,29.3431
28255,39261,2016-02-20 12:30:00.000000 UTC,57790,27.6267,28.3109
29093,39261,2016-02-05 03:10:00.000000 UTC,3130,27.6269,25.7665
29093,39261,2016-02-04 11:25:00.000000 UTC,34390,27.627,28.9085
39261,29093,2016-02-14 01:16:40.000000 UTC,43870,27.6271,30.5692
16111,39261,2016-02-08 03:31:40.000000 UTC,37870,27.6273,27.8833
39261,28255,2016-02-12 12:31:40.000000 UTC,58030,27.6275,27.7543
28255,16111,2016-02-22 22:15:00.000000 UTC,38710,27.6279,30.2345
29093,28255,2016-02-01 19:31:40.000000 UTC,52690,27.6283,27.6879
29093,16111,2016-02-01 14:40:00.000000 UTC,48130,27.6287,27.6279
39261,28255,2016-02-12 11:05:00.000000 UTC,29590,27.6287,29.8737
29093,39261,2016-02-06 17:30:00.000000 UTC,52810,27.6294,30.8652
16111,28255,2016-02-06 22:46:40.000000 UTC,14650,27.6303,28.9515
16111,39261,2016-02-11 16:20:00.000000 UTC,59290,27.6306,27.6886
39261,29093,2016-02-15 14:01:40.000000 UTC,51430,27.6307,30.9817
39261,28255,2016-02-12 11:25:00.000000 UTC,28990,27.6313,28.9142
28255,29093,2016-02-19 23:16:40.000000 UTC,6430,27.6313,26.6353
16111,29093,2016-02-11 21:31:40.000000 UTC,50050,27.6319,27.6355
16111,39261,2016-02-08 15:25:00.000000 UTC,56710,27.6321,27.6275
28255,39261,2016-02-18 09:15:00.000000 UTC,10270,27.6328,27.6282
28255,39261,2016-02-18 05:45:00.000000 UTC,52270,27.6333,27.558
16111,28255,2016-02-10 11:30:00.000000 UTC,49630,27.6335,27.7636
28255,16111,2016-02-19 02:10:00.000000 UTC,8290,27.6336,28.6675
29093,28255,2016-02-01 00:35:00.000000 UTC,55690,27.634,30.4097
29093,28255,2016-02-04 09:16:40.000000 UTC,26950,27.634,28.7501
39261,29093,2016-02-12 18:40:00.000000 UTC,33310,27.6347,29.6361
16111,29093,2016-02-07 19:46:40.000000 UTC,56710,27.6358,27.6114
29093,39261,2016-02-03 02:50:00.000000 UTC,16150,27.6359,20.753
39261,28255,2016-02-14 20:46:40.000000 UTC,15610,27.6365,26.6269
29093,39261,2016-02-01 22:46:40.000000 UTC,59410,27.6374,30.7428
39261,28255,2016-02-15 14:01:40.000000 UTC,7150,27.6376,26.62
16111,28255,2016-02-07 06:25:00.000000 UTC,31150,27.6388,27.6124
16111,29093,2016-02-07 02:31:40.000000 UTC,1690,27.6389,24.9928
39261,29093,2016-02-16 11:50:00.000000 UTC,56710,27.639,29.6425
39261,16111,2016-02-12 11:16:40.000000 UTC,42250,27.6395,30.7325
29093,28255,2016-02-01 23:55:00.000000 UTC,55150,27.6397,31.1259
28255,16111,2016-02-18 05:45:00.000000 UTC,46690,27.6399,29.7067
29093,28255,2016-02-01 04:15:00.000000 UTC,8170,27.6401,28.3301
16111,39261,2016-02-06 23:20:00.000000 UTC,54430,27.6414,29.4669
39261,16111,2016-02-12 11:25:00.000000 UTC,32590,27.6415,27.8438
16111,39261,2016-02-10 07:05:00.000000 UTC,3370,27.6419,27.8378
29093,39261,2016-02-01 12:55:00.000000 UTC,7870,27.6436,28.5964
28255,39261,2016-02-18 11:31:40.000000 UTC,37450,27.6441,28.2208
29093,16111,2016-02-02 06:01:40.000000 UTC,8950,27.6444,28.5398
29093,39261,2016-02-06 06:40:00.000000 UTC,51790,27.6444,28.5061
28255,16111,2016-02-20 21:40:00.000000 UTC,53950,27.6446,27.5941
28255,16111,2016-02-21 05:30:00.000000 UTC,53590,27.6448,30.989
28255,16111,2016-02-20 12:30:00.000000 UTC,39490,27.6451,28.011
16111,39261,2016-02-10 11:30:00.000000 UTC,11590,27.6452,27.853
28255,16111,2016-02-18 13:31:40.000000 UTC,52090,27.6453,30.3695
16111,28255,2016-02-11 01:25:00.000000 UTC,26110,27.6457,28.543
16111,39261,2016-02-08 22:01:40.000000 UTC,44110,27.6458,30.3113
29093,39261,2016-02-06 17:30:00.000000 UTC,46330,27.6461,30.0055
39261,29093,2016-02-12 11:25:00.000000 UTC,23470,27.6462,29.1199
39261,16111,2016-02-14 01:16:40.000000 UTC,39190,27.6467,28.6843
16111,28255,2016-02-06 23:55:00.000000 UTC,8290,27.6476,26.9511
16111,28255,2016-02-10 23:01:40.000000 UTC,7570,27.6476,28.3911
39261,16111,2016-02-12 13:55:00.000000 UTC,18490,27.6486,29.8143
29093,28255,2016-02-03 21:01:40.000000 UTC,40630,27.6493,30.4387
29093,16111,2016-02-03 04:31:40.000000 UTC,2290,27.6495,27.2402
29093,16111,2016-02-01 11:16:40.000000 UTC,21190,27.6498,29.8946
16111,39261,2016-02-07 05:35:00.000000 UTC,38770,27.6498,30.2448
39261,16111,2016-02-12 18:40:00.000000 UTC,51370,27.6515,30.986
16111,28255,2016-02-08 02:10:00.000000 UTC,33130,27.6519,28.9019
29093,28255,2016-02-02 14:16:40.000000 UTC,9310,27.652,28.4802
29093,39261,2016-02-01 20:35:00.000000 UTC,52810,27.6521,30.671
39261,29093,2016-02-12 11:01:40.000000 UTC,11710,27.6521,27.1537
29093,16111,2016-02-06 14:45:00.000000 UTC,48550,27.6522,27.6629
28255,39261,2016-02-19 17:20:00.000000 UTC,38830,27.6527,27.9763
16111,28255,2016-02-09 06:55:00.000000 UTC,1330,27.6535,28.0379
28255,29093,2016-02-18 08:45:00.000000 UTC,9010,27.6535,28.8403
39261,28255,2016-02-12 22:16:40.000000 UTC,28630,27.6538,29.2093
16111,28255,2016-02-06 23:20:00.000000 UTC,51430,27.655,30.9348
39261,28255,2016-02-17 07:16:40.000000 UTC,7150,27.6552,28.647
29093,28255,2016-02-02 02:16:40.000000 UTC,37390,27.6554,29.892
16111,39261,2016-02-08 23:45:00.000000 UTC,49990,27.656,29.1894
16111,29093,2016-02-08 03:31:40.000000 UTC,56650,27.6562,28.487
39261,16111,2016-02-12 14:46:40.000000 UTC,41110,27.6568,30.4676
39261,28255,2016-02-12 23:55:00.000000 UTC,42010,27.6569,29.6653
29093,39261,2016-02-01 09:01:40.000000 UTC,32230,27.6572,29.8064
28255,16111,2016-02-18 19:10:00.000000 UTC,55030,27.6574,30.2517
16111,39261,2016-02-09 05:05:00.000000 UTC,51970,27.6575,30.2834
29093,16111,2016-02-01 05:16:40.000000 UTC,49570,27.6579,30.9322
39261,29093,2016-02-15 14:01:40.000000 UTC,44470,27.658,27.7841
16111,39261,2016-02-06 20:01:40.000000 UTC,35830,27.6589,29.812
39261,28255,2016-02-14 17:15:00.000000 UTC,28630,27.6601,29.006
16111,39261,2016-02-11 08:45:00.000000 UTC,26530,27.6606,28.3651
16111,28255,2016-02-06 18:16:40.000000 UTC,48790,27.661,27.8315
28255,29093,2016-02-19 14:31:40.000000 UTC,49390,27.6612,30.8221
28255,39261,2016-02-23 03:20:00.000000 UTC,9370,27.6612,28.2254
39261,28255,2016-02-16 05:00:00.000000 UTC,13030,27.6614,28.3457
16111,29093,2016-02-06 17:30:00.000000 UTC,46870,27.6619,27.6316
16111,28255,2016-02-11 16:20:00.000000 UTC,55870,27.6619,29.6005
39261,28255,2016-02-12 14:46:40.000000 UTC,16810,27.6621,28.7898
28255,39261,2016-02-20 00:50:00.000000 UTC,12490,27.6627,29.277
39261,16111,2016-02-16 09:31:40.000000 UTC,22270,27.6633,29.3419
28255,16111,2016-02-18 16:35:00.000000 UTC,10510,27.6634,29.2224
28255,29093,2016-02-19 17:20:00.000000 UTC,8050,27.6634,28.2862
16111,28255,2016-02-06 22:46:40.000000 UTC,8590,27.6639,28.7974
39261,28255,2016-02-13 07:35:00.000000 UTC,9790,27.6657,28.0248
39261,29093,2016-02-13 01:40:00.000000 UTC,8590,27.6658,28.6507
16111,28255,2016-02-08 00:50:00.000000 UTC,8470,27.6664,27.6972
16111,29093,2016-02-08 23:45:00.000000 UTC,31630,27.6676,27.9992
28255,29093,2016-02-19 04:25:00.000000 UTC,3610,27.6677,27.1463
39261,28255,2016-02-14 04:15:00.000000 UTC,46390,27.6678,30.2853
39261,29093,2016-02-13 21:01:40.000000 UTC,34510,27.6681,28.4524
28255,39261,2016-02-18 11:31:40.000000 UTC,17050,27.6688,29.1144
29093,39261,2016-02-03 17:10:00.000000 UTC,58270,27.6693,30.7879
28255,29093,2016-02-18 04:40:00.000000 UTC,50110,27.6698,30.7493
29093,39261,2016-02-05 00:50:00.000000 UTC,29650,27.67,29.0974
29093,16111,2016-02-01 18:30:00.000000 UTC,38110,27.6704,30.4334
28255,16111,2016-02-19 02:10:00.000000 UTC,8230,27.6722,28.4929
28255,29093,2016-02-20 21:40:00.000000 UTC,19270,27.6723,28.1363
39261,29093,2016-02-15 22:25:00.000000 UTC,15130,27.6725,29.6014
39261,16111,2016-02-12 14:46:40.000000 UTC,29410,27.6732,29.288
39261,28255,2016-02-16 05:00:00.000000 UTC,31510,27.6732,29.5187
28255,39261,2016-02-23 05:55:00.000000 UTC,42370,27.6733,28.2936
39261,28255,2016-02-14 13:50:00.000000 UTC,58990,27.6734,28.6199
28255,16111,2016-02-22 00:45:00.000000 UTC,56890,27.6739,27.6732
29093,16111,2016-02-04 05:05:00.000000 UTC,52090,27.6741,27.5832
29093,16111,2016-02-04 09:16:40.000000 UTC,7750,27.6741,28.514
39261,16111,2016-02-12 14:20:00.000000 UTC,56650,27.6748,27.6536
28255,39261,2016-02-18 16:35:00.000000 UTC,43870,27.6749,27.9522
28255,39261,2016-02-23 16:31:40.000000 UTC,16450,27.675,29.2526
28255,16111,2016-02-23 22:00:00.000000 UTC,2110,27.6758,26.6938
29093,28255,2016-02-02 23:31:40.000000 UTC,11770,27.6761,30.0572
16111,39261,2016-02-07 17:25:00.000000 UTC,23410,27.6764,29.0282
28255,39261,2016-02-19 21:45:00.000000 UTC,43150,27.6767,30.0497
29093,28255,2016-02-03 04:31:40.000000 UTC,47770,27.6774,27.6833
16111,39261,2016-02-08 10:45:00.000000 UTC,53170,27.6781,30.8905
16111,28255,2016-02-10 09:16:40.000000 UTC,28690,27.6794,29.7162
28255,39261,2016-02-18 05:45:00.000000 UTC,16750,27.6794,28.9781
29093,16111,2016-02-03 04:31:40.000000 UTC,44290,27.6795,29.8282
39261,28255,2016-02-13 15:45:00.000000 UTC,1090,27.6799,27.7736
28255,16111,2016-02-22 07:40:00.000000 UTC,41530,27.6809,29.4949
28255,16111,2016-02-19 08:00:00.000000 UTC,8230,27.6812,27.6911
39261,28255,2016-02-17 02:15:00.000000 UTC,56110,27.6817,29.3469
16111,29093,2016-02-11 13:46:40.000000 UTC,56470,27.682,30.6446
28255,29093,2016-02-18 18:16:40.000000 UTC,35530,27.6825,29.2508
39261,28255,2016-02-16 16:31:40.000000 UTC,54970,27.6826,30.3562
16111,29093,2016-02-10 18:20:00.000000 UTC,2470,27.683,25.4037
39261,28255,2016-02-16 16:31:40.000000 UTC,55210,27.6831,30.7189
29093,28255,2016-02-05 07:55:00.000000 UTC,34930,27.6835,27.9035
39261,29093,2016-02-14 10:31:40.000000 UTC,29770,27.6839,30.2785
39261,28255,2016-02-16 00:35:00.000000 UTC,43270,27.6841,29.1669
29093,28255,2016-02-01 05:50:00.000000 UTC,38830,27.6842,29.6249
39261,28255,2016-02-13 00:46:40.000000 UTC,10330,27.6851,28.7509
28255,16111,2016-02-20 07:20:00.000000 UTC,37630,27.6857,28.9554
28255,39261,2016-02-18 22:00:00.000000 UTC,17290,27.6858,28.6781
39261,16111,2016-02-12 14:46:40.000000 UTC,18190,27.6859,29.5404
39261,28255,2016-02-13 04:30:00.000000 UTC,47830,27.6869,29.7526
29093,16111,2016-02-05 05:31:40.000000 UTC,7270,27.6871,28.5223
16111,39261,2016-02-06 21:16:40.000000 UTC,47410,27.6876,28.3339
28255,16111,2016-02-18 19:10:00.000000 UTC,59650,27.6882,27.636
39261,16111,2016-02-12 14:46:40.000000 UTC,40990,27.6898,30.2897
29093,39261,2016-02-03 09:46:40.000000 UTC,49450,27.6901,28.7339
16111,39261,2016-02-07 08:10:00.000000 UTC,56230,27.6902,27.6438
16111,29093,2016-02-06 17:55:00.000000 UTC,430,27.6904,27.6608
28255,39261,2016-02-21 15:55:00.000000 UTC,58750,27.6904,28.9108
39261,29093,2016-02-15 14:01:40.000000 UTC,33550,27.6908,28.4656
28255,29093,2016-02-22 17:16:40.000000 UTC,52930,27.6919,27.7443
39261,16111,2016-02-15 16:05:00.000000 UTC,48370,27.6932,27.2247
28255,39261,2016-02-22 22:15:00.000000 UTC,40090,27.6933,29.7966
16111,39261,2016-02-10 20:40:00.000000 UTC,59710,27.6935,27.7586
16111,39261,2016-02-06 19:20:00.000000 UTC,17110,27.6938,29.1766
39261,16111,2016-02-12 15:15:00.000000 UTC,34450,27.694,28.3234
28255,39261,2016-02-18 07:25:00.000000 UTC,3430,27.6944,27.6015
28255,16111,2016-02-18 08:45:00.000000 UTC,12130,27.6944,28.3567
29093,28255,2016-02-02 11:25:00.000000 UTC,670,27.6947,27.6786
29093,16111,2016-02-02 10:01:40.000000 UTC,54430,27.6948,30.8527
28255,16111,2016-02-18 07:25:00.000000 UTC,53170,27.6949,30.752
16111,29093,2016-02-07 04:46:40.000000 UTC,56350,27.6955,27.6082
29093,28255,2016-02-03 21:01:40.000000 UTC,30610,27.6957,28.0045
39261,29093,2016-02-16 11:50:00.000000 UTC,56470,27.6959,29.0185
28255,39261,2016-02-18 06:20:00.000000 UTC,53470,27.6967,30.2852
16111,29093,2016-02-08 15:25:00.000000 UTC,49090,27.6977,30.5463
29093,28255,2016-02-06 17:30:00.000000 UTC,12550,27.698,28.6219
28255,39261,2016-02-18 16:35:00.000000 UTC,46870,27.6984,27.9653
28255,16111,2016-02-22 07:40:00.000000 UTC,36430,27.6987,30.1723
39261,16111,2016-02-12 17:25:00.000000 UTC,42070,27.6988,28.5015
39261,28255,2016-02-13 04:30:00.000000 UTC,40450,27.6997,29.5535
29093,39261,2016-02-03 15:16:40.000000 UTC,8590,27.7007,28.449
28255,39261,2016-02-18 19:10:00.000000 UTC,55810,27.7007,28.8209
28255,29093,2016-02-23 22:00:00.000000 UTC,3670,27.7012,28.0131
28255,39261,2016-02-20 23:35:00.000000 UTC,44050,27.7016,29.79
28255,39261,2016-02-21 09:35:00.000000 UTC,14530,27.7016,29.6629
28255,39261,2016-02-20 23:35:00.000000 UTC,55090,27.702,27.6677
28255,29093,2016-02-18 04:40:00.000000 UTC,38710,27.7022,30.1535
39261,28255,2016-02-14 19:00:00.000000 UTC,34750,27.7026,28.5122
28255,39261,2016-02-19 04:25:00.000000 UTC,17170,27.7028,27.276
39261,28255,2016-02-13 07:35:00.000000 UTC,57850,27.703,29.2808
29093,28255,2016-02-01 12:05:00.000000 UTC,1270,27.7033,27.9385
16111,28255,2016-02-08 03:31:40.000000 UTC,36070,27.7039,28.1192
39261,16111,2016-02-12 12:50:00.000000 UTC,41590,27.7039,30.4456
28255,39261,2016-02-18 11:31:40.000000 UTC,41770,27.7046,30.0551
39261,28255,2016-02-15 02:16:40.000000 UTC,14170,27.705,28.4173
39261,28255,2016-02-12 11:25:00.000000 UTC,10870,27.7062,28.7625
39261,29093,2016-02-13 17:01:40.000000 UTC,46870,27.7063,28.568
16111,39261,2016-02-09 14:31:40.000000 UTC,44770,27.7067,28.4715
28255,39261,2016-02-18 04:30:00.000000 UTC,3370,27.707,27.6635
39261,28255,2016-02-12 14:20:00.000000 UTC,3550,27.7072,27.7323
39261,16111,2016-02-16 05:00:00.000000 UTC,46090,27.7079,30.241
28255,29093,2016-02-18 16:35:00.000000 UTC,41050,27.7082,28.248
28255,16111,2016-02-20 10:45:00.000000 UTC,51730,27.7084,30.1057
39261,28255,2016-02-17 17:40:00.000000 UTC,23650,27.7086,29.0615
16111,39261,2016-02-06 18:05:00.000000 UTC,35590,27.7095,30.212
16111,29093,2016-02-07 02:31:40.000000 UTC,31390,27.7097,30.2537
39261,28255,2016-02-12 21:30:00.000000 UTC,16450,27.7097,28.5874
16111,39261,2016-02-07 12:00:00.000000 UTC,1030,27.7099,27.8334
39261,16111,2016-02-13 02:35:00.000000 UTC,43510,27.7101,30.4424
39261,16111,2016-02-13 14:30:00.000000 UTC,40570,27.7101,30.6023
28255,29093,2016-02-19 23:16:40.000000 UTC,26110,27.7101,28.8697
39261,28255,2016-02-13 09:46:40.000000 UTC,34510,27.7102,29.739
28255,39261,2016-02-18 05:45:00.000000 UTC,10570,27.7106,28.8604
28255,16111,2016-02-18 17:25:00.000000 UTC,38470,27.7114,29.4111
29093,28255,2016-02-01 02:55:00.000000 UTC,37630,27.7115,28.195
39261,16111,2016-02-15 02:16:40.000000 UTC,58510,27.7116,30.1334
28255,39261,2016-02-21 22:30:00.000000 UTC,59110,27.7118,28.7159
16111,28255,2016-02-09 03:16:40.000000 UTC,59050,27.712,29.9985
39261,28255,2016-02-13 02:35:00.000000 UTC,57970,27.7124,29.0713
39261,29093,2016-02-12 21:30:00.000000 UTC,37570,27.7125,28.2415
29093,39261,2016-02-05 17:45:00.000000 UTC,9490,27.7128,28.5493
28255,39261,2016-02-20 04:01:40.000000 UTC,12250,27.7134,27.592
16111,28255,2016-02-11 01:25:00.000000 UTC,37750,27.7139,27.9365
28255,16111,2016-02-21 13:46:40.000000 UTC,57190,27.7143,30.8652
28255,16111,2016-02-18 18:16:40.000000 UTC,33130,27.7146,29.9642
28255,29093,2016-02-21 15:55:00.000000 UTC,35290,27.7148,27.951
29093,28255,2016-02-01 00:00:00.000000 UTC,52090,27.7149,27.7591
29093,28255,2016-02-04 22:31:40.000000 UTC,36010,27.7149,28.0586
28255,29093,2016-02-18 06:20:00.000000 UTC,28750,27.7158,28.7046
39261,28255,2016-02-13 01:40:00.000000 UTC,10270,27.7164,28.8089
39261,28255,2016-02-12 18:40:00.000000 UTC,10210,27.7172,27.796
28255,39261,2016-02-18 09:15:00.000000 UTC,35410,27.7177,29.5624
16111,29093,2016-02-10 13:45:00.000000 UTC,58390,27.7189,27.8909
29093,16111,2016-02-01 18:30:00.000000 UTC,59230,27.7192,27.7549
28255,39261,2016-02-20 02:25:00.000000 UTC,3550,27.7194,25.9686
28255,39261,2016-02-22 10:01:40.000000 UTC,40510,27.7195,29.9
16111,29093,2016-02-09 22:35:00.000000 UTC,48910,27.7202,27.804
29093,16111,2016-02-06 12:01:40.000000 UTC,6250,27.7205,27.8348
29093,39261,2016-02-06 14:45:00.000000 UTC,610,27.7207,27.7849
28255,29093,2016-02-19 17:20:00.000000 UTC,7990,27.7223,28.106
16111,39261,2016-02-08 15:25:00.000000 UTC,43090,27.7225,30.5617
28255,29093,2016-02-18 18:16:40.000000 UTC,26290,27.7225,28.9431
29093,16111,2016-02-03 15:16:40.000000 UTC,19630,27.7226,29.2779
39261,29093,2016-02-14 04:15:00.000000 UTC,47890,27.7228,30.2639
29093,39261,2016-02-03 21:01:40.000000 UTC,3130,27.7233,27.7184
29093,39261,2016-02-01 23:55:00.000000 UTC,34570,27.7234,27.9834
16111,28255,2016-02-08 15:25:00.000000 UTC,51070,27.7238,27.7768
28255,29093,2016-02-18 17:25:00.000000 UTC,38050,27.7244,28.0132
16111,39261,2016-02-09 06:55:00.000000 UTC,57430,27.7245,27.6729
28255,39261,2016-02-23 03:20:00.000000 UTC,45490,27.7246,28.1576
29093,16111,2016-02-04 01:00:00.000000 UTC,42010,27.725,30.0684
16111,29093,2016-02-07 08:10:00.000000 UTC,33430,27.725,28.6599
16111,39261,2016-02-12 02:50:00.000000 UTC,48010,27.7255,30.7537
28255,29093,2016-02-22 10:01:40.000000 UTC,40030,27.7256,27.974
39261,28255,2016-02-12 13:31:40.000000 UTC,7750,27.7257,26.7682
28255,39261,2016-02-23 05:55:00.000000 UTC,22270,27.7259,29.5078
28255,16111,2016-02-23 16:31:40.000000 UTC,23350,27.7259,30.056
28255,39261,2016-02-21 01:31:40.000000 UTC,44290,27.7263,30.0594
28255,39261,2016-02-23 13:50:00.000000 UTC,9910,27.7267,28.5586
29093,28255,2016-02-01 00:35:00.000000 UTC,7270,27.727,27.9562
29093,39261,2016-02-03 15:16:40.000000 UTC,56410,27.7272,27.6874
28255,16111,2016-02-20 10:45:00.000000 UTC,40390,27.7273,29.4434
29093,39261,2016-02-01 04:15:00.000000 UTC,54490,27.7274,30.2354
16111,29093,2016-02-06 20:01:40.000000 UTC,7630,27.7278,27.4898
16111,29093,2016-02-09 20:31:40.000000 UTC,52270,27.7278,27.8669
28255,39261,2016-02-21 13:46:40.000000 UTC,14170,27.7285,28.864
28255,39261,2016-02-23 13:50:00.000000 UTC,22750,27.7285,29.7488
39261,28255,2016-02-13 10:55:00.000000 UTC,42370,27.7287,27.9023
29093,16111,2016-02-01 02:55:00.000000 UTC,49390,27.7295,30.2301
29093,16111,2016-02-01 23:55:00.000000 UTC,53470,27.7295,27.6958
29093,28255,2016-02-02 21:55:00.000000 UTC,35110,27.7297,29.1894
29093,28255,2016-02-01 03:46:40.000000 UTC,42730,27.7316,24.8008
16111,29093,2016-02-11 21:31:40.000000 UTC,50110,27.7321,27.854
28255,29093,2016-02-20 00:50:00.000000 UTC,51250,27.7325,27.8164
29093,39261,2016-02-04 20:15:00.000000 UTC,42910,27.7331,28.4897
29093,16111,2016-02-01 06:25:00.000000 UTC,3070,27.7332,27.7302
28255,39261,2016-02-18 04:40:00.000000 UTC,28690,27.7332,28.7055
29093,39261,2016-02-02 20:20:00.000000 UTC,46750,27.7333,30.4117
29093,28255,2016-02-02 02:16:40.000000 UTC,36430,27.7335,27.7086
39261,28255,2016-02-13 22:25:00.000000 UTC,2770,27.7339,27.5602
39261,16111,2016-02-16 00:35:00.000000 UTC,13090,27.7342,28.2813
39261,16111,2016-02-13 10:55:00.000000 UTC,29950,27.7347,29.8938
28255,16111,2016-02-18 07:25:00.000000 UTC,31810,27.7364,28.1531
28255,39261,2016-02-23 13:50:00.000000 UTC,9850,27.7371,28.4027
28255,39261,2016-02-22 14:50:00.000000 UTC,27550,27.7372,29.3113
29093,16111,2016-02-04 09:16:40.000000 UTC,30190,27.7376,28.6472
16111,39261,2016-02-10 11:30:00.000000 UTC,11710,27.7376,28.8599
16111,28255,2016-02-06 17:35:00.000000 UTC,52090,27.7387,27.7438
28255,39261,2016-02-19 11:50:00.000000 UTC,42730,27.7389,30.0399
16111,29093,2016-02-07 17:25:00.000000 UTC,56650,27.7393,27.7704
28255,16111,2016-02-18 05:30:00.000000 UTC,30310,27.7397,30.0855
16111,29093,2016-02-06 17:31:40.000000 UTC,38290,27.7402,29.6226
28255,29093,2016-02-18 11:31:40.000000 UTC,8410,27.7402,28.4865
29093,16111,2016-02-01 09:45:00.000000 UTC,38530,27.7404,30.9331
28255,16111,2016-02-18 06:20:00.000000 UTC,47170,27.7413,30.8062
16111,29093,2016-02-06 19:40:00.000000 UTC,8110,27.7419,29.0814
39261,16111,2016-02-12 11:10:00.000000 UTC,58810,27.7422,30.9778
16111,39261,2016-02-08 03:31:40.000000 UTC,56170,27.7424,28.9407
39261,28255,2016-02-13 18:20:00.000000 UTC,41050,27.7449,29.8661
28255,29093,2016-02-18 12:10:00.000000 UTC,610,27.7453,27.7275
28255,29093,2016-02-19 20:15:00.000000 UTC,58990,27.7453,30.8048
28255,39261,2016-02-23 13:50:00.000000 UTC,40750,27.7458,29.7877
28255,29093,2016-02-23 19:15:00.000000 UTC,2950,27.7469,25.9686
28255,39261,2016-02-20 09:01:40.000000 UTC,54370,27.7474,27.3344
28255,29093,2016-02-23 16:31:40.000000 UTC,23410,27.7474,29.8261
28255,29093,2016-02-19 21:45:00.000000 UTC,1630,27.7483,28.6095
29093,28255,2016-02-01 03:46:40.000000 UTC,34750,27.7489,28.1358
39261,28255,2016-02-12 17:25:00.000000 UTC,3490,27.7491,27.7643
29093,28255,2016-02-01 09:45:00.000000 UTC,36250,27.7493,27.3837
16111,39261,2016-02-08 20:20:00.000000 UTC,55630,27.7495,30.5274
16111,28255,2016-02-10 20:40:00.000000 UTC,6610,27.7496,26.9126
39261,29093,2016-02-13 07:35:00.000000 UTC,36070,27.7501,30.1287
29093,39261,2016-02-03 11:35:00.000000 UTC,34690,27.7509,27.8927
16111,28255,2016-02-06 17:31:40.000000 UTC,52090,27.7513,27.7104
28255,39261,2016-02-19 02:10:00.000000 UTC,54250,27.7517,30.2008
16111,28255,2016-02-06 17:30:00.000000 UTC,52030,27.752,27.8835
39261,16111,2016-02-12 11:00:00.000000 UTC,41710,27.7527,29.8768
16111,28255,2016-02-08 03:31:40.000000 UTC,45070,27.753,28.4899
29093,28255,2016-02-03 15:16:40.000000 UTC,610,27.7531,27.9164
29093,39261,2016-02-01 10:30:00.000000 UTC,38170,27.7543,30.0162
29093,28255,2016-02-01 00:46:40.000000 UTC,54730,27.7547,27.8171
29093,39261,2016-02-01 00:01:40.000000 UTC,55270,27.7549,29.3933
28255,29093,2016-02-23 00:46:40.000000 UTC,53770,27.7562,27.6636
28255,39261,2016-02-22 22:15:00.000000 UTC,9010,27.7565,27.7807
16111,28255,2016-02-08 20:20:00.000000 UTC,50230,27.7566,30.9463
28255,39261,2016-02-23 13:50:00.000000 UTC,34990,27.7575,29.8496
29093,39261,2016-02-01 21:40:00.000000 UTC,40870,27.7577,29.869
29093,28255,2016-02-01 01:15:00.000000 UTC,34270,27.758,27.868
29093,16111,2016-02-05 00:50:00.000000 UTC,20950,27.7587,29.0987
29093,39261,2016-02-03 02:50:00.000000 UTC,56830,27.7594,27.7916
29093,39261,2016-02-06 17:30:00.000000 UTC,39430,27.7598,27.739
16111,39261,2016-02-08 03:31:40.000000 UTC,2050,27.7599,28.6983
29093,39261,2016-02-03 01:10:00.000000 UTC,38050,27.7602,28.0799
29093,28255,2016-02-03 08:00:00.000000 UTC,33790,27.7602,28.1039
16111,39261,2016-02-06 22:15:00.000000 UTC,42910,27.7613,30.6885
39261,29093,2016-02-12 11:10:00.000000 UTC,46570,27.7617,30.5615
39261,29093,2016-02-14 01:16:40.000000 UTC,39130,27.7617,28.7652
39261,16111,2016-02-16 21:20:00.000000 UTC,41890,27.7617,30.2438
39261,29093,2016-02-14 02:45:00.000000 UTC,7990,27.7618,27.8988
16111,39261,2016-02-08 13:50:00.000000 UTC,58630,27.7619,27.7377
28255,29093,2016-02-19 17:20:00.000000 UTC,52750,27.7622,27.7496
28255,39261,2016-02-19 03:16:40.000000 UTC,54010,27.7623,29.6806
29093,16111,2016-02-04 09:16:40.000000 UTC,35530,27.7624,28.0393
29093,28255,2016-02-03 01:10:00.000000 UTC,41410,27.7635,28.4977
29093,28255,2016-02-02 07:20:00.000000 UTC,52750,27.7636,27.7093
28255,39261,2016-02-21 05:30:00.000000 UTC,13750,27.7638,28.7141
29093,16111,2016-02-05 03:10:00.000000 UTC,46030,27.7643,27.7772
29093,16111,2016-02-01 02:31:40.000000 UTC,38650,27.7644,30.7217
29093,28255,2016-02-01 03:20:00.000000 UTC,14350,27.7644,29.3098
28255,29093,2016-02-18 11:31:40.000000 UTC,20050,27.7645,29.2684
29093,16111,2016-02-02 04:45:00.000000 UTC,28690,27.7659,27.855
39261,29093,2016-02-13 00:46:40.000000 UTC,54010,27.7659,29.5821
39261,29093,2016-02-14 15:31:40.000000 UTC,46990,27.7667,28.7336
16111,29093,2016-02-10 16:01:40.000000 UTC,52750,27.7668,27.8366
16111,29093,2016-02-12 08:15:00.000000 UTC,50410,27.7672,27.9157
16111,28255,2016-02-09 22:35:00.000000 UTC,19810,27.7673,28.8437
29093,39261,2016-02-06 12:01:40.000000 UTC,8170,27.7674,28.6123
16111,28255,2016-02-09 18:30:00.000000 UTC,37270,27.7674,29.9746
29093,39261,2016-02-01 00:46:40.000000 UTC,58570,27.7683,27.8687
29093,39261,2016-02-04 13:35:00.000000 UTC,33190,27.7691,29.736
39261,28255,2016-02-12 12:00:00.000000 UTC,19030,27.7695,28.9624
28255,16111,2016-02-20 09:01:40.000000 UTC,18670,27.7702,30.1062
29093,28255,2016-02-01 12:05:00.000000 UTC,46510,27.771,30.532
16111,28255,2016-02-07 17:25:00.000000 UTC,42970,27.7712,29.31
16111,28255,2016-02-12 00:10:00.000000 UTC,52390,27.7716,27.8834
29093,39261,2016-02-01 14:40:00.000000 UTC,26830,27.7725,29.5063
39261,28255,2016-02-15 02:16:40.000000 UTC,20230,27.7726,28.6421
29093,28255,2016-02-01 04:45:00.000000 UTC,53110,27.7732,27.73
28255,16111,2016-02-18 06:40:00.000000 UTC,57250,27.7733,28.8922
28255,39261,2016-02-22 10:01:40.000000 UTC,41470,27.7737,28.3921
39261,28255,2016-02-13 08:40:00.000000 UTC,47830,27.7744,29.4571
39261,28255,2016-02-15 10:00:00.000000 UTC,38410,27.7748,29.7541
39261,28255,2016-02-12 21:30:00.000000 UTC,52390,27.7751,29.3346
39261,16111,2016-02-15 02:16:40.000000 UTC,58570,27.7752,30.2643
39261,29093,2016-02-14 10:31:40.000000 UTC,59410,27.7754,29.1027
28255,39261,2016-02-22 07:40:00.000000 UTC,14830,27.7754,28.6783
39261,28255,2016-02-13 06:31:40.000000 UTC,10030,27.7758,28.6676
16111,28255,2016-02-06 20:25:00.000000 UTC,2170,27.7763,28.8362
39261,29093,2016-02-13 02:35:00.000000 UTC,39070,27.7764,28.1326
28255,16111,2016-02-19 21:45:00.000000 UTC,43330,27.7764,29.6012
28255,39261,2016-02-19 06:46:40.000000 UTC,47710,27.7767,28.5807
16111,39261,2016-02-11 21:31:40.000000 UTC,9610,27.777,29.3231
28255,39261,2016-02-18 07:25:00.000000 UTC,28930,27.7771,28.9549
39261,28255,2016-02-14 04:15:00.000000 UTC,21550,27.7778,29.4119
16111,28255,2016-02-06 22:15:00.000000 UTC,53170,27.7779,27.8658
28255,39261,2016-02-19 10:31:40.000000 UTC,54790,27.7791,30.4829
16111,39261,2016-02-07 04:46:40.000000 UTC,34510,27.7797,27.8921
29093,16111,2016-02-01 18:30:00.000000 UTC,28930,27.7803,27.8611
29093,16111,2016-02-04 03:01:40.000000 UTC,13570,27.7803,28.6781
29093,39261,2016-02-01 00:01:40.000000 UTC,55810,27.7812,27.9492
29093,16111,2016-02-03 13:25:00.000000 UTC,27790,27.7815,28.0649
29093,28255,2016-02-06 09:20:00.000000 UTC,35650,27.7815,30.3233
29093,28255,2016-02-01 13:46:40.000000 UTC,28570,27.7821,29.4498
28255,29093,2016-02-20 19:46:40.000000 UTC,42910,27.7827,30.1445
29093,39261,2016-02-04 11:25:00.000000 UTC,7690,27.7829,28.2766
39261,29093,2016-02-13 21:01:40.000000 UTC,55570,27.7832,31.0538
29093,16111,2016-02-02 20:20:00.000000 UTC,52990,27.7833,27.8484
28255,29093,2016-02-18 11:31:40.000000 UTC,8350,27.7833,28.3133
39261,16111,2016-02-16 11:50:00.000000 UTC,37930,27.784,28.1298
29093,16111,2016-02-01 13:46:40.000000 UTC,29230,27.7841,27.1806
39261,28255,2016-02-12 11:25:00.000000 UTC,10810,27.7842,28.6103
29093,28255,2016-02-02 21:55:00.000000 UTC,23530,27.7858,29.9553
28255,39261,2016-02-18 10:20:00.000000 UTC,29290,27.7861,29.3872
28255,16111,2016-02-18 14:15:00.000000 UTC,28030,27.7871,29.3569
28255,39261,2016-02-19 01:05:00.000000 UTC,29950,27.7878,29.4494
39261,16111,2016-02-15 14:01:40.000000 UTC,38170,27.7881,28.421
28255,39261,2016-02-18 21:01:40.000000 UTC,3790,27.7882,27.7848
28255,39261,2016-02-19 03:16:40.000000 UTC,42550,27.7888,30.23
39261,28255,2016-02-13 01:40:00.000000 UTC,10210,27.7896,28.6559
39261,16111,2016-02-14 13:50:00.000000 UTC,52750,27.7896,28.7116
28255,39261,2016-02-18 11:31:40.000000 UTC,29170,27.7899,29.0901
39261,29093,2016-02-16 07:15:00.000000 UTC,49030,27.7911,28.0836
28255,39261,2016-02-19 00:01:40.000000 UTC,2170,27.7913,27.3997
29093,16111,2016-02-03 01:10:00.000000 UTC,44830,27.7916,28.6687
28255,39261,2016-02-18 07:25:00.000000 UTC,46510,27.7916,28.0037
29093,28255,2016-02-01 02:10:00.000000 UTC,7750,27.7917,28.4526
28255,39261,2016-02-22 14:50:00.000000 UTC,8590,27.7919,27.4521
16111,28255,2016-02-06 17:55:00.000000 UTC,56050,27.7928,31.0376
28255,39261,2016-02-18 23:00:00.000000 UTC,36310,27.7935,29.9048
39261,16111,2016-02-14 15:31:40.000000 UTC,23950,27.7936,29.3295
39261,28255,2016-02-18 04:30:00.000000 UTC,35770,27.7936,29.8777
29093,16111,2016-02-01 08:20:00.000000 UTC,53890,27.794,27.7966
16111,28255,2016-02-06 22:46:40.000000 UTC,38170,27.7948,28.2149
29093,16111,2016-02-01 00:35:00.000000 UTC,55150,27.7949,30.8154
28255,16111,2016-02-18 19:10:00.000000 UTC,57010,27.7953,29.1012
29093,16111,2016-02-02 17:15:00.000000 UTC,19990,27.7972,28.7788
39261,16111,2016-02-12 11:25:00.000000 UTC,7090,27.7972,26.6889
16111,28255,2016-02-08 03:31:40.000000 UTC,9430,27.7978,28.7345
16111,29093,2016-02-09 14:31:40.000000 UTC,49450,27.798,29.9953
28255,39261,2016-02-22 22:15:00.000000 UTC,8950,27.7982,27.5985
39261,16111,2016-02-15 14:01:40.000000 UTC,35290,27.7983,28.0468
39261,16111,2016-02-15 10:00:00.000000 UTC,51490,27.799,31.007
39261,29093,2016-02-15 18:10:00.000000 UTC,38110,27.7991,28.4506
39261,16111,2016-02-17 20:20:00.000000 UTC,30250,27.7992,30.0389
16111,39261,2016-02-08 03:31:40.000000 UTC,14050,27.7994,28.5716
28255,39261,2016-02-23 00:46:40.000000 UTC,15850,27.7997,29.3094
28255,29093,2016-02-18 14:15:00.000000 UTC,36850,27.7998,30.1401
29093,16111,2016-02-05 00:50:00.000000 UTC,7330,27.8002,28.3538
39261,29093,2016-02-16 05:00:00.000000 UTC,6970,27.8004,26.8019
28255,29093,2016-02-19 11:50:00.000000 UTC,37150,27.8005,28.0122
16111,39261,2016-02-09 03:16:40.000000 UTC,8710,27.8008,28.7683
39261,28255,2016-02-17 17:40:00.000000 UTC,53770,27.8012,30.0935
39261,28255,2016-02-13 07:35:00.000000 UTC,28270,27.8015,29.1243
39261,16111,2016-02-12 11:35:00.000000 UTC,12910,27.8018,27.6857
29093,39261,2016-02-01 01:00:00.000000 UTC,41830,27.802,30.2784
29093,39261,2016-02-01 08:20:00.000000 UTC,43630,27.802,30.3987
29093,16111,2016-02-01 01:15:00.000000 UTC,38770,27.8021,30.7696
39261,28255,2016-02-13 01:40:00.000000 UTC,3310,27.803,27.7871
39261,16111,2016-02-12 13:10:00.000000 UTC,37690,27.8032,28.0604
39261,28255,2016-02-15 02:16:40.000000 UTC,32470,27.8032,29.2545
16111,28255,2016-02-08 22:01:40.000000 UTC,38530,27.8034,30.2525
28255,29093,2016-02-18 17:25:00.000000 UTC,40870,27.8045,28.3258
28255,16111,2016-02-21 11:40:00.000000 UTC,39910,27.8047,28.0684
39261,29093,2016-02-12 18:40:00.000000 UTC,15910,27.8049,28.7429
28255,16111,2016-02-18 04:40:00.000000 UTC,58690,27.8051,31.0908
28255,39261,2016-02-18 15:46:40.000000 UTC,49390,27.8053,29.25
39261,29093,2016-02-15 16:05:00.000000 UTC,28030,27.8056,29.8719
29093,39261,2016-02-02 20:20:00.000000 UTC,2950,27.806,27.7593
28255,39261,2016-02-21 07:31:40.000000 UTC,46510,27.8063,28.157
29093,28255,2016-02-05 05:31:40.000000 UTC,23050,27.8064,29.218
39261,16111,2016-02-16 00:35:00.000000 UTC,52990,27.807,30.6368
39261,16111,2016-02-13 03:31:40.000000 UTC,39190,27.8082,29.0245
28255,29093,2016-02-19 23:16:40.000000 UTC,51730,27.8087,28.362
16111,29093,2016-02-06 17:31:40.000000 UTC,19390,27.809,29.2454
28255,39261,2016-02-22 07:40:00.000000 UTC,39550,27.8094,29.8553
39261,28255,2016-02-12 21:30:00.000000 UTC,51970,27.8096,28.3135
29093,28255,2016-02-02 14:16:40.000000 UTC,47890,27.8099,28.7056
29093,28255,2016-02-04 09:16:40.000000 UTC,42550,27.81,29.2136
29093,39261,2016-02-01 15:35:00.000000 UTC,11710,27.8108,26.5294
29093,28255,2016-02-06 17:30:00.000000 UTC,12490,27.811,28.4512
39261,28255,2016-02-12 12:15:00.000000 UTC,10870,27.8112,28.9687
29093,39261,2016-02-05 03:10:00.000000 UTC,59590,27.8115,27.8706
39261,28255,2016-02-14 12:10:00.000000 UTC,46990,27.8116,28.7294
29093,16111,2016-02-06 14:45:00.000000 UTC,52930,27.8131,30.978
16111,28255,2016-02-06 22:46:40.000000 UTC,14950,27.8132,29.5896
29093,39261,2016-02-01 02:31:40.000000 UTC,54370,27.8133,30.8093
39261,29093,2016-02-17 17:40:00.000000 UTC,40810,27.8135,27.874
39261,16111,2016-02-13 17:01:40.000000 UTC,33730,27.8139,29.4697
28255,39261,2016-02-21 07:31:40.000000 UTC,13450,27.8145,27.7363
28255,39261,2016-02-21 13:46:40.000000 UTC,32470,27.8149,29.226
29093,39261,2016-02-01 12:05:00.000000 UTC,50410,27.8151,30.0386
39261,28255,2016-02-12 13:10:00.000000 UTC,43150,27.8153,28.2951
29093,39261,2016-02-02 15:45:00.000000 UTC,45610,27.8155,30.3989
16111,28255,2016-02-09 06:55:00.000000 UTC,3070,27.8156,27.8285
39261,28255,2016-02-13 15:45:00.000000 UTC,58150,27.8156,30.5177
28255,16111,2016-02-21 07:31:40.000000 UTC,24730,27.8157,29.5075
28255,29093,2016-02-18 15:00:00.000000 UTC,55330,27.816,28.8704
16111,28255,2016-02-08 03:31:40.000000 UTC,51070,27.8164,28.7472
16111,28255,2016-02-09 22:35:00.000000 UTC,34450,27.8164,27.9284
16111,39261,2016-02-06 20:25:00.000000 UTC,47770,27.818,29.7441
28255,39261,2016-02-21 07:31:40.000000 UTC,55630,27.8186,28.2774
16111,28255,2016-02-10 18:20:00.000000 UTC,32890,27.819,28.6843
28255,16111,2016-02-19 23:16:40.000000 UTC,56410,27.82,28.8158
39261,28255,2016-02-12 13:55:00.000000 UTC,22930,27.8201,29.0928
28255,39261,2016-02-21 15:55:00.000000 UTC,40390,27.8202,29.0674
16111,29093,2016-02-07 17:25:00.000000 UTC,42670,27.821,29.8421
29093,28255,2016-02-05 05:31:40.000000 UTC,29110,27.8212,29.3661
16111,39261,2016-02-07 17:25:00.000000 UTC,25630,27.8212,28.9409
39261,16111,2016-02-13 10:55:00.000000 UTC,52090,27.8212,29.9073
16111,28255,2016-02-09 20:31:40.000000 UTC,33910,27.8217,27.9999
29093,28255,2016-02-03 19:05:00.000000 UTC,18070,27.8226,28.6195
28255,16111,2016-02-18 13:31:40.000000 UTC,40690,27.8226,30.3658
16111,29093,2016-02-08 07:46:40.000000 UTC,19930,27.8231,27.7028
39261,28255,2016-02-12 16:16:40.000000 UTC,10690,27.8233,28.8276
28255,39261,2016-02-21 01:31:40.000000 UTC,50230,27.8238,30.1001
16111,28255,2016-02-06 19:40:00.000000 UTC,37390,27.8241,28.0711
16111,29093,2016-02-06 17:30:00.000000 UTC,13270,27.8243,27.7578
39261,29093,2016-02-16 11:50:00.000000 UTC,36610,27.8251,28.0505
29093,39261,2016-02-01 00:35:00.000000 UTC,23230,27.8252,29.6619
16111,39261,2016-02-10 13:45:00.000000 UTC,12610,27.8253,29.6659
39261,28255,2016-02-12 21:30:00.000000 UTC,59110,27.8261,30.6296
39261,29093,2016-02-12 11:16:40.000000 UTC,56110,27.8279,25.8812
16111,39261,2016-02-08 06:20:00.000000 UTC,8830,27.8286,28.8026
39261,16111,2016-02-13 10:55:00.000000 UTC,6310,27.8292,25.6958
16111,28255,2016-02-11 06:16:40.000000 UTC,54130,27.8293,27.7653
39261,28255,2016-02-12 18:40:00.000000 UTC,46930,27.8297,29.9992
16111,29093,2016-02-07 07:16:40.000000 UTC,42490,27.8303,30.1287
39261,28255,2016-02-17 02:15:00.000000 UTC,23710,27.8303,27.1823
28255,39261,2016-02-18 06:40:00.000000 UTC,46690,27.8309,28.5977
39261,29093,2016-02-13 14:30:00.000000 UTC,46990,27.831,29.5711
16111,39261,2016-02-11 16:20:00.000000 UTC,39070,27.8313,30.4943
28255,39261,2016-02-21 03:30:00.000000 UTC,13030,27.8316,26.8818
28255,29093,2016-02-21 07:31:40.000000 UTC,56710,27.8317,28.7999
28255,39261,2016-02-18 04:31:40.000000 UTC,40690,27.8318,28.7247
28255,39261,2016-02-18 05:05:00.000000 UTC,59590,27.832,30.5916
29093,39261,2016-02-01 02:55:00.000000 UTC,41350,27.8323,28.2156
16111,29093,2016-02-07 12:00:00.000000 UTC,56410,27.8324,27.9526
29093,39261,2016-02-03 23:00:00.000000 UTC,49750,27.8325,28.1404
16111,29093,2016-02-06 22:46:40.000000 UTC,21790,27.8329,29.0173
16111,28255,2016-02-09 14:31:40.000000 UTC,56590,27.8332,27.8201
28255,39261,2016-02-20 04:01:40.000000 UTC,36730,27.8332,28.6942
28255,39261,2016-02-23 16:31:40.000000 UTC,9970,27.8344,28.4133
39261,16111,2016-02-12 18:01:40.000000 UTC,23110,27.835,29.7284
29093,28255,2016-02-01 00:00:00.000000 UTC,12970,27.8351,27.3562
28255,39261,2016-02-18 06:20:00.000000 UTC,10570,27.8354,28.8246
28255,16111,2016-02-18 12:10:00.000000 UTC,57070,27.8355,31.1384
29093,39261,2016-02-03 19:05:00.000000 UTC,22510,27.8357,29.9773
29093,28255,2016-02-05 05:31:40.000000 UTC,17050,27.8357,29.2318
39261,28255,2016-02-12 21:30:00.000000 UTC,28450,27.8359,28.6512
39261,16111,2016-02-15 04:10:00.000000 UTC,4570,27.8359,27.2578
28255,39261,2016-02-18 06:40:00.000000 UTC,49450,27.836,28.172
28255,29093,2016-02-21 07:31:40.000000 UTC,56410,27.8369,27.8713
29093,16111,2016-02-02 15:45:00.000000 UTC,53110,27.837,27.8579
16111,39261,2016-02-06 20:01:40.000000 UTC,14350,27.837,26.4533
28255,29093,2016-02-19 06:46:40.000000 UTC,43810,27.8372,28.3057
29093,16111,2016-02-01 05:16:40.000000 UTC,49390,27.838,30.5785
28255,39261,2016-02-18 05:30:00.000000 UTC,10450,27.838,28.583
28255,16111,2016-02-18 22:00:00.000000 UTC,9250,27.8384,28.9087
28255,39261,2016-02-23 16:31:40.000000 UTC,16390,27.8387,29.1336
29093,28255,2016-02-05 20:16:40.000000 UTC,38530,27.8397,30.2408
39261,28255,2016-02-17 17:40:00.000000 UTC,11590,27.8397,29.1381
16111,28255,2016-02-10 20:40:00.000000 UTC,33730,27.8416,27.9541
28255,29093,2016-02-19 06:46:40.000000 UTC,21970,27.8427,29.6676
39261,28255,2016-02-15 18:10:00.000000 UTC,19570,27.8428,28.523
16111,39261,2016-02-07 06:25:00.000000 UTC,7870,27.8433,28.1681
39261,29093,2016-02-13 07:35:00.000000 UTC,40750,27.8436,28.2209
39261,29093,2016-02-12 12:15:00.000000 UTC,40630,27.844,30.1652
16111,28255,2016-02-06 18:05:00.000000 UTC,13570,27.8442,28.9537
39261,28255,2016-02-14 13:50:00.000000 UTC,15490,27.8443,29.7012
28255,39261,2016-02-18 06:20:00.000000 UTC,10510,27.8462,28.6749
28255,29093,2016-02-18 07:50:00.000000 UTC,39970,27.8464,28.0863
29093,39261,2016-02-02 03:30:00.000000 UTC,24130,27.8465,29.6713
28255,16111,2016-02-19 00:01:40.000000 UTC,20110,27.8466,28.9644
16111,29093,2016-02-06 19:40:00.000000 UTC,27250,27.8467,29.2424
28255,16111,2016-02-23 19:15:00.000000 UTC,58030,27.8468,29.3164
29093,28255,2016-02-01 15:35:00.000000 UTC,16510,27.847,28.413
16111,28255,2016-02-07 05:35:00.000000 UTC,48850,27.8479,28.12
28255,39261,2016-02-20 00:50:00.000000 UTC,24550,27.8479,28.6046
28255,29093,2016-02-20 17:55:00.000000 UTC,43330,27.8479,30.2373
28255,29093,2016-02-21 22:30:00.000000 UTC,37150,27.8481,29.1526
39261,28255,2016-02-13 23:50:00.000000 UTC,27430,27.8482,28.8915
29093,28255,2016-02-04 03:01:40.000000 UTC,55690,27.8483,28.65
28255,39261,2016-02-18 16:35:00.000000 UTC,42010,27.8491,30.0728
29093,39261,2016-02-05 12:46:40.000000 UTC,59530,27.8492,28.0131
39261,29093,2016-02-12 23:55:00.000000 UTC,28150,27.8494,28.9701
39261,29093,2016-02-17 23:01:40.000000 UTC,8470,27.8495,28.0238
16111,39261,2016-02-10 20:40:00.000000 UTC,51790,27.8497,31.0009
16111,28255,2016-02-08 20:20:00.000000 UTC,50110,27.8502,30.8079
39261,16111,2016-02-13 01:40:00.000000 UTC,34270,27.8502,28.3916
29093,28255,2016-02-04 07:10:00.000000 UTC,3190,27.8506,27.1179
28255,39261,2016-02-20 00:50:00.000000 UTC,48790,27.8506,29.3314
16111,29093,2016-02-06 20:50:00.000000 UTC,52570,27.851,27.7422
28255,39261,2016-02-23 16:31:40.000000 UTC,9910,27.851,28.2496
16111,39261,2016-02-07 04:00:00.000000 UTC,6790,27.8512,26.6166
29093,16111,2016-02-03 04:31:40.000000 UTC,44110,27.8516,30.1982
29093,39261,2016-02-01 02:55:00.000000 UTC,41290,27.8519,28.0457
16111,28255,2016-02-10 00:40:00.000000 UTC,52570,27.852,29.091
16111,39261,2016-02-08 04:55:00.000000 UTC,8290,27.8527,28.3459
39261,28255,2016-02-12 14:46:40.000000 UTC,43210,27.8527,27.9543
16111,29093,2016-02-07 23:31:40.000000 UTC,37210,27.8535,29.7018
29093,28255,2016-02-01 12:55:00.000000 UTC,51850,27.854,29.2643
29093,28255,2016-02-01 09:45:00.000000 UTC,36010,27.8549,28.1426
39261,16111,2016-02-12 21:30:00.000000 UTC,10690,27.855,29.3318
39261,29093,2016-02-12 11:01:40.000000 UTC,3850,27.8556,26.2247
16111,28255,2016-02-09 06:55:00.000000 UTC,54730,27.8559,27.9535
39261,28255,2016-02-13 15:45:00.000000 UTC,42190,27.8561,27.845
29093,28255,2016-02-01 12:55:00.000000 UTC,3130,27.8568,27.8402
39261,16111,2016-02-12 18:01:40.000000 UTC,11170,27.8569,27.5701
28255,39261,2016-02-18 05:30:00.000000 UTC,47350,27.8575,30.0522
29093,28255,2016-02-02 07:20:00.000000 UTC,13510,27.8578,27.1034
16111,28255,2016-02-07 07:16:40.000000 UTC,22810,27.8581,29.3346
39261,28255,2016-02-13 10:55:00.000000 UTC,51310,27.8586,28.0384
28255,29093,2016-02-19 03:16:40.000000 UTC,45430,27.8588,30.4484
39261,29093,2016-02-16 18:55:00.000000 UTC,38710,27.859,30.3536
16111,39261,2016-02-09 05:05:00.000000 UTC,21610,27.8592,29.4094
39261,16111,2016-02-16 00:35:00.000000 UTC,24730,27.8592,29.4094
16111,29093,2016-02-10 23:01:40.000000 UTC,33070,27.8593,28.6807
29093,39261,2016-02-02 01:05:00.000000 UTC,3430,27.8595,26.8672
39261,16111,2016-02-15 04:10:00.000000 UTC,12970,27.8597,28.6178
16111,28255,2016-02-12 08:15:00.000000 UTC,46030,27.8599,30.347
39261,28255,2016-02-12 11:05:00.000000 UTC,3610,27.8619,27.6597
39261,16111,2016-02-15 02:16:40.000000 UTC,32470,27.8621,28.8951
28255,39261,2016-02-22 07:40:00.000000 UTC,7990,27.8622,26.3181
39261,16111,2016-02-14 15:31:40.000000 UTC,50710,27.8625,30.9097
29093,39261,2016-02-03 19:05:00.000000 UTC,36610,27.8635,27.9272
28255,16111,2016-02-19 00:01:40.000000 UTC,8710,27.8638,28.5555
16111,29093,2016-02-07 19:46:40.000000 UTC,33790,27.8642,28.3147
16111,28255,2016-02-09 03:16:40.000000 UTC,9250,27.8642,29.0684
29093,39261,2016-02-04 18:00:00.000000 UTC,970,27.8648,27.915
16111,28255,2016-02-07 12:00:00.000000 UTC,36130,27.8651,29.7892
28255,16111,2016-02-18 05:16:40.000000 UTC,12970,27.8653,28.5439
28255,39261,2016-02-18 06:40:00.000000 UTC,23170,27.8653,29.5154
39261,16111,2016-02-17 04:45:00.000000 UTC,22690,27.8654,29.1518
28255,16111,2016-02-23 05:55:00.000000 UTC,41590,27.8658,28.0207
28255,39261,2016-02-21 05:30:00.000000 UTC,26350,27.8659,29.5786
29093,28255,2016-02-01 10:30:00.000000 UTC,9670,27.866,29.0404
29093,28255,2016-02-02 15:45:00.000000 UTC,15910,27.8664,29.2183
28255,16111,2016-02-20 00:50:00.000000 UTC,8830,27.8666,28.7909
39261,29093,2016-02-12 11:10:00.000000 UTC,28690,27.8674,27.6352
29093,39261,2016-02-01 12:55:00.000000 UTC,56890,27.8677,30.8105
39261,16111,2016-02-14 10:31:40.000000 UTC,29770,27.8678,30.4704
39261,28255,2016-02-13 01:40:00.000000 UTC,52150,27.8683,29.3162
39261,28255,2016-02-14 02:45:00.000000 UTC,33430,27.8691,29.223
39261,29093,2016-02-13 03:31:40.000000 UTC,27190,27.8695,29.2367
39261,28255,2016-02-12 11:16:40.000000 UTC,53350,27.8696,30.3385
28255,16111,2016-02-22 00:45:00.000000 UTC,37810,27.8698,30.0141
39261,28255,2016-02-17 17:40:00.000000 UTC,23830,27.8701,29.4148
28255,29093,2016-02-21 05:30:00.000000 UTC,18070,27.8709,29.4165
39261,28255,2016-02-12 11:00:00.000000 UTC,8110,27.8714,25.7917
39261,29093,2016-02-16 11:50:00.000000 UTC,11530,27.8717,29.2262
39261,29093,2016-02-12 13:10:00.000000 UTC,45190,27.8718,28.4637
29093,39261,2016-02-02 03:30:00.000000 UTC,38230,27.873,28.8769
16111,39261,2016-02-08 10:45:00.000000 UTC,1270,27.8731,28.1109
16111,39261,2016-02-09 18:30:00.000000 UTC,27370,27.8735,29.2073
29093,39261,2016-02-05 22:50:00.000000 UTC,22630,27.8737,27.531
39261,28255,2016-02-14 15:31:40.000000 UTC,38890,27.8737,29.335
39261,28255,2016-02-14 15:31:40.000000 UTC,2290,27.8738,27.4109
29093,28255,2016-02-01 04:45:00.000000 UTC,55990,27.8739,28.9451
16111,39261,2016-02-09 22:35:00.000000 UTC,39370,27.8739,30.5829
29093,39261,2016-02-02 08:40:00.000000 UTC,12970,27.8744,28.4361
28255,16111,2016-02-23 00:46:40.000000 UTC,28630,27.8749,28.6752
16111,28255,2016-02-07 01:50:00.000000 UTC,27790,27.8754,29.8721
39261,16111,2016-02-12 13:55:00.000000 UTC,30010,27.8757,30.1607
29093,16111,2016-02-02 03:30:00.000000 UTC,2770,27.8759,27.7813
16111,28255,2016-02-06 21:45:00.000000 UTC,8290,27.8764,28.5661
16111,28255,2016-02-07 23:31:40.000000 UTC,26890,27.8764,29.6817
29093,16111,2016-02-02 21:55:00.000000 UTC,20410,27.8767,30.0739
29093,39261,2016-02-02 21:55:00.000000 UTC,29230,27.877,30.2335
39261,28255,2016-02-13 22:25:00.000000 UTC,23830,27.8772,28.2362
16111,28255,2016-02-06 17:46:40.000000 UTC,19690,27.8773,29.3989
29093,39261,2016-02-03 13:25:00.000000 UTC,8170,27.8777,28.5523
39261,16111,2016-02-16 05:00:00.000000 UTC,45910,27.8779,29.8856
28255,29093,2016-02-23 00:46:40.000000 UTC,57070,27.8779,27.9396
16111,39261,2016-02-06 18:05:00.000000 UTC,10750,27.8788,29.4665
29093,39261,2016-02-03 11:35:00.000000 UTC,20170,27.8794,29.3183
29093,28255,2016-02-01 19:31:40.000000 UTC,43810,27.8796,28.9452
39261,16111,2016-02-17 09:50:00.000000 UTC,44530,27.8798,30.8301
28255,29093,2016-02-23 16:31:40.000000 UTC,3550,27.8806,25.765
29093,39261,2016-02-04 22:31:40.000000 UTC,40630,27.8815,28.3396
39261,29093,2016-02-13 07:35:00.000000 UTC,37810,27.8815,28.293
39261,16111,2016-02-17 17:40:00.000000 UTC,59050,27.8815,30.985
39261,16111,2016-02-13 09:46:40.000000 UTC,58390,27.8824,30.9013
16111,39261,2016-02-07 14:05:00.000000 UTC,53230,27.8828,30.7358
28255,29093,2016-02-18 05:30:00.000000 UTC,49990,27.8831,31.0088
39261,28255,2016-02-17 23:01:40.000000 UTC,58750,27.8837,28.5365
29093,28255,2016-02-04 07:10:00.000000 UTC,42790,27.8839,30.4867
28255,29093,2016-02-19 09:15:00.000000 UTC,38650,27.884,30.2231
16111,39261,2016-02-06 23:55:00.000000 UTC,49210,27.8844,30.6285
29093,39261,2016-02-03 13:25:00.000000 UTC,8050,27.8846,28.2099
16111,29093,2016-02-08 10:45:00.000000 UTC,48910,27.8848,30.4117
29093,28255,2016-02-01 05:16:40.000000 UTC,8530,27.8852,28.9094
28255,39261,2016-02-18 05:30:00.000000 UTC,22810,27.8852,28.9776
39261,16111,2016-02-13 21:01:40.000000 UTC,40450,27.8853,28.259
28255,29093,2016-02-18 17:25:00.000000 UTC,6730,27.8857,26.6134
29093,39261,2016-02-04 22:31:40.000000 UTC,37510,27.8872,28.2848
39261,29093,2016-02-13 21:01:40.000000 UTC,45970,27.8873,28.1743
29093,39261,2016-02-01 15:35:00.000000 UTC,40990,27.8875,29.3942
29093,39261,2016-02-04 09:16:40.000000 UTC,55270,27.8877,28.3582
28255,39261,2016-02-23 00:46:40.000000 UTC,15670,27.8885,28.9766
16111,28255,2016-02-11 06:16:40.000000 UTC,50770,27.8887,28.1186
28255,29093,2016-02-20 04:01:40.000000 UTC,34750,27.8894,29.9315
28255,39261,2016-02-18 06:20:00.000000 UTC,47410,27.8895,30.0739
29093,28255,2016-02-01 00:46:40.000000 UTC,58210,27.8896,27.9795
28255,16111,2016-02-20 21:40:00.000000 UTC,21310,27.8898,29.5319
39261,29093,2016-02-12 17:25:00.000000 UTC,39790,27.8907,30.6751
29093,16111,2016-02-03 06:15:00.000000 UTC,52810,27.8912,27.9509
28255,39261,2016-02-18 12:10:00.000000 UTC,10930,27.8915,29.105
28255,29093,2016-02-23 00:46:40.000000 UTC,54190,27.8919,28.9461
16111,39261,2016-02-07 05:35:00.000000 UTC,38170,27.8921,29.1757
39261,29093,2016-02-12 14:20:00.000000 UTC,36490,27.8929,27.8413
16111,39261,2016-02-12 11:00:00.000000 UTC,51670,27.8932,29.7445
39261,16111,2016-02-13 10:55:00.000000 UTC,12550,27.8936,28.2643
28255,39261,2016-02-18 18:16:40.000000 UTC,49870,27.8938,28.3865
16111,29093,2016-02-06 17:31:40.000000 UTC,43930,27.8943,29.7591
39261,29093,2016-02-14 20:46:40.000000 UTC,27010,27.8943,29.7218
39261,28255,2016-02-12 12:15:00.000000 UTC,10810,27.8951,28.8187
39261,28255,2016-02-12 22:16:40.000000 UTC,42790,27.8956,28.2142
39261,16111,2016-02-16 00:35:00.000000 UTC,18790,27.8958,28.5892
29093,39261,2016-02-01 15:35:00.000000 UTC,41350,27.896,28.568
39261,16111,2016-02-13 02:35:00.000000 UTC,39730,27.8963,28.1832
28255,29093,2016-02-23 03:20:00.000000 UTC,19870,27.8963,28.3984
29093,39261,2016-02-05 10:20:00.000000 UTC,7090,27.8966,26.6208
28255,16111,2016-02-21 07:31:40.000000 UTC,38050,27.8966,28.2606
29093,28255,2016-02-02 23:31:40.000000 UTC,17710,27.8967,29.7153
16111,39261,2016-02-11 21:31:40.000000 UTC,23830,27.8971,29.1396
39261,28255,2016-02-14 01:16:40.000000 UTC,47410,27.8971,28.8497
39261,28255,2016-02-12 11:10:00.000000 UTC,47170,27.8972,29.8369
29093,16111,2016-02-01 13:46:40.000000 UTC,48310,27.8974,27.9911
16111,29093,2016-02-07 12:00:00.000000 UTC,33610,27.8989,28.2473
39261,28255,2016-02-14 08:55:00.000000 UTC,17530,27.8992,27.9288
16111,39261,2016-02-12 11:00:00.000000 UTC,6490,27.8993,26.1378
39261,29093,2016-02-15 16:05:00.000000 UTC,39010,27.901,29.4792
29093,39261,2016-02-01 18:30:00.000000 UTC,34270,27.9014,29.9319
16111,28255,2016-02-08 02:10:00.000000 UTC,59290,27.9017,29.455
28255,39261,2016-02-20 10:45:00.000000 UTC,12910,27.9018,29.313
16111,39261,2016-02-08 04:55:00.000000 UTC,45310,27.9022,30.3807
39261,28255,2016-02-12 12:50:00.000000 UTC,10690,27.9025,28.4964
29093,16111,2016-02-03 15:16:40.000000 UTC,12430,27.9034,18.4816
28255,29093,2016-02-18 07:50:00.000000 UTC,44410,27.9039,30.5541
28255,39261,2016-02-18 06:20:00.000000 UTC,10450,27.9045,28.5201
39261,28255,2016-02-13 01:40:00.000000 UTC,52270,27.9049,29.5745
16111,39261,2016-02-11 21:31:40.000000 UTC,52030,27.9051,30.0066
28255,39261,2016-02-18 11:31:40.000000 UTC,10750,27.9055,28.7493
39261,29093,2016-02-13 21:01:40.000000 UTC,48790,27.9056,28.422
29093,39261,2016-02-05 17:45:00.000000 UTC,28330,27.9059,29.7975
39261,16111,2016-02-12 11:10:00.000000 UTC,7150,27.906,26.7203
28255,29093,2016-02-23 13:50:00.000000 UTC,37390,27.9066,28.0079
29093,28255,2016-02-05 07:55:00.000000 UTC,40990,27.9069,28.3983
16111,29093,2016-02-08 23:45:00.000000 UTC,57370,27.9069,27.8395
39261,28255,2016-02-12 12:00:00.000000 UTC,16930,27.9072,28.8888
16111,29093,2016-02-06 20:01:40.000000 UTC,30970,27.9074,29.7543
28255,29093,2016-02-20 12:30:00.000000 UTC,40630,27.9074,28.3629
39261,29093,2016-02-13 23:50:00.000000 UTC,31690,27.9075,29.1279
39261,29093,2016-02-13 10:55:00.000000 UTC,11830,27.9086,27.9747
16111,28255,2016-02-07 22:15:00.000000 UTC,34270,27.9098,29.3966
39261,16111,2016-02-14 01:16:40.000000 UTC,33250,27.9119,29.381
16111,39261,2016-02-07 17:25:00.000000 UTC,41110,27.912,28.3126
39261,29093,2016-02-12 12:50:00.000000 UTC,23230,27.9122,29.4826
39261,29093,2016-02-15 02:16:40.000000 UTC,38650,27.9136,29.0785
28255,39261,2016-02-18 16:35:00.000000 UTC,41770,27.9137,29.7905
39261,29093,2016-02-13 03:31:40.000000 UTC,13930,27.914,28.9029
28255,29093,2016-02-19 17:20:00.000000 UTC,58390,27.914,27.9018
39261,28255,2016-02-17 20:20:00.000000 UTC,53770,27.9144,30.1885
16111,28255,2016-02-10 20:40:00.000000 UTC,36970,27.9147,28.8764
29093,16111,2016-02-01 17:30:00.000000 UTC,57130,27.915,27.9117
39261,29093,2016-02-17 02:15:00.000000 UTC,55330,27.9156,29.2955
29093,16111,2016-02-04 05:05:00.000000 UTC,41290,27.9157,28.6039
39261,16111,2016-02-15 18:10:00.000000 UTC,9250,27.9158,28.7396
39261,16111,2016-02-13 09:46:40.000000 UTC,13090,27.9166,29.0155
39261,16111,2016-02-13 15:45:00.000000 UTC,40330,27.9166,30.6284
29093,28255,2016-02-05 00:50:00.000000 UTC,9910,27.9172,28.898
29093,28255,2016-02-01 00:46:40.000000 UTC,57730,27.9173,29.2981
16111,29093,2016-02-09 20:31:40.000000 UTC,29470,27.9181,28.1634
16111,28255,2016-02-06 18:16:40.000000 UTC,23350,27.9182,22.3594
16111,28255,2016-02-07 01:50:00.000000 UTC,9430,27.9182,29.2023
29093,39261,2016-02-01 03:46:40.000000 UTC,11710,27.9183,29.5084
28255,16111,2016-02-18 11:31:40.000000 UTC,23110,27.9183,29.5951
29093,28255,2016-02-03 09:46:40.000000 UTC,40150,27.9184,28.2159
39261,28255,2016-02-13 09:46:40.000000 UTC,1210,27.9186,28.0795
39261,29093,2016-02-12 22:16:40.000000 UTC,9430,27.9194,28.8682
28255,16111,2016-02-18 05:05:00.000000 UTC,48970,27.9197,28.9648
39261,16111,2016-02-16 14:10:00.000000 UTC,37870,27.9212,29.4762
28255,16111,2016-02-23 05:55:00.000000 UTC,36910,27.922,30.0093
16111,28255,2016-02-07 15:10:00.000000 UTC,50890,27.9223,28.8358
39261,16111,2016-02-12 13:55:00.000000 UTC,12610,27.9227,28.7613
29093,28255,2016-02-06 17:30:00.000000 UTC,30670,27.923,29.1241
28255,29093,2016-02-18 20:05:00.000000 UTC,29890,27.9241,30.0199
39261,29093,2016-02-12 18:40:00.000000 UTC,10270,27.9244,28.9604
39261,28255,2016-02-17 17:40:00.000000 UTC,47950,27.9247,30.1714
39261,28255,2016-02-12 23:05:00.000000 UTC,46630,27.9253,29.7193
39261,29093,2016-02-15 20:16:40.000000 UTC,40390,27.9261,27.8358
39261,16111,2016-02-12 18:40:00.000000 UTC,34090,27.9267,29.6139
16111,29093,2016-02-08 03:31:40.000000 UTC,34030,27.9268,28.1941
39261,28255,2016-02-14 12:10:00.000000 UTC,58990,27.9273,28.7982
29093,39261,2016-02-01 05:50:00.000000 UTC,12010,27.9274,28.1505
16111,28255,2016-02-06 19:40:00.000000 UTC,7510,27.9278,27.65
39261,29093,2016-02-15 10:00:00.000000 UTC,52750,27.9279,30.9334
29093,28255,2016-02-01 02:10:00.000000 UTC,13450,27.928,27.6344
39261,28255,2016-02-15 14:01:40.000000 UTC,20050,27.928,29.2477
16111,28255,2016-02-11 21:31:40.000000 UTC,49330,27.9285,30.2221
28255,39261,2016-02-20 09:01:40.000000 UTC,48730,27.9286,28.3453
39261,28255,2016-02-13 03:31:40.000000 UTC,54250,27.9288,29.0952
28255,39261,2016-02-20 16:05:00.000000 UTC,55930,27.9288,30.3372
29093,16111,2016-02-02 01:05:00.000000 UTC,15310,27.9291,29.9694
28255,29093,2016-02-20 02:25:00.000000 UTC,56590,27.9295,28.0235
29093,28255,2016-02-05 20:16:40.000000 UTC,34690,27.9296,27.8425
16111,28255,2016-02-06 19:20:00.000000 UTC,19930,27.9297,29.1458
39261,28255,2016-02-13 10:55:00.000000 UTC,22150,27.9297,29.1201
39261,16111,2016-02-16 11:50:00.000000 UTC,55810,27.9297,31.0668
28255,16111,2016-02-20 02:25:00.000000 UTC,55930,27.9301,28.145
39261,28255,2016-02-12 16:16:40.000000 UTC,10570,27.9302,28.5231
28255,16111,2016-02-18 05:30:00.000000 UTC,41770,27.9303,30.6425
39261,28255,2016-02-12 12:50:00.000000 UTC,47230,27.9304,30.0514
29093,28255,2016-02-01 02:10:00.000000 UTC,37450,27.9306,28.3135
39261,28255,2016-02-12 21:30:00.000000 UTC,42730,27.9313,28.4597
16111,39261,2016-02-10 02:46:40.000000 UTC,21490,27.9314,28.9012
28255,29093,2016-02-18 08:16:40.000000 UTC,59410,27.9314,28.1183
16111,29093,2016-02-09 12:35:00.000000 UTC,55570,27.9318,31.196
39261,29093,2016-02-14 12:10:00.000000 UTC,53470,27.9322,28.7602
16111,39261,2016-02-08 17:01:40.000000 UTC,30910,27.9335,30.4506
29093,16111,2016-02-01 01:00:00.000000 UTC,32410,27.9336,29.2016
29093,39261,2016-02-02 10:01:40.000000 UTC,13450,27.9337,28.7658
28255,39261,2016-02-18 05:45:00.000000 UTC,16690,27.9345,28.8442
29093,16111,2016-02-02 08:40:00.000000 UTC,25990,27.9347,29.074
16111,28255,2016-02-07 03:15:00.000000 UTC,40270,27.9348,30.4014
28255,29093,2016-02-18 15:46:40.000000 UTC,46810,27.935,28.4395
39261,28255,2016-02-12 14:46:40.000000 UTC,52210,27.9351,28.2037
39261,28255,2016-02-12 15:45:00.000000 UTC,54910,27.9352,28.7167
28255,39261,2016-02-18 05:30:00.000000 UTC,47410,27.9355,30.1481
16111,39261,2016-02-08 10:45:00.000000 UTC,9910,27.9356,28.5855
39261,28255,2016-02-12 15:45:00.000000 UTC,42790,27.9358,28.9003
28255,39261,2016-02-18 09:46:40.000000 UTC,10690,27.9366,28.7794
28255,16111,2016-02-23 13:50:00.000000 UTC,40750,27.9369,30.2254
28255,39261,2016-02-23 13:50:00.000000 UTC,9610,27.9369,27.7227
16111,28255,2016-02-09 05:05:00.000000 UTC,33190,27.937,27.9752
28255,39261,2016-02-22 10:01:40.000000 UTC,47590,27.9371,28.3213
16111,29093,2016-02-06 19:20:00.000000 UTC,7990,27.9377,28.8257
16111,29093,2016-02-10 00:40:00.000000 UTC,23590,27.938,29.1421
39261,28255,2016-02-12 12:15:00.000000 UTC,3670,27.938,27.9447
28255,16111,2016-02-20 02:25:00.000000 UTC,58390,27.9383,28.1006
16111,29093,2016-02-06 19:01:40.000000 UTC,58210,27.9401,28.0433
29093,39261,2016-02-06 06:40:00.000000 UTC,39550,27.9405,28.669
39261,29093,2016-02-12 18:40:00.000000 UTC,10030,27.9406,28.2777
29093,28255,2016-02-03 01:10:00.000000 UTC,41350,27.9418,28.3249
29093,16111,2016-02-03 13:25:00.000000 UTC,2170,27.942,27.4273
16111,28255,2016-02-08 15:25:00.000000 UTC,57010,27.9426,27.9803
39261,28255,2016-02-15 02:16:40.000000 UTC,55810,27.9426,28.7977
29093,16111,2016-02-01 14:40:00.000000 UTC,48670,27.9428,29.3917
28255,29093,2016-02-20 12:30:00.000000 UTC,15610,27.9437,28.8129
16111,39261,2016-02-09 22:35:00.000000 UTC,26590,27.9446,29.3336
16111,28255,2016-02-06 18:30:00.000000 UTC,19390,27.9448,28.3301
28255,29093,2016-02-20 12:30:00.000000 UTC,3250,27.9449,27.7322
28255,29093,2016-02-23 03:20:00.000000 UTC,14530,27.9457,29.1845
29093,16111,2016-02-06 12:01:40.000000 UTC,6130,27.9459,27.3111
39261,29093,2016-02-12 14:20:00.000000 UTC,22750,27.9459,29.1547
29093,28255,2016-02-05 10:20:00.000000 UTC,56290,27.9472,28.7596
28255,39261,2016-02-20 23:35:00.000000 UTC,40090,27.9476,28.1823
28255,39261,2016-02-23 08:31:40.000000 UTC,15670,27.9482,28.2197
16111,28255,2016-02-08 04:55:00.000000 UTC,30070,27.9483,29.0212
28255,39261,2016-02-23 03:20:00.000000 UTC,9070,27.9484,27.3274
39261,29093,2016-02-15 04:10:00.000000 UTC,13690,27.9486,29.1849
16111,29093,2016-02-07 01:10:00.000000 UTC,53050,27.9489,28.9548
28255,29093,2016-02-18 10:20:00.000000 UTC,31930,27.949,30.0406
29093,39261,2016-02-01 00:01:40.000000 UTC,36970,27.9491,29.38
29093,16111,2016-02-01 19:31:40.000000 UTC,34570,27.9498,27.8266
16111,28255,2016-02-11 13:46:40.000000 UTC,40870,27.9499,28.547
28255,16111,2016-02-18 04:40:00.000000 UTC,58750,27.95,31.1709
29093,39261,2016-02-01 11:16:40.000000 UTC,13450,27.9501,28.4397
16111,28255,2016-02-09 18:30:00.000000 UTC,38650,27.9504,29.8463
16111,39261,2016-02-10 18:20:00.000000 UTC,20110,27.9504,29.3318
28255,39261,2016-02-23 08:31:40.000000 UTC,28570,27.9504,29.691
39261,29093,2016-02-12 14:20:00.000000 UTC,22630,27.9505,28.7384
39261,28255,2016-02-17 20:20:00.000000 UTC,53350,27.9506,29.398
28255,16111,2016-02-20 17:55:00.000000 UTC,16390,27.9506,29.3313
39261,16111,2016-02-15 18:10:00.000000 UTC,44530,27.9512,30.2385
29093,39261,2016-02-05 10:20:00.000000 UTC,52570,27.9513,28.6588
28255,39261,2016-02-23 13:50:00.000000 UTC,34510,27.9514,29.2536
39261,28255,2016-02-12 13:10:00.000000 UTC,49210,27.952,28.1793
39261,16111,2016-02-12 12:15:00.000000 UTC,40930,27.9523,28.8603
29093,16111,2016-02-01 08:20:00.000000 UTC,38530,27.9525,30.9001
16111,39261,2016-02-10 07:05:00.000000 UTC,13930,27.9525,25.5184
16111,39261,2016-02-11 06:16:40.000000 UTC,23590,27.9528,29.6637
28255,39261,2016-02-23 03:20:00.000000 UTC,51550,27.9529,28.3859
29093,39261,2016-02-01 00:10:00.000000 UTC,3490,27.9535,28.0418
29093,28255,2016-02-05 00:50:00.000000 UTC,36370,27.9539,28.3386
39261,29093,2016-02-12 17:25:00.000000 UTC,41170,27.954,28.666
28255,39261,2016-02-21 13:46:40.000000 UTC,26650,27.9541,29.5213
29093,39261,2016-02-04 22:31:40.000000 UTC,16810,27.9544,29.101
39261,29093,2016-02-13 07:35:00.000000 UTC,12730,27.9546,28.2938
28255,29093,2016-02-19 08:00:00.000000 UTC,50350,27.9546,31.0275
28255,39261,2016-02-18 05:30:00.000000 UTC,47290,27.9552,29.9521
28255,39261,2016-02-18 17:25:00.000000 UTC,16990,27.9552,28.4
29093,39261,2016-02-02 23:31:40.000000 UTC,40870,27.9554,28.8957
16111,39261,2016-02-12 00:10:00.000000 UTC,9970,27.956,28.4866
28255,16111,2016-02-18 07:25:00.000000 UTC,12610,27.9575,28.8492
29093,39261,2016-02-01 12:55:00.000000 UTC,7510,27.9576,27.504
29093,39261,2016-02-05 03:10:00.000000 UTC,38290,27.9578,29.2769
29093,16111,2016-02-03 09:46:40.000000 UTC,33430,27.9583,28.2491
28255,39261,2016-02-18 19:10:00.000000 UTC,42130,27.9585,30.134
16111,29093,2016-02-10 16:01:40.000000 UTC,32890,27.9588,28.7451
39261,16111,2016-02-13 21:01:40.000000 UTC,54490,27.9588,28.5723
28255,29093,2016-02-19 03:16:40.000000 UTC,50710,27.9588,29.9881
29093,39261,2016-02-02 23:31:40.000000 UTC,37630,27.959,28.0643
29093,16111,2016-02-01 11:16:40.000000 UTC,21310,27.9598,30.1335
28255,29093,2016-02-20 23:35:00.000000 UTC,7210,27.9598,26.7162
29093,16111,2016-02-01 02:55:00.000000 UTC,21790,27.9599,30.3911
28255,16111,2016-02-20 04:01:40.000000 UTC,14110,27.9599,29.5423
39261,29093,2016-02-12 13:10:00.000000 UTC,36250,27.9601,29.1074
29093,39261,2016-02-01 05:16:40.000000 UTC,18370,27.9602,29.8009
29093,39261,2016-02-01 13:46:40.000000 UTC,2230,27.9602,28.7962
39261,28255,2016-02-12 11:10:00.000000 UTC,10690,27.9603,28.3137
39261,28255,2016-02-13 09:46:40.000000 UTC,15910,27.9606,28.5761
29093,28255,2016-02-04 09:16:40.000000 UTC,5770,27.9607,25.228
28255,39261,2016-02-18 07:25:00.000000 UTC,43390,27.9609,28.1965
28255,29093,2016-02-18 05:05:00.000000 UTC,9490,27.9626,28.0942
39261,29093,2016-02-14 13:50:00.000000 UTC,39550,27.9627,29.2606
29093,28255,2016-02-01 10:30:00.000000 UTC,9550,27.9629,28.7316
29093,28255,2016-02-03 02:50:00.000000 UTC,43570,27.9633,30.4423
39261,29093,2016-02-16 16:31:40.000000 UTC,10450,27.9633,29.2012
28255,39261,2016-02-20 02:25:00.000000 UTC,3370,27.9637,26.6863
29093,16111,2016-02-01 02:55:00.000000 UTC,21910,27.9646,30.5525
16111,39261,2016-02-10 23:01:40.000000 UTC,9070,27.9651,28.8864
28255,29093,2016-02-18 08:16:40.000000 UTC,14830,27.9651,28.8162
39261,28255,2016-02-13 07:35:00.000000 UTC,15850,27.9655,28.1084
39261,29093,2016-02-15 20:16:40.000000 UTC,20950,27.9661,28.9087
39261,29093,2016-02-13 07:35:00.000000 UTC,30430,27.9664,30.1839
16111,29093,2016-02-09 05:05:00.000000 UTC,15490,27.9669,29.763
29093,28255,2016-02-06 06:40:00.000000 UTC,9970,27.967,28.2421
28255,29093,2016-02-18 07:25:00.000000 UTC,9370,27.9675,29.1531
16111,28255,2016-02-10 13:45:00.000000 UTC,37990,27.9677,28.1886
29093,28255,2016-02-01 13:46:40.000000 UTC,36790,27.9684,28.2669
29093,28255,2016-02-02 07:20:00.000000 UTC,44530,27.9689,30.3501
16111,39261,2016-02-08 04:55:00.000000 UTC,9010,27.9694,29.9477
28255,39261,2016-02-18 07:50:00.000000 UTC,1570,27.9694,28.1314
16111,39261,2016-02-09 05:05:00.000000 UTC,35950,27.9695,28.498
29093,39261,2016-02-03 23:00:00.000000 UTC,37570,27.9697,28.154
29093,28255,2016-02-01 00:35:00.000000 UTC,37030,27.9698,28.0439
39261,29093,2016-02-15 16:05:00.000000 UTC,39370,27.9701,30.1883
39261,16111,2016-02-12 12:15:00.000000 UTC,30670,27.9707,30.4633
16111,39261,2016-02-11 03:50:00.000000 UTC,49210,27.9708,28.874
29093,39261,2016-02-06 06:40:00.000000 UTC,55990,27.9711,30.9016
29093,39261,2016-02-01 01:15:00.000000 UTC,35890,27.9716,30.0036
29093,39261,2016-02-01 23:55:00.000000 UTC,47830,27.9717,30.8243
29093,39261,2016-02-06 06:40:00.000000 UTC,3910,27.972,26.6911
29093,28255,2016-02-02 07:20:00.000000 UTC,58630,27.9722,28.0952
29093,39261,2016-02-06 06:40:00.000000 UTC,45670,27.9724,28.5986
29093,16111,2016-02-02 20:20:00.000000 UTC,910,27.973,28.1202
16111,29093,2016-02-08 03:31:40.000000 UTC,43690,27.973,31.2849
28255,39261,2016-02-20 02:25:00.000000 UTC,18790,27.973,29.4095
39261,28255,2016-02-15 08:01:40.000000 UTC,20290,27.9737,29.1242
29093,39261,2016-02-01 00:35:00.000000 UTC,37690,27.9742,28.0589
16111,29093,2016-02-07 19:46:40.000000 UTC,36610,27.9745,28.4104
28255,39261,2016-02-23 00:46:40.000000 UTC,9010,27.9746,27.5125
39261,29093,2016-02-12 11:01:40.000000 UTC,35530,27.9749,30.3585
16111,29093,2016-02-11 13:46:40.000000 UTC,45130,27.9759,30.1985
39261,28255,2016-02-12 11:25:00.000000 UTC,58870,27.9759,29.6706
39261,16111,2016-02-14 15:31:40.000000 UTC,39670,27.9761,30.6596
16111,39261,2016-02-08 03:31:40.000000 UTC,50050,27.9772,28.5678
29093,16111,2016-02-04 03:01:40.000000 UTC,38530,27.9776,28.5588
28255,39261,2016-02-21 13:46:40.000000 UTC,13810,27.978,28.0108
29093,39261,2016-02-05 03:10:00.000000 UTC,42130,27.9784,29.1967
29093,16111,2016-02-01 10:30:00.000000 UTC,21250,27.9786,29.8084
16111,28255,2016-02-07 03:15:00.000000 UTC,36310,27.9788,27.8928
28255,39261,2016-02-21 05:30:00.000000 UTC,44410,27.9789,29.9674
29093,16111,2016-02-02 23:31:40.000000 UTC,36970,27.9792,29.863
16111,29093,2016-02-06 22:46:40.000000 UTC,13870,27.9793,29.1338
39261,16111,2016-02-14 15:31:40.000000 UTC,22330,27.9793,29.7078
39261,28255,2016-02-12 13:55:00.000000 UTC,58810,27.9794,29.8806
28255,16111,2016-02-23 08:31:40.000000 UTC,37810,27.9796,29.413
16111,28255,2016-02-07 22:15:00.000000 UTC,58870,27.9797,28.0554
29093,39261,2016-02-04 20:15:00.000000 UTC,9850,27.9802,28.1772
16111,28255,2016-02-06 20:25:00.000000 UTC,49750,27.9805,29.0469
28255,39261,2016-02-22 12:25:00.000000 UTC,21130,27.9808,28.8092
39261,29093,2016-02-12 22:16:40.000000 UTC,9370,27.981,28.7066
28255,16111,2016-02-19 11:50:00.000000 UTC,47230,27.981,29.9619
29093,39261,2016-02-01 14:40:00.000000 UTC,8170,27.9811,28.2754
16111,29093,2016-02-06 19:01:40.000000 UTC,55450,27.9812,29.5026
39261,16111,2016-02-16 16:31:40.000000 UTC,38710,27.9813,29.9372
28255,39261,2016-02-18 05:30:00.000000 UTC,16570,27.9814,28.5861
28255,16111,2016-02-20 12:30:00.000000 UTC,17170,27.9816,27.7808
28255,39261,2016-02-19 00:01:40.000000 UTC,43990,27.9822,28.4828
29093,28255,2016-02-01 09:01:40.000000 UTC,9310,27.9825,28.8391
28255,16111,2016-02-18 18:16:40.000000 UTC,21730,27.9825,29.7413
28255,39261,2016-02-18 21:01:40.000000 UTC,17170,27.9825,28.4895
39261,29093,2016-02-15 02:16:40.000000 UTC,13930,27.9826,28.6853
16111,28255,2016-02-06 22:46:40.000000 UTC,55990,27.9828,28.5012
28255,16111,2016-02-19 04:25:00.000000 UTC,59050,27.983,31.2213
28255,39261,2016-02-18 04:55:00.000000 UTC,59110,27.9831,29.8189
16111,28255,2016-02-07 07:16:40.000000 UTC,3490,27.9832,28.1038
39261,16111,2016-02-13 10:55:00.000000 UTC,37510,27.9832,28.2157
28255,29093,2016-02-18 04:30:00.000000 UTC,21190,27.9835,28.7863
39261,28255,2016-02-14 04:15:00.000000 UTC,15190,27.9836,28.6694
28255,39261,2016-02-18 10:55:00.000000 UTC,41770,27.9845,30.1138
39261,29093,2016-02-13 10:55:00.000000 UTC,29830,27.9852,30.363
16111,39261,2016-02-10 13:45:00.000000 UTC,12430,27.9853,28.5191
29093,39261,2016-02-06 14:45:00.000000 UTC,35410,27.9854,29.0217
39261,28255,2016-02-13 01:40:00.000000 UTC,28630,27.9857,29.4447
39261,29093,2016-02-12 13:55:00.000000 UTC,36550,27.9858,27.9946
16111,29093,2016-02-07 17:25:00.000000 UTC,8650,27.986,29.1251
39261,16111,2016-02-12 11:35:00.000000 UTC,49090,27.986,28.9238
28255,29093,2016-02-21 05:30:00.000000 UTC,12310,27.9861,29.4411
39261,16111,2016-02-15 22:25:00.000000 UTC,7930,27.9865,28.0449
29093,28255,2016-02-03 23:00:00.000000 UTC,37030,27.9866,28.0493
29093,39261,2016-02-06 17:30:00.000000 UTC,36310,27.9866,28.5278
28255,39261,2016-02-18 11:31:40.000000 UTC,58450,27.9867,27.4478
29093,28255,2016-02-01 03:46:40.000000 UTC,38110,27.9868,29.1632
28255,39261,2016-02-20 07:20:00.000000 UTC,3670,27.9872,26.3629
16111,29093,2016-02-10 23:01:40.000000 UTC,56050,27.9873,30.4306
16111,29093,2016-02-07 12:00:00.000000 UTC,8470,27.9874,29.0699
39261,29093,2016-02-13 05:30:00.000000 UTC,25030,27.9876,29.5804
29093,28255,2016-02-05 03:10:00.000000 UTC,36970,27.9877,28.1375
16111,29093,2016-02-07 09:05:00.000000 UTC,58570,27.9879,28.0517
16111,29093,2016-02-11 16:20:00.000000 UTC,52750,27.9889,29.8824
39261,28255,2016-02-12 19:20:00.000000 UTC,40690,27.9892,29.3661
28255,39261,2016-02-23 22:00:00.000000 UTC,1390,27.9894,28.0541
28255,29093,2016-02-18 06:20:00.000000 UTC,49630,27.9896,30.5183
28255,39261,2016-02-18 16:35:00.000000 UTC,58990,27.9903,28.3892
39261,29093,2016-02-13 22:25:00.000000 UTC,55210,27.9906,31.0652
16111,39261,2016-02-11 21:31:40.000000 UTC,9430,27.9909,28.8816
16111,28255,2016-02-06 22:15:00.000000 UTC,59110,27.9911,28.0628
28255,16111,2016-02-18 11:31:40.000000 UTC,11350,27.9913,27.9177
28255,39261,2016-02-23 03:20:00.000000 UTC,51490,27.9913,28.2208
16111,28255,2016-02-06 21:45:00.000000 UTC,8350,27.9921,28.7261
16111,39261,2016-02-06 19:20:00.000000 UTC,11110,27.9923,29.5063
28255,16111,2016-02-18 13:31:40.000000 UTC,22570,27.9929,29.3773
29093,16111,2016-02-04 13:35:00.000000 UTC,47650,27.9946,30.9053
28255,39261,2016-02-18 18:16:40.000000 UTC,10810,27.9946,28.1781
28255,29093,2016-02-23 03:20:00.000000 UTC,58990,27.9946,28.227
39261,28255,2016-02-14 02:45:00.000000 UTC,15250,27.9951,28.6966
28255,39261,2016-02-22 12:25:00.000000 UTC,14890,27.9952,28.3536
29093,28255,2016-02-03 19:05:00.000000 UTC,2890,27.9954,27.8764
16111,28255,2016-02-12 11:00:00.000000 UTC,9790,27.9959,27.651
16111,39261,2016-02-07 01:10:00.000000 UTC,45430,27.996,28.5839
16111,28255,2016-02-07 01:10:00.000000 UTC,59830,27.996,28.0223
29093,28255,2016-02-02 08:40:00.000000 UTC,43930,27.9961,28.4856
39261,28255,2016-02-12 19:20:00.000000 UTC,22270,27.9971,27.9035
16111,39261,2016-02-12 00:10:00.000000 UTC,37210,27.9972,27.67
16111,28255,2016-02-07 07:16:40.000000 UTC,58690,27.9979,30.135
29093,16111,2016-02-06 14:45:00.000000 UTC,45430,27.9986,28.7423
16111,39261,2016-02-06 18:05:00.000000 UTC,3430,27.9986,28.1545
29093,16111,2016-02-01 00:01:40.000000 UTC,57550,27.9992,27.9743
16111,39261,2016-02-06 19:20:00.000000 UTC,11050,27.9992,29.3616
39261,29093,2016-02-14 04:15:00.000000 UTC,13750,27.9992,29.1095
28255,29093,2016-02-20 21:40:00.000000 UTC,14170,27.9994,29.4777
29093,39261,2016-02-01 00:35:00.000000 UTC,40930,27.9995,28.9085
28255,39261,2016-02-19 09:15:00.000000 UTC,56350,27.9999,29.0092
29093,16111,2016-02-03 02:50:00.000000 UTC,44590,28.0001,29.2246
39261,29093,2016-02-13 21:01:40.000000 UTC,40150,28.0006,28.5642
28255,16111,2016-02-22 14:50:00.000000 UTC,29350,28.0007,30.2271
39261,29093,2016-02-16 18:55:00.000000 UTC,33190,28.0014,30.2114
28255,16111,2016-02-19 06:46:40.000000 UTC,43090,28.0018,29.1493
39261,16111,2016-02-15 18:10:00.000000 UTC,15070,28.0021,29.1489
28255,39261,2016-02-23 05:55:00.000000 UTC,48370,28.0021,28.5208
16111,28255,2016-02-06 23:20:00.000000 UTC,35230,28.0022,28.3669
28255,39261,2016-02-21 22:30:00.000000 UTC,20470,28.0034,28.6382
28255,29093,2016-02-18 08:16:40.000000 UTC,8950,28.0035,28.284
16111,39261,2016-02-06 18:05:00.000000 UTC,47050,28.0039,29.6684
39261,28255,2016-02-15 22:25:00.000000 UTC,25630,28.0041,29.1998
29093,16111,2016-02-05 07:55:00.000000 UTC,12970,28.0045,29.1617
39261,29093,2016-02-13 21:01:40.000000 UTC,9430,28.005,28.4098
39261,29093,2016-02-14 07:20:00.000000 UTC,6190,28.0056,24.7123
39261,28255,2016-02-16 05:00:00.000000 UTC,43690,28.0061,30.2126
29093,16111,2016-02-01 03:46:40.000000 UTC,31930,28.0066,28.1191
16111,28255,2016-02-06 21:16:40.000000 UTC,56110,28.007,29.7409
39261,16111,2016-02-14 12:10:00.000000 UTC,36190,28.0071,28.9143
16111,39261,2016-02-08 23:45:00.000000 UTC,56050,28.0075,29.3915
28255,39261,2016-02-23 08:31:40.000000 UTC,22090,28.0075,29.055
39261,16111,2016-02-13 07:35:00.000000 UTC,13450,28.0081,28.3671
28255,29093,2016-02-18 10:20:00.000000 UTC,26230,28.0084,29.9606
16111,29093,2016-02-07 12:00:00.000000 UTC,36430,28.0087,28.4676
39261,16111,2016-02-12 12:31:40.000000 UTC,4570,28.0087,27.134
29093,39261,2016-02-02 15:45:00.000000 UTC,44830,28.0101,28.789
39261,28255,2016-02-13 08:40:00.000000 UTC,3190,28.0101,27.96
29093,39261,2016-02-06 14:45:00.000000 UTC,35290,28.0105,29.2758
16111,28255,2016-02-08 23:45:00.000000 UTC,7930,28.0107,27.4662
29093,39261,2016-02-01 00:00:00.000000 UTC,16750,28.0109,28.9239
29093,39261,2016-02-01 04:15:00.000000 UTC,17830,28.011,28.6567
29093,28255,2016-02-02 21:55:00.000000 UTC,35470,28.011,29.884
28255,29093,2016-02-23 11:10:00.000000 UTC,37810,28.0112,28.342
29093,16111,2016-02-04 01:00:00.000000 UTC,36670,28.0117,30.3365
29093,28255,2016-02-02 07:20:00.000000 UTC,4990,28.0118,27.4776
39261,16111,2016-02-15 22:25:00.000000 UTC,38650,28.0126,28.2126
39261,29093,2016-02-12 14:46:40.000000 UTC,50890,28.0128,29.7957
39261,29093,2016-02-14 10:31:40.000000 UTC,57910,28.0132,30.9966
39261,28255,2016-02-15 18:10:00.000000 UTC,25750,28.0132,28.9781
28255,29093,2016-02-18 17:25:00.000000 UTC,57850,28.0133,28.9964
16111,28255,2016-02-07 13:01:40.000000 UTC,11530,28.0136,27.1048
39261,16111,2016-02-14 15:31:40.000000 UTC,10870,28.0142,29.4953
16111,39261,2016-02-06 17:30:00.000000 UTC,10510,28.0148,29.1953
16111,28255,2016-02-10 18:20:00.000000 UTC,54310,28.016,29.4501
28255,39261,2016-02-19 09:15:00.000000 UTC,30430,28.016,29.647
29093,39261,2016-02-03 15:16:40.000000 UTC,39130,28.0168,29.4034
29093,39261,2016-02-05 22:50:00.000000 UTC,10690,28.017,28.4938
39261,29093,2016-02-12 21:30:00.000000 UTC,1330,28.0172,28.1452
29093,16111,2016-02-02 04:45:00.000000 UTC,58990,28.0175,28.0196
39261,28255,2016-02-15 12:00:00.000000 UTC,20230,28.0175,29.3677
39261,16111,2016-02-12 15:45:00.000000 UTC,29710,28.0184,30.3694
39261,28255,2016-02-13 10:55:00.000000 UTC,3190,28.0188,27.9851
16111,28255,2016-02-07 08:10:00.000000 UTC,43210,28.0191,28.7663
28255,16111,2016-02-19 18:46:40.000000 UTC,50170,28.02,30.8614
28255,29093,2016-02-20 12:30:00.000000 UTC,54790,28.02,28.6306
29093,16111,2016-02-03 01:10:00.000000 UTC,25510,28.0204,29.0975
29093,39261,2016-02-01 03:46:40.000000 UTC,41530,28.021,28.3388
39261,28255,2016-02-12 11:25:00.000000 UTC,29530,28.021,29.7419
39261,16111,2016-02-15 18:10:00.000000 UTC,38290,28.0212,30.5763
16111,39261,2016-02-09 03:16:40.000000 UTC,45670,28.0214,30.5053
39261,28255,2016-02-12 12:50:00.000000 UTC,23590,28.0214,29.9726
16111,28255,2016-02-07 07:16:40.000000 UTC,10750,28.0215,29.3648
29093,39261,2016-02-01 03:20:00.000000 UTC,30130,28.0221,29.8792
29093,39261,2016-02-04 03:01:40.000000 UTC,56650,28.0221,28.6759
29093,16111,2016-02-01 11:16:40.000000 UTC,43990,28.0222,31.0164
29093,39261,2016-02-02 15:45:00.000000 UTC,8590,28.0224,28.4364
39261,28255,2016-02-15 18:10:00.000000 UTC,25990,28.023,29.367
28255,39261,2016-02-18 04:55:00.000000 UTC,16630,28.0234,28.7998
16111,28255,2016-02-07 22:15:00.000000 UTC,58210,28.0237,29.7753
29093,16111,2016-02-01 19:31:40.000000 UTC,43810,28.0238,31.0183
16111,39261,2016-02-06 21:45:00.000000 UTC,54850,28.0238,31.0568
28255,39261,2016-02-18 16:35:00.000000 UTC,49870,28.0243,28.1863
39261,28255,2016-02-13 15:45:00.000000 UTC,39910,28.025,29.4279
16111,28255,2016-02-09 16:30:00.000000 UTC,48910,28.0258,30.7279
28255,39261,2016-02-22 19:45:00.000000 UTC,33790,28.0259,29.3081
39261,16111,2016-02-13 22:25:00.000000 UTC,9790,28.0265,29.364
16111,28255,2016-02-08 06:20:00.000000 UTC,58870,28.0266,31.2479
39261,28255,2016-02-14 13:50:00.000000 UTC,58930,28.027,28.7713
39261,28255,2016-02-13 02:35:00.000000 UTC,1390,28.0277,28.1978
29093,28255,2016-02-03 13:25:00.000000 UTC,8110,28.029,27.9546
16111,28255,2016-02-06 20:25:00.000000 UTC,7630,28.0296,27.4078
29093,28255,2016-02-01 13:46:40.000000 UTC,3310,28.0298,28.0103
16111,39261,2016-02-10 13:45:00.000000 UTC,12370,28.0298,28.3472
39261,28255,2016-02-16 14:10:00.000000 UTC,45130,28.0299,28.0534
29093,28255,2016-02-03 17:10:00.000000 UTC,27850,28.0302,30.0334
29093,16111,2016-02-04 13:35:00.000000 UTC,19090,28.0305,29.1656
28255,16111,2016-02-21 13:46:40.000000 UTC,45970,28.0311,30.4969
28255,29093,2016-02-23 08:31:40.000000 UTC,54970,28.032,29.3759
28255,39261,2016-02-20 14:16:40.000000 UTC,19150,28.0321,28.7378
28255,29093,2016-02-20 23:35:00.000000 UTC,18730,28.0322,27.6598
29093,39261,2016-02-02 10:01:40.000000 UTC,40270,28.0324,27.9101
29093,16111,2016-02-01 07:40:00.000000 UTC,37630,28.0326,28.7594
29093,16111,2016-02-05 22:50:00.000000 UTC,37390,28.0329,28.589
28255,29093,2016-02-18 04:40:00.000000 UTC,38470,28.0331,29.7722
29093,16111,2016-02-06 06:40:00.000000 UTC,37150,28.0333,28.7038
29093,39261,2016-02-02 14:16:40.000000 UTC,7990,28.034,27.6626
39261,16111,2016-02-12 17:25:00.000000 UTC,47650,28.0343,28.6753
16111,39261,2016-02-08 04:55:00.000000 UTC,35170,28.0349,28.4461
29093,28255,2016-02-05 00:50:00.000000 UTC,45490,28.0356,28.4516
16111,28255,2016-02-07 01:50:00.000000 UTC,9370,28.0357,29.0522
39261,28255,2016-02-16 11:50:00.000000 UTC,51190,28.036,28.1961
39261,28255,2016-02-17 17:40:00.000000 UTC,11290,28.0361,28.3509
39261,29093,2016-02-12 11:35:00.000000 UTC,53770,28.0364,28.9054
16111,29093,2016-02-08 03:31:40.000000 UTC,36850,28.0365,28.5459
29093,28255,2016-02-03 19:05:00.000000 UTC,1270,28.0366,24.6311
28255,39261,2016-02-23 05:55:00.000000 UTC,35890,28.0373,29.1082
29093,28255,2016-02-04 22:31:40.000000 UTC,45010,28.0374,28.6195
16111,29093,2016-02-07 08:10:00.000000 UTC,39070,28.0375,28.7885
39261,29093,2016-02-12 13:31:40.000000 UTC,8650,28.0381,27.1242
28255,16111,2016-02-21 18:05:00.000000 UTC,58270,28.0386,28.0877
16111,39261,2016-02-09 03:16:40.000000 UTC,8470,28.0387,28.0919
39261,29093,2016-02-12 20:45:00.000000 UTC,9550,28.039,28.2116
39261,28255,2016-02-15 18:10:00.000000 UTC,45970,28.039,28.0782
28255,16111,2016-02-18 04:40:00.000000 UTC,52990,28.0391,30.7862
16111,28255,2016-02-08 07:46:40.000000 UTC,29170,28.0398,30.2297
28255,29093,2016-02-18 04:30:00.000000 UTC,27310,28.0407,29.7269
28255,39261,2016-02-18 05:45:00.000000 UTC,10210,28.041,27.8811
16111,29093,2016-02-06 19:40:00.000000 UTC,39010,28.0413,27.9285
39261,29093,2016-02-17 07:16:40.000000 UTC,48010,28.042,30.1229
29093,39261,2016-02-02 18:46:40.000000 UTC,22630,28.0421,30.4181
39261,16111,2016-02-12 11:10:00.000000 UTC,48670,28.0424,30.1515
29093,39261,2016-02-01 15:35:00.000000 UTC,51850,28.0425,30.9293
28255,29093,2016-02-19 15:55:00.000000 UTC,2350,28.0425,27.6436
29093,39261,2016-02-01 14:40:00.000000 UTC,8110,28.0426,28.0978
39261,29093,2016-02-13 22:25:00.000000 UTC,9310,28.0428,28.9579
16111,29093,2016-02-12 02:50:00.000000 UTC,30850,28.0429,28.2529
39261,28255,2016-02-13 01:40:00.000000 UTC,16270,28.0434,28.6933
28255,29093,2016-02-21 18:05:00.000000 UTC,59950,28.0449,28.1149
28255,29093,2016-02-18 15:46:40.000000 UTC,13150,28.0458,28.318
39261,28255,2016-02-12 11:10:00.000000 UTC,53350,28.0462,30.3591
29093,16111,2016-02-01 05:16:40.000000 UTC,31990,28.0465,28.452
28255,39261,2016-02-19 17:20:00.000000 UTC,18070,28.0466,28.3758
39261,16111,2016-02-17 20:20:00.000000 UTC,12790,28.0478,28.34
39261,16111,2016-02-17 17:40:00.000000 UTC,19330,28.0488,29.0906
39261,29093,2016-02-13 21:01:40.000000 UTC,21370,28.0491,29.7381
29093,28255,2016-02-01 21:40:00.000000 UTC,36250,28.0492,29.5707
39261,29093,2016-02-15 08:01:40.000000 UTC,30130,28.0494,30.2152
28255,39261,2016-02-21 22:30:00.000000 UTC,40090,28.0494,29.8669
28255,39261,2016-02-19 08:00:00.000000 UTC,24010,28.0495,29.1802
16111,28255,2016-02-08 18:40:00.000000 UTC,13330,28.0497,29.1873
39261,28255,2016-02-15 06:05:00.000000 UTC,14470,28.0499,29.2771
28255,39261,2016-02-19 21:45:00.000000 UTC,37210,28.0507,29.8953
29093,39261,2016-02-01 07:01:40.000000 UTC,57190,28.051,29.1747
28255,16111,2016-02-19 00:01:40.000000 UTC,14410,28.0511,28.7235
29093,39261,2016-02-01 15:35:00.000000 UTC,430,28.0521,27.8763
29093,16111,2016-02-02 15:45:00.000000 UTC,42790,28.0521,30.1075
28255,16111,2016-02-19 00:01:40.000000 UTC,20410,28.0524,29.6028
16111,28255,2016-02-07 09:05:00.000000 UTC,10990,28.053,28.9166
39261,16111,2016-02-15 02:16:40.000000 UTC,41230,28.0533,28.4242
16111,39261,2016-02-11 01:25:00.000000 UTC,9610,28.0544,28.5377
28255,39261,2016-02-21 22:30:00.000000 UTC,5350,28.0547,26.6528
28255,29093,2016-02-23 05:55:00.000000 UTC,32950,28.0547,29.038
29093,28255,2016-02-02 18:46:40.000000 UTC,37210,28.0548,27.5443
29093,28255,2016-02-04 11:25:00.000000 UTC,6430,28.055,26.3997
39261,29093,2016-02-15 16:05:00.000000 UTC,22210,28.0552,29.5741
28255,39261,2016-02-19 17:20:00.000000 UTC,49210,28.0553,30.4297
16111,29093,2016-02-06 21:16:40.000000 UTC,47290,28.0556,28.6662
28255,29093,2016-02-23 13:50:00.000000 UTC,46750,28.0566,30.4641
39261,16111,2016-02-12 22:16:40.000000 UTC,39190,28.057,30.4988
28255,39261,2016-02-18 07:25:00.000000 UTC,52870,28.0573,29.0114
29093,28255,2016-02-04 01:00:00.000000 UTC,35710,28.058,30.3445
16111,28255,2016-02-06 19:40:00.000000 UTC,37750,28.0583,29.0486
16111,39261,2016-02-09 01:30:00.000000 UTC,45250,28.0586,30.6135
29093,39261,2016-02-01 00:01:40.000000 UTC,22870,28.0588,29.0439
28255,39261,2016-02-23 13:50:00.000000 UTC,16090,28.0588,28.7319
39261,28255,2016-02-13 18:20:00.000000 UTC,33850,28.0594,29.339
28255,16111,2016-02-18 12:10:00.000000 UTC,11170,28.0605,27.7609
39261,28255,2016-02-16 05:00:00.000000 UTC,4150,28.062,26.5058
29093,39261,2016-02-03 01:10:00.000000 UTC,17170,28.0622,28.6635
16111,28255,2016-02-07 13:01:40.000000 UTC,36850,28.0622,30.4677
28255,39261,2016-02-19 00:01:40.000000 UTC,59290,28.0627,28.3127
39261,29093,2016-02-16 02:46:40.000000 UTC,25330,28.0628,29.4939
16111,39261,2016-02-09 18:30:00.000000 UTC,6490,28.063,26.8039
28255,29093,2016-02-18 04:55:00.000000 UTC,9790,28.0633,28.8769
39261,16111,2016-02-12 13:55:00.000000 UTC,37330,28.0636,28.5466
39261,29093,2016-02-14 15:31:40.000000 UTC,58270,28.0638,28.9338
16111,39261,2016-02-10 16:01:40.000000 UTC,43030,28.0639,28.2463
28255,16111,2016-02-18 06:20:00.000000 UTC,12730,28.0639,28.5269
39261,28255,2016-02-13 07:35:00.000000 UTC,48370,28.0642,28.3285
29093,39261,2016-02-03 19:05:00.000000 UTC,9490,28.0647,28.2079
28255,29093,2016-02-23 00:46:40.000000 UTC,9070,28.0647,28.3711
28255,16111,2016-02-20 23:35:00.000000 UTC,55390,28.0667,31.1826
39261,29093,2016-02-12 20:01:40.000000 UTC,45850,28.0669,29.3796
28255,29093,2016-02-18 13:31:40.000000 UTC,48310,28.0672,30.8101
39261,28255,2016-02-12 16:16:40.000000 UTC,16930,28.0674,29.2023
39261,16111,2016-02-13 09:46:40.000000 UTC,52750,28.0677,30.6846
39261,28255,2016-02-13 13:16:40.000000 UTC,53230,28.0685,30.1797
39261,16111,2016-02-15 00:25:00.000000 UTC,38890,28.0689,28.0468
16111,29093,2016-02-09 08:46:40.000000 UTC,59890,28.069,28.331
39261,16111,2016-02-14 15:31:40.000000 UTC,44710,28.0693,30.0308
16111,28255,2016-02-07 23:31:40.000000 UTC,44830,28.0701,30.1731
39261,29093,2016-02-13 06:31:40.000000 UTC,42790,28.0702,30.312
29093,28255,2016-02-06 12:01:40.000000 UTC,37870,28.0708,28.3331
28255,29093,2016-02-19 00:01:40.000000 UTC,29170,28.0709,30.0418
39261,29093,2016-02-13 21:01:40.000000 UTC,54430,28.071,28.5787
29093,28255,2016-02-05 05:31:40.000000 UTC,10930,28.0733,29.1132
16111,28255,2016-02-06 19:40:00.000000 UTC,40390,28.0734,28.2564
39261,16111,2016-02-13 03:31:40.000000 UTC,50410,28.0735,29.2093
39261,16111,2016-02-14 12:10:00.000000 UTC,40330,28.0735,30.4194
29093,28255,2016-02-01 07:01:40.000000 UTC,39130,28.0737,29.8455
29093,28255,2016-02-01 01:15:00.000000 UTC,8290,28.0751,29.7478
28255,16111,2016-02-18 04:46:40.000000 UTC,36190,28.0754,30.168
39261,16111,2016-02-16 02:46:40.000000 UTC,42670,28.0755,29.3903
28255,29093,2016-02-22 05:20:00.000000 UTC,36490,28.0755,30.43
39261,16111,2016-02-16 16:31:40.000000 UTC,8650,28.0756,27.8196
39261,28255,2016-02-15 02:16:40.000000 UTC,55750,28.0757,28.641
28255,16111,2016-02-20 02:25:00.000000 UTC,8170,28.0762,27.7821
28255,39261,2016-02-18 04:55:00.000000 UTC,29230,28.0768,29.6078
39261,29093,2016-02-12 15:45:00.000000 UTC,52870,28.0769,28.8424
39261,16111,2016-02-12 23:05:00.000000 UTC,15970,28.0769,29.2821
16111,28255,2016-02-09 03:16:40.000000 UTC,57670,28.077,30.9644
16111,39261,2016-02-10 02:46:40.000000 UTC,850,28.0776,28.1297
16111,39261,2016-02-07 21:00:00.000000 UTC,18490,28.0777,29.1594
29093,16111,2016-02-03 19:05:00.000000 UTC,36250,28.0781,29.0985
28255,39261,2016-02-18 17:25:00.000000 UTC,23830,28.0781,29.8526
39261,29093,2016-02-12 13:10:00.000000 UTC,50830,28.0784,28.6326
29093,39261,2016-02-04 15:46:40.000000 UTC,21610,28.0788,29.8577
39261,29093,2016-02-12 20:45:00.000000 UTC,21430,28.0789,29.4951
16111,28255,2016-02-10 13:45:00.000000 UTC,29530,28.0793,29.1613
29093,39261,2016-02-01 01:00:00.000000 UTC,29890,28.0796,30.2176
29093,39261,2016-02-04 09:16:40.000000 UTC,13030,28.0812,27.593
28255,39261,2016-02-19 17:20:00.000000 UTC,44590,28.0813,28.7864
29093,28255,2016-02-01 04:45:00.000000 UTC,22690,28.0815,28.9703
29093,39261,2016-02-04 13:35:00.000000 UTC,33430,28.0818,30.0012
39261,28255,2016-02-13 10:55:00.000000 UTC,48250,28.0827,28.2717
39261,29093,2016-02-13 21:01:40.000000 UTC,45910,28.0829,28.3503
29093,28255,2016-02-02 04:45:00.000000 UTC,13870,28.083,29.5962
29093,39261,2016-02-03 21:01:40.000000 UTC,47050,28.0831,30.4141
29093,28255,2016-02-04 22:31:40.000000 UTC,2770,28.0833,27.9854
28255,39261,2016-02-20 10:45:00.000000 UTC,37750,28.0835,29.9257
29093,28255,2016-02-01 12:05:00.000000 UTC,58450,28.0836,30.8848
16111,39261,2016-02-07 01:50:00.000000 UTC,12790,28.0837,28.5858
28255,39261,2016-02-20 09:01:40.000000 UTC,19090,28.0837,29.4668
29093,39261,2016-02-05 17:45:00.000000 UTC,9250,28.0843,27.8648
16111,39261,2016-02-06 20:01:40.000000 UTC,29890,28.0845,29.9915
16111,39261,2016-02-12 08:15:00.000000 UTC,42850,28.0848,29.4333
39261,29093,2016-02-12 11:25:00.000000 UTC,29830,28.0853,30.3871
16111,29093,2016-02-06 21:45:00.000000 UTC,1930,28.0856,27.0907
16111,28255,2016-02-08 03:31:40.000000 UTC,51010,28.0856,28.5821
28255,39261,2016-02-19 00:01:40.000000 UTC,23710,28.0859,29.24
29093,28255,2016-02-01 00:35:00.000000 UTC,13930,28.086,29.65
28255,29093,2016-02-23 16:31:40.000000 UTC,3370,28.0865,26.5488
29093,28255,2016-02-05 00:50:00.000000 UTC,28150,28.0866,29.3781
28255,39261,2016-02-18 04:31:40.000000 UTC,35350,28.0866,29.7333
16111,28255,2016-02-09 08:46:40.000000 UTC,47230,28.0869,30.8288
28255,16111,2016-02-19 02:10:00.000000 UTC,31090,28.0871,29.5506
16111,28255,2016-02-06 19:40:00.000000 UTC,19870,28.0875,28.8829
28255,29093,2016-02-18 19:10:00.000000 UTC,54370,28.0881,29.052
29093,16111,2016-02-04 22:31:40.000000 UTC,7390,28.0883,28.5446
39261,29093,2016-02-15 18:10:00.000000 UTC,40750,28.0883,28.2218
39261,28255,2016-02-15 10:00:00.000000 UTC,51850,28.0892,29.2465
28255,39261,2016-02-19 20:15:00.000000 UTC,24430,28.0896,28.811
39261,16111,2016-02-12 23:55:00.000000 UTC,10150,28.0899,29.5785
16111,39261,2016-02-06 18:05:00.000000 UTC,10690,28.09,29.325
28255,39261,2016-02-18 05:45:00.000000 UTC,29350,28.0901,29.7514
28255,39261,2016-02-22 12:25:00.000000 UTC,2470,28.0901,27.7701
28255,16111,2016-02-23 16:31:40.000000 UTC,22990,28.0901,29.3636
28255,39261,2016-02-21 03:30:00.000000 UTC,4450,28.0902,26.7343
16111,28255,2016-02-10 20:40:00.000000 UTC,13150,28.0912,28.7489
28255,16111,2016-02-21 11:40:00.000000 UTC,42730,28.0921,28.337
39261,28255,2016-02-12 18:40:00.000000 UTC,58870,28.0922,30.3314
39261,16111,2016-02-12 16:50:00.000000 UTC,34750,28.0923,29.9122
29093,28255,2016-02-06 12:01:40.000000 UTC,40990,28.0928,28.5161
28255,16111,2016-02-21 22:30:00.000000 UTC,21670,28.0928,30.0375
39261,29093,2016-02-13 06:31:40.000000 UTC,12970,28.0941,28.2358
39261,16111,2016-02-12 12:00:00.000000 UTC,13030,28.0946,28.491
39261,28255,2016-02-12 12:31:40.000000 UTC,24850,28.0949,29.1788
39261,28255,2016-02-15 02:16:40.000000 UTC,19990,28.0957,28.0339
39261,16111,2016-02-12 13:55:00.000000 UTC,40210,28.0961,28.0077
16111,28255,2016-02-08 09:15:00.000000 UTC,37690,28.0963,27.3625
16111,39261,2016-02-08 22:01:40.000000 UTC,43330,28.0964,28.6616
29093,28255,2016-02-02 10:01:40.000000 UTC,41110,28.0969,28.2314
39261,28255,2016-02-13 01:40:00.000000 UTC,51730,28.0972,28.2553
16111,39261,2016-02-09 16:30:00.000000 UTC,37510,28.0987,30.3447
39261,28255,2016-02-12 11:46:40.000000 UTC,58870,28.0991,29.7255
39261,29093,2016-02-12 15:45:00.000000 UTC,28570,28.0994,30.0399
39261,28255,2016-02-13 09:46:40.000000 UTC,40270,28.0996,29.6911
39261,28255,2016-02-15 08:01:40.000000 UTC,34150,28.0999,28.628
16111,39261,2016-02-07 06:25:00.000000 UTC,34570,28.1,28.9609
39261,29093,2016-02-15 16:05:00.000000 UTC,44650,28.1008,29.6728
29093,16111,2016-02-02 08:40:00.000000 UTC,36850,28.101,28.3082
28255,39261,2016-02-20 16:05:00.000000 UTC,38170,28.101,30.0745
28255,29093,2016-02-21 13:46:40.000000 UTC,10510,28.1011,28.85
29093,28255,2016-02-04 18:00:00.000000 UTC,58450,28.1012,29.712
29093,28255,2016-02-05 12:46:40.000000 UTC,59710,28.1017,28.2576
39261,28255,2016-02-17 17:40:00.000000 UTC,59830,28.1018,30.4008
28255,39261,2016-02-18 07:50:00.000000 UTC,53350,28.1018,29.9842
16111,39261,2016-02-06 17:46:40.000000 UTC,1510,28.1022,28.3827
29093,28255,2016-02-04 22:31:40.000000 UTC,15430,28.1024,28.9489
28255,29093,2016-02-20 21:40:00.000000 UTC,38590,28.1028,29.0352
39261,28255,2016-02-17 15:01:40.000000 UTC,35770,28.1033,29.1087
39261,16111,2016-02-15 22:25:00.000000 UTC,13750,28.1034,28.6524
28255,29093,2016-02-20 17:55:00.000000 UTC,48610,28.1037,29.7346
39261,28255,2016-02-14 12:10:00.000000 UTC,14350,28.104,27.129
29093,28255,2016-02-06 06:40:00.000000 UTC,36430,28.1045,29.0237
16111,28255,2016-02-07 02:31:40.000000 UTC,22150,28.105,30.0665
39261,28255,2016-02-12 21:30:00.000000 UTC,48850,28.1051,28.1956
39261,28255,2016-02-17 17:40:00.000000 UTC,11230,28.1054,28.1785
39261,29093,2016-02-12 16:50:00.000000 UTC,33970,28.1056,29.9676
39261,28255,2016-02-13 22:25:00.000000 UTC,910,28.1059,28.1385
28255,16111,2016-02-18 07:50:00.000000 UTC,42370,28.1059,29.6885
39261,28255,2016-02-12 13:10:00.000000 UTC,49090,28.1061,28.493
39261,29093,2016-02-12 14:20:00.000000 UTC,28750,28.1068,29.8651
29093,28255,2016-02-02 17:15:00.000000 UTC,3190,28.1073,28.0888
16111,29093,2016-02-09 14:31:40.000000 UTC,38050,28.1076,29.3381
39261,16111,2016-02-16 16:31:40.000000 UTC,14770,28.108,29.1892
39261,28255,2016-02-16 14:10:00.000000 UTC,3730,28.1088,26.6092
29093,16111,2016-02-01 02:10:00.000000 UTC,44410,28.1094,31.2973
29093,39261,2016-02-01 00:35:00.000000 UTC,40750,28.1101,28.43
28255,39261,2016-02-18 12:10:00.000000 UTC,10570,28.1105,28.1747
16111,28255,2016-02-07 17:25:00.000000 UTC,12970,28.1106,28.4448
39261,28255,2016-02-15 22:25:00.000000 UTC,51790,28.1107,28.1142
29093,39261,2016-02-04 13:35:00.000000 UTC,39190,28.1111,29.9257
16111,28255,2016-02-09 08:46:40.000000 UTC,46690,28.1124,30.0229
39261,28255,2016-02-12 20:45:00.000000 UTC,54730,28.1124,28.632
16111,39261,2016-02-07 21:00:00.000000 UTC,48130,28.1131,28.3584
29093,28255,2016-02-02 23:31:40.000000 UTC,29650,28.1132,29.4042
39261,29093,2016-02-16 23:46:40.000000 UTC,14350,28.1132,28.8308
39261,29093,2016-02-14 04:15:00.000000 UTC,13450,28.1133,28.3788
28255,39261,2016-02-18 12:50:00.000000 UTC,1690,28.1144,28.2627
28255,29093,2016-02-20 10:45:00.000000 UTC,21670,28.1146,28.9843
29093,28255,2016-02-02 02:16:40.000000 UTC,42790,28.1149,28.9883
16111,39261,2016-02-08 20:20:00.000000 UTC,43330,28.1149,29.766
29093,28255,2016-02-01 01:15:00.000000 UTC,43150,28.1157,28.1245
28255,29093,2016-02-18 07:25:00.000000 UTC,37930,28.1157,29.8947
28255,16111,2016-02-18 04:40:00.000000 UTC,13150,28.116,28.6701
39261,16111,2016-02-14 02:45:00.000000 UTC,14290,28.1164,29.2518
16111,39261,2016-02-07 03:15:00.000000 UTC,19570,28.1168,29.3619
16111,39261,2016-02-10 20:40:00.000000 UTC,7930,28.1171,27.2688
29093,28255,2016-02-04 09:16:40.000000 UTC,38890,28.1172,28.8444
28255,39261,2016-02-18 06:20:00.000000 UTC,10270,28.1172,28.0233
39261,16111,2016-02-12 21:30:00.000000 UTC,49630,28.1175,28.8476
28255,16111,2016-02-20 19:46:40.000000 UTC,33070,28.1177,29.7584
39261,16111,2016-02-13 00:46:40.000000 UTC,9610,28.118,28.61
16111,29093,2016-02-07 23:31:40.000000 UTC,850,28.1181,28.2332
39261,29093,2016-02-12 11:35:00.000000 UTC,31030,28.1182,28.9633
39261,28255,2016-02-12 23:05:00.000000 UTC,16390,28.1182,28.6113
29093,16111,2016-02-02 20:20:00.000000 UTC,42550,28.119,29.8318
39261,16111,2016-02-12 12:50:00.000000 UTC,58210,28.1192,30.6876
39261,29093,2016-02-12 13:55:00.000000 UTC,36190,28.1194,28.9877
16111,39261,2016-02-07 05:35:00.000000 UTC,32830,28.12,30.0698
29093,39261,2016-02-05 00:50:00.000000 UTC,23530,28.1203,28.9449
28255,39261,2016-02-18 06:20:00.000000 UTC,10150,28.1206,27.6648
28255,39261,2016-02-20 19:46:40.000000 UTC,37510,28.1207,28.958
16111,28255,2016-02-08 22:01:40.000000 UTC,7390,28.1212,26.9591
28255,29093,2016-02-20 02:25:00.000000 UTC,34750,28.1216,29.3455
39261,29093,2016-02-12 12:00:00.000000 UTC,52990,28.1219,30.3866
39261,29093,2016-02-13 05:30:00.000000 UTC,19210,28.1222,29.196
39261,16111,2016-02-14 01:16:40.000000 UTC,22930,28.1224,26.6611
39261,29093,2016-02-12 13:55:00.000000 UTC,28990,28.1234,29.9942
39261,28255,2016-02-16 11:50:00.000000 UTC,51130,28.1236,28.3564
28255,39261,2016-02-18 10:55:00.000000 UTC,23170,28.1237,29.2443
28255,39261,2016-02-19 10:31:40.000000 UTC,48850,28.124,30.4292
28255,39261,2016-02-18 14:15:00.000000 UTC,16990,28.1245,28.7271
29093,39261,2016-02-04 11:25:00.000000 UTC,38710,28.1247,30.2195
39261,28255,2016-02-12 11:10:00.000000 UTC,48790,28.1263,29.3658
28255,29093,2016-02-19 17:20:00.000000 UTC,31030,28.1263,29.3046
16111,39261,2016-02-06 17:46:40.000000 UTC,10390,28.1268,28.7319
16111,28255,2016-02-10 18:20:00.000000 UTC,18790,28.1271,29.3501
16111,29093,2016-02-07 23:31:40.000000 UTC,58930,28.1273,28.0034
39261,29093,2016-02-12 22:16:40.000000 UTC,15250,28.1275,29.1413
28255,29093,2016-02-23 00:46:40.000000 UTC,32230,28.1282,29.5885
16111,28255,2016-02-07 08:10:00.000000 UTC,49210,28.1288,28.8143
39261,16111,2016-02-15 18:10:00.000000 UTC,20710,28.1289,29.2017
16111,39261,2016-02-06 17:46:40.000000 UTC,35110,28.1291,29.6847
16111,28255,2016-02-11 21:31:40.000000 UTC,42610,28.1292,28.3102
39261,16111,2016-02-14 01:16:40.000000 UTC,43870,28.1298,30.5609
28255,39261,2016-02-18 06:20:00.000000 UTC,47350,28.13,29.9804
28255,16111,2016-02-19 04:25:00.000000 UTC,41110,28.1302,28.2066
29093,39261,2016-02-02 10:01:40.000000 UTC,13210,28.1308,28.1615
39261,16111,2016-02-12 12:31:40.000000 UTC,18370,28.1308,28.1501
16111,28255,2016-02-07 12:00:00.000000 UTC,11710,28.1312,29.0776
29093,28255,2016-02-01 00:35:00.000000 UTC,13630,28.1314,29.0566
16111,28255,2016-02-12 00:10:00.000000 UTC,13750,28.1318,28.8886
28255,39261,2016-02-18 04:55:00.000000 UTC,28810,28.1322,28.9292
39261,28255,2016-02-12 16:16:40.000000 UTC,16810,28.1326,28.9547
39261,28255,2016-02-12 13:55:00.000000 UTC,42250,28.1328,29.8988
28255,29093,2016-02-18 05:30:00.000000 UTC,9730,28.1337,29.1622
28255,39261,2016-02-21 11:40:00.000000 UTC,39730,28.1339,29.7819
39261,28255,2016-02-16 16:31:40.000000 UTC,30790,28.134,29.1295
29093,28255,2016-02-01 04:15:00.000000 UTC,14290,28.1344,28.6898
28255,29093,2016-02-18 13:31:40.000000 UTC,43690,28.1344,30.1603
28255,29093,2016-02-18 14:15:00.000000 UTC,49030,28.1345,30.347
16111,28255,2016-02-10 16:01:40.000000 UTC,12190,28.1351,29.7619
29093,16111,2016-02-01 14:40:00.000000 UTC,21430,28.1355,30.4927
28255,29093,2016-02-21 05:30:00.000000 UTC,12370,28.136,29.5904
39261,29093,2016-02-14 02:45:00.000000 UTC,25510,28.1362,29.3748
29093,39261,2016-02-06 01:25:00.000000 UTC,37630,28.1364,29.7635
16111,39261,2016-02-11 01:25:00.000000 UTC,9550,28.1365,28.3668
16111,39261,2016-02-10 18:20:00.000000 UTC,7270,28.1366,27.248
28255,39261,2016-02-22 00:45:00.000000 UTC,40270,28.1366,29.8448
29093,16111,2016-02-02 23:31:40.000000 UTC,31570,28.1367,30.0534
29093,39261,2016-02-02 15:45:00.000000 UTC,44770,28.1368,28.6288
29093,39261,2016-02-06 06:40:00.000000 UTC,12550,28.1368,27.4909
28255,29093,2016-02-18 04:46:40.000000 UTC,9790,28.1371,28.811
16111,39261,2016-02-08 06:20:00.000000 UTC,51730,28.1372,30.5502
28255,29093,2016-02-18 05:16:40.000000 UTC,1390,28.1378,28.3512
39261,16111,2016-02-14 10:31:40.000000 UTC,29590,28.1384,30.2652
39261,16111,2016-02-12 18:40:00.000000 UTC,45430,28.1398,30.2824
29093,39261,2016-02-01 05:50:00.000000 UTC,24790,28.1405,29.9077
28255,29093,2016-02-18 21:01:40.000000 UTC,46810,28.1408,30.6017
39261,28255,2016-02-12 12:15:00.000000 UTC,52870,28.1416,29.657
16111,29093,2016-02-09 22:35:00.000000 UTC,27190,28.1417,29.6967
29093,16111,2016-02-03 09:46:40.000000 UTC,33310,28.1421,28.6232
28255,29093,2016-02-18 05:16:40.000000 UTC,44410,28.1421,30.8086
28255,16111,2016-02-18 17:25:00.000000 UTC,10210,28.1423,28.851
16111,28255,2016-02-11 21:31:40.000000 UTC,57550,28.1424,28.5046
29093,39261,2016-02-01 09:45:00.000000 UTC,13150,28.1427,28.6718
28255,39261,2016-02-18 13:31:40.000000 UTC,16990,28.1427,28.7931
16111,28255,2016-02-07 07:16:40.000000 UTC,10690,28.1429,29.2176
28255,39261,2016-02-21 18:05:00.000000 UTC,26230,28.143,28.4322
39261,29093,2016-02-15 02:16:40.000000 UTC,19690,28.1438,28.9799
16111,39261,2016-02-07 15:10:00.000000 UTC,49330,28.1441,28.8555
28255,16111,2016-02-18 04:40:00.000000 UTC,13270,28.1443,28.9827
16111,29093,2016-02-07 17:25:00.000000 UTC,8590,28.145,28.9598
28255,29093,2016-02-18 04:30:00.000000 UTC,27010,28.1453,29.1875
28255,39261,2016-02-20 19:46:40.000000 UTC,19450,28.1455,28.8866
29093,39261,2016-02-03 01:10:00.000000 UTC,44050,28.1458,28.3301
39261,28255,2016-02-12 17:25:00.000000 UTC,3610,28.146,28.175
39261,28255,2016-02-16 07:15:00.000000 UTC,19210,28.1465,29.0104
16111,39261,2016-02-10 00:40:00.000000 UTC,5770,28.1472,27.2688
28255,29093,2016-02-18 08:16:40.000000 UTC,20950,28.1477,29.7485
16111,39261,2016-02-07 17:25:00.000000 UTC,2050,28.1478,27.8949
28255,39261,2016-02-18 15:00:00.000000 UTC,10510,28.1483,27.6925
29093,16111,2016-02-03 21:01:40.000000 UTC,48190,28.1489,31.2511
39261,16111,2016-02-15 14:01:40.000000 UTC,40870,28.1502,28.2322
28255,39261,2016-02-18 14:15:00.000000 UTC,17230,28.1502,29.2514
28255,29093,2016-02-18 17:25:00.000000 UTC,43630,28.1502,28.3174
39261,29093,2016-02-13 01:40:00.000000 UTC,19810,28.1503,28.3898
39261,28255,2016-02-12 22:16:40.000000 UTC,16450,28.1505,28.7897
28255,39261,2016-02-20 10:45:00.000000 UTC,18610,28.1506,27.7138
39261,28255,2016-02-13 15:45:00.000000 UTC,48010,28.1511,28.3738
29093,16111,2016-02-05 15:15:00.000000 UTC,58450,28.1513,31.7578
39261,28255,2016-02-12 18:01:40.000000 UTC,58870,28.1513,30.2087
28255,29093,2016-02-19 03:16:40.000000 UTC,11170,28.1515,29.7102
28255,39261,2016-02-18 08:16:40.000000 UTC,49390,28.1528,28.4909
39261,28255,2016-02-12 11:16:40.000000 UTC,19030,28.153,29.0313
28255,39261,2016-02-21 01:31:40.000000 UTC,19690,28.1532,28.8626
28255,16111,2016-02-20 12:30:00.000000 UTC,42250,28.1533,28.5426
39261,16111,2016-02-14 15:31:40.000000 UTC,28450,28.1535,30.366
39261,28255,2016-02-14 08:55:00.000000 UTC,5770,28.1537,27.5855
29093,39261,2016-02-03 17:10:00.000000 UTC,8770,28.154,27.4733
39261,29093,2016-02-13 18:20:00.000000 UTC,33310,28.1542,29.6754
39261,16111,2016-02-15 08:01:40.000000 UTC,29710,28.1544,30.423
29093,39261,2016-02-04 20:15:00.000000 UTC,48910,28.1546,28.7255
28255,39261,2016-02-18 10:55:00.000000 UTC,23470,28.1557,29.7235
28255,16111,2016-02-19 09:15:00.000000 UTC,36850,28.1571,29.2327
29093,28255,2016-02-04 22:31:40.000000 UTC,51010,28.1573,28.8772
28255,16111,2016-02-20 23:35:00.000000 UTC,1210,28.1573,28.2397
28255,29093,2016-02-21 15:55:00.000000 UTC,51910,28.1574,29.1933
39261,28255,2016-02-14 10:31:40.000000 UTC,40570,28.1575,29.5778
28255,29093,2016-02-18 04:55:00.000000 UTC,15610,28.1579,29.135
39261,28255,2016-02-12 12:00:00.000000 UTC,16810,28.1585,28.6014
29093,28255,2016-02-01 00:35:00.000000 UTC,33610,28.1588,29.285
16111,28255,2016-02-10 20:40:00.000000 UTC,19330,28.1591,29.2379
39261,28255,2016-02-12 12:50:00.000000 UTC,16810,28.1593,28.6569
29093,39261,2016-02-03 09:46:40.000000 UTC,46270,28.1594,28.2562
39261,28255,2016-02-13 13:16:40.000000 UTC,15790,28.1595,28.6658
29093,28255,2016-02-03 23:00:00.000000 UTC,10570,28.1599,29.5128
16111,39261,2016-02-12 11:00:00.000000 UTC,51250,28.16,30.4692
39261,29093,2016-02-13 01:40:00.000000 UTC,20050,28.1601,28.9965
28255,29093,2016-02-22 03:01:40.000000 UTC,53650,28.1601,30.5916
39261,28255,2016-02-12 11:10:00.000000 UTC,16930,28.1602,28.7771
39261,28255,2016-02-12 11:46:40.000000 UTC,3790,28.1605,28.1875
29093,28255,2016-02-06 17:30:00.000000 UTC,38890,28.1606,28.6291
28255,16111,2016-02-18 17:25:00.000000 UTC,16150,28.1609,29.489
28255,29093,2016-02-19 17:20:00.000000 UTC,13390,28.1609,27.2715
28255,29093,2016-02-18 04:40:00.000000 UTC,49930,28.161,30.4763
16111,28255,2016-02-06 17:35:00.000000 UTC,55450,28.1611,30.1116
39261,28255,2016-02-13 04:30:00.000000 UTC,1330,28.1614,28.275
29093,39261,2016-02-02 17:15:00.000000 UTC,21550,28.1615,29.533
28255,29093,2016-02-19 02:10:00.000000 UTC,45550,28.1619,30.1899
39261,16111,2016-02-14 04:15:00.000000 UTC,13750,28.162,28.8671
28255,39261,2016-02-19 05:35:00.000000 UTC,11470,28.1623,28.7194
29093,16111,2016-02-04 15:46:40.000000 UTC,13330,28.1626,28.9968
29093,39261,2016-02-05 15:15:00.000000 UTC,51430,28.163,29.7929
28255,29093,2016-02-19 02:10:00.000000 UTC,11290,28.1638,29.3536
29093,28255,2016-02-02 04:45:00.000000 UTC,25690,28.164,29.4083
28255,29093,2016-02-18 16:35:00.000000 UTC,52330,28.1643,28.5982
16111,28255,2016-02-08 17:01:40.000000 UTC,37390,28.1645,30.357
29093,39261,2016-02-03 17:10:00.000000 UTC,27670,28.1647,29.3323
16111,28255,2016-02-10 04:55:00.000000 UTC,45850,28.1653,30.5549
29093,16111,2016-02-05 10:20:00.000000 UTC,37630,28.1661,28.8349
28255,39261,2016-02-21 22:30:00.000000 UTC,28630,28.1663,28.8879
29093,28255,2016-02-05 00:50:00.000000 UTC,34210,28.1664,29.5271
39261,28255,2016-02-14 17:15:00.000000 UTC,20830,28.167,28.9881
16111,39261,2016-02-09 03:16:40.000000 UTC,45550,28.1671,30.3217
39261,29093,2016-02-13 00:46:40.000000 UTC,14650,28.1672,29.1672
29093,16111,2016-02-01 00:16:40.000000 UTC,27190,28.1674,30.0971
29093,28255,2016-02-01 10:30:00.000000 UTC,46090,28.1675,30.4014
28255,29093,2016-02-18 09:46:40.000000 UTC,37510,28.1677,29.8289
28255,29093,2016-02-19 08:00:00.000000 UTC,39970,28.1677,30.0239
29093,39261,2016-02-02 14:16:40.000000 UTC,40210,28.1678,30.2675
39261,29093,2016-02-15 14:01:40.000000 UTC,56050,28.1684,29.0021
16111,29093,2016-02-06 22:46:40.000000 UTC,7990,28.1685,28.5254
16111,28255,2016-02-06 19:40:00.000000 UTC,49450,28.1686,28.8089
28255,16111,2016-02-18 11:31:40.000000 UTC,56650,28.1696,30.1069
39261,28255,2016-02-12 14:46:40.000000 UTC,49090,28.1697,28.3194
28255,39261,2016-02-18 05:30:00.000000 UTC,47050,28.17,29.508
29093,16111,2016-02-02 17:15:00.000000 UTC,43030,28.1701,30.6804
29093,28255,2016-02-01 22:46:40.000000 UTC,36850,28.1706,30.2321
29093,16111,2016-02-02 21:55:00.000000 UTC,38350,28.1709,30.6497
39261,16111,2016-02-13 03:31:40.000000 UTC,22870,28.171,27.4451
28255,39261,2016-02-20 02:25:00.000000 UTC,18730,28.171,29.2854
16111,29093,2016-02-09 06:55:00.000000 UTC,38830,28.1719,31.1321
16111,39261,2016-02-09 05:05:00.000000 UTC,9070,28.1721,28.4693
16111,29093,2016-02-06 21:16:40.000000 UTC,41590,28.1725,28.2942
16111,39261,2016-02-09 10:40:00.000000 UTC,49570,28.1726,28.9339
29093,39261,2016-02-02 20:20:00.000000 UTC,10090,28.1732,29.4768
29093,16111,2016-02-02 08:40:00.000000 UTC,14950,28.1736,29.5118
16111,28255,2016-02-07 06:25:00.000000 UTC,22870,28.1736,29.9013
29093,28255,2016-02-01 18:30:00.000000 UTC,23770,28.1738,29.8347
39261,16111,2016-02-12 21:30:00.000000 UTC,28210,28.1738,30.226
16111,39261,2016-02-09 22:35:00.000000 UTC,44830,28.1739,29.9887
39261,29093,2016-02-13 18:20:00.000000 UTC,38950,28.1739,29.8984
28255,29093,2016-02-20 19:46:40.000000 UTC,20170,28.1739,29.4067
39261,28255,2016-02-13 12:05:00.000000 UTC,22330,28.1742,29.5704
28255,29093,2016-02-21 11:40:00.000000 UTC,16510,28.1743,28.4793
39261,28255,2016-02-12 17:25:00.000000 UTC,42370,28.1749,29.5507
29093,39261,2016-02-05 22:50:00.000000 UTC,55810,28.1753,28.6137
28255,39261,2016-02-18 18:16:40.000000 UTC,10690,28.1753,27.834
28255,16111,2016-02-21 05:30:00.000000 UTC,25330,28.1754,29.771
39261,16111,2016-02-17 04:45:00.000000 UTC,39250,28.1758,28.6806
28255,39261,2016-02-22 00:45:00.000000 UTC,7990,28.1763,27.2947
29093,28255,2016-02-01 01:50:00.000000 UTC,28750,28.1767,26.6621
29093,28255,2016-02-02 08:40:00.000000 UTC,40810,28.1767,28.2582
29093,28255,2016-02-04 22:31:40.000000 UTC,44950,28.1769,28.4489
16111,39261,2016-02-06 20:50:00.000000 UTC,36490,28.177,30.3918
39261,16111,2016-02-13 02:35:00.000000 UTC,8890,28.177,27.7504
28255,16111,2016-02-22 00:45:00.000000 UTC,26590,28.1786,29.7612
28255,39261,2016-02-21 07:31:40.000000 UTC,20110,28.1787,29.1563
39261,28255,2016-02-15 14:01:40.000000 UTC,25450,28.1795,27.9977
28255,16111,2016-02-18 15:46:40.000000 UTC,55150,28.1796,28.6266
39261,28255,2016-02-15 04:10:00.000000 UTC,20170,28.1798,28.6652
29093,39261,2016-02-01 00:16:40.000000 UTC,3550,28.1806,28.255
16111,39261,2016-02-08 20:20:00.000000 UTC,12730,28.1806,28.3808
28255,29093,2016-02-19 23:16:40.000000 UTC,48850,28.1808,28.7039
16111,39261,2016-02-06 18:30:00.000000 UTC,29830,28.1811,30.4159
39261,28255,2016-02-14 01:16:40.000000 UTC,53350,28.1811,29.0327
28255,39261,2016-02-21 11:40:00.000000 UTC,38290,28.1819,29.1804
29093,39261,2016-02-02 21:55:00.000000 UTC,28210,28.1824,28.0424
28255,39261,2016-02-18 04:40:00.000000 UTC,46450,28.1825,28.194
28255,16111,2016-02-21 22:30:00.000000 UTC,21490,28.1826,29.7901
28255,39261,2016-02-18 06:01:40.000000 UTC,53770,28.1827,30.6568
39261,28255,2016-02-12 20:45:00.000000 UTC,48550,28.183,29.0168
39261,16111,2016-02-12 12:50:00.000000 UTC,30130,28.1831,29.8497
39261,29093,2016-02-18 01:45:00.000000 UTC,430,28.1834,28.3949
16111,29093,2016-02-07 08:10:00.000000 UTC,54430,28.1835,31.5449
16111,39261,2016-02-07 15:10:00.000000 UTC,10270,28.1839,28.2398
28255,39261,2016-02-19 02:10:00.000000 UTC,11050,28.1841,27.9366
39261,29093,2016-02-12 21:30:00.000000 UTC,37870,28.185,29.0758
39261,28255,2016-02-14 20:46:40.000000 UTC,26770,28.1851,29.2363
16111,29093,2016-02-11 21:31:40.000000 UTC,39910,28.1854,30.4571
28255,39261,2016-02-18 21:01:40.000000 UTC,3910,28.1861,28.1825
39261,29093,2016-02-16 16:31:40.000000 UTC,16270,28.1863,29.3798
29093,28255,2016-02-02 02:16:40.000000 UTC,13150,28.1867,29.0179
28255,29093,2016-02-19 13:10:00.000000 UTC,48610,28.1882,29.6644
39261,28255,2016-02-16 05:00:00.000000 UTC,31090,28.1885,28.7623
39261,29093,2016-02-16 18:55:00.000000 UTC,38470,28.1885,29.963
39261,28255,2016-02-15 08:01:40.000000 UTC,44290,28.1891,29.7554
16111,28255,2016-02-08 17:01:40.000000 UTC,37450,28.1896,30.4247
28255,16111,2016-02-18 16:35:00.000000 UTC,22390,28.1896,30.1446
39261,29093,2016-02-12 21:30:00.000000 UTC,48910,28.1907,28.7948
29093,39261,2016-02-03 15:16:40.000000 UTC,2230,28.1911,27.6629
28255,29093,2016-02-20 07:20:00.000000 UTC,17170,28.1922,30.1062
16111,29093,2016-02-08 10:45:00.000000 UTC,15130,28.1924,29.9959
29093,39261,2016-02-02 02:16:40.000000 UTC,11530,28.1925,29.4821
16111,28255,2016-02-07 01:10:00.000000 UTC,56830,28.1925,29.1558
16111,29093,2016-02-08 15:25:00.000000 UTC,9070,28.1928,28.7924
39261,29093,2016-02-13 09:46:40.000000 UTC,40990,28.1933,29.9558
39261,29093,2016-02-15 02:16:40.000000 UTC,38830,28.1934,28.6169
39261,16111,2016-02-14 10:31:40.000000 UTC,42130,28.1936,29.261
28255,39261,2016-02-18 04:55:00.000000 UTC,16570,28.1936,28.6635
28255,39261,2016-02-23 19:15:00.000000 UTC,41170,28.1936,29.9977
39261,16111,2016-02-13 21:01:40.000000 UTC,40270,28.194,28.7713
29093,39261,2016-02-02 08:40:00.000000 UTC,19210,28.1941,28.9349
29093,16111,2016-02-02 21:55:00.000000 UTC,37810,28.1942,31.1062
29093,16111,2016-02-05 10:20:00.000000 UTC,26170,28.1943,29.4247
16111,39261,2016-02-07 19:46:40.000000 UTC,50410,28.1943,29.4426
28255,29093,2016-02-23 13:50:00.000000 UTC,23650,28.1944,28.8879
16111,29093,2016-02-06 20:25:00.000000 UTC,7990,28.1949,28.7536
29093,16111,2016-02-01 19:31:40.000000 UTC,39790,28.195,29.1248
28255,39261,2016-02-18 06:01:40.000000 UTC,1510,28.1951,28.2572
28255,39261,2016-02-18 07:50:00.000000 UTC,28150,28.1952,26.5166
29093,39261,2016-02-06 17:30:00.000000 UTC,41410,28.1961,30.3057
39261,28255,2016-02-12 14:20:00.000000 UTC,1690,28.1961,28.4633
29093,16111,2016-02-01 06:25:00.000000 UTC,21370,28.1962,29.9493
39261,16111,2016-02-13 09:46:40.000000 UTC,24490,28.1966,29.4944
16111,39261,2016-02-10 07:05:00.000000 UTC,23050,28.1974,29.6562
28255,29093,2016-02-19 04:25:00.000000 UTC,45190,28.1976,30.4665
28255,29093,2016-02-21 05:30:00.000000 UTC,40930,28.1982,30.0056
39261,29093,2016-02-12 11:25:00.000000 UTC,12190,28.199,29.7073
39261,28255,2016-02-15 22:25:00.000000 UTC,51670,28.1997,28.4356
29093,16111,2016-02-01 04:15:00.000000 UTC,15790,28.1998,29.8519
39261,28255,2016-02-13 00:46:40.000000 UTC,48610,28.1998,28.4617
28255,39261,2016-02-22 17:16:40.000000 UTC,15010,28.1999,28.1437
29093,28255,2016-02-02 17:15:00.000000 UTC,16390,28.2003,29.6133
39261,29093,2016-02-12 14:46:40.000000 UTC,41770,28.2003,28.5702
29093,28255,2016-02-01 05:50:00.000000 UTC,33490,28.2004,30.1468
29093,28255,2016-02-06 01:25:00.000000 UTC,15070,28.2006,28.6621
28255,16111,2016-02-19 18:46:40.000000 UTC,23470,28.2009,29.2937
29093,39261,2016-02-06 17:30:00.000000 UTC,2950,28.2014,28.1053
16111,28255,2016-02-12 08:15:00.000000 UTC,9610,28.2014,28.911
39261,16111,2016-02-13 03:31:40.000000 UTC,8530,28.2015,27.4285
39261,28255,2016-02-12 13:55:00.000000 UTC,42190,28.2016,29.9521
16111,29093,2016-02-06 21:16:40.000000 UTC,42070,28.2023,29.637
39261,29093,2016-02-13 03:31:40.000000 UTC,59710,28.2029,31.1311
39261,29093,2016-02-15 22:25:00.000000 UTC,39670,28.2034,28.5779
28255,39261,2016-02-22 05:20:00.000000 UTC,21370,28.2038,29.649
28255,16111,2016-02-22 00:45:00.000000 UTC,38170,28.2043,30.3926
28255,29093,2016-02-22 12:25:00.000000 UTC,40450,28.2043,30.1694
39261,29093,2016-02-15 04:10:00.000000 UTC,2290,28.2053,28.9474
16111,28255,2016-02-07 01:50:00.000000 UTC,9250,28.2054,28.7344
16111,29093,2016-02-08 15:25:00.000000 UTC,9130,28.206,28.973
16111,29093,2016-02-11 01:25:00.000000 UTC,35770,28.2063,28.4389
39261,29093,2016-02-14 13:50:00.000000 UTC,47350,28.2064,28.8613
28255,39261,2016-02-19 18:46:40.000000 UTC,17830,28.2064,27.4414
29093,28255,2016-02-02 23:31:40.000000 UTC,47590,28.2066,30.0179
29093,28255,2016-02-02 08:40:00.000000 UTC,14290,28.2073,28.5912
39261,16111,2016-02-12 18:40:00.000000 UTC,56650,28.2073,30.6459
29093,28255,2016-02-01 08:20:00.000000 UTC,33610,28.2081,29.951
39261,28255,2016-02-13 13:16:40.000000 UTC,29830,28.2085,28.9931
39261,16111,2016-02-14 12:10:00.000000 UTC,11770,28.2089,29.6429
39261,16111,2016-02-16 14:10:00.000000 UTC,40090,28.2092,28.2601
29093,28255,2016-02-06 14:45:00.000000 UTC,56530,28.2093,28.2051
39261,28255,2016-02-13 01:40:00.000000 UTC,9790,28.2098,27.4283
16111,28255,2016-02-08 12:16:40.000000 UTC,23950,28.21,29.862
16111,29093,2016-02-06 21:16:40.000000 UTC,52930,28.2101,28.8263
29093,39261,2016-02-06 12:01:40.000000 UTC,40990,28.2107,28.5905
39261,29093,2016-02-12 18:01:40.000000 UTC,23710,28.211,29.415
28255,29093,2016-02-18 20:05:00.000000 UTC,35770,28.2111,30.2756
16111,29093,2016-02-10 13:45:00.000000 UTC,10510,28.2113,29.6502
29093,39261,2016-02-02 15:45:00.000000 UTC,57250,28.2114,29.9142
39261,16111,2016-02-13 15:45:00.000000 UTC,11950,28.2114,30.4981
39261,16111,2016-02-15 00:25:00.000000 UTC,14170,28.2114,29.213
39261,29093,2016-02-14 05:46:40.000000 UTC,36130,28.212,29.6614
29093,16111,2016-02-03 01:10:00.000000 UTC,36430,28.2123,28.4926
16111,29093,2016-02-07 01:50:00.000000 UTC,8110,28.2123,28.6714
28255,39261,2016-02-19 06:46:40.000000 UTC,17830,28.2129,29.0866
28255,29093,2016-02-23 13:50:00.000000 UTC,57970,28.2131,30.6949
39261,29093,2016-02-14 13:50:00.000000 UTC,53050,28.2136,28.8096
39261,16111,2016-02-12 16:16:40.000000 UTC,36070,28.2141,29.8984
28255,16111,2016-02-23 00:46:40.000000 UTC,43450,28.2141,29.9048
39261,29093,2016-02-15 00:25:00.000000 UTC,14470,28.2143,28.9559
28255,39261,2016-02-18 06:40:00.000000 UTC,35470,28.2145,29.7138
39261,29093,2016-02-14 02:45:00.000000 UTC,36910,28.2147,29.782
28255,16111,2016-02-18 07:25:00.000000 UTC,18250,28.2154,28.9634
39261,16111,2016-02-14 01:16:40.000000 UTC,2710,28.2159,28.0776
28255,16111,2016-02-18 05:30:00.000000 UTC,58450,28.2161,31.0311
16111,29093,2016-02-06 22:46:40.000000 UTC,59710,28.2167,31.4813
29093,39261,2016-02-01 09:45:00.000000 UTC,46030,28.2172,28.3526
28255,29093,2016-02-21 07:31:40.000000 UTC,11770,28.2178,29.0436
39261,16111,2016-02-17 23:01:40.000000 UTC,42610,28.2183,28.3847
29093,39261,2016-02-02 20:20:00.000000 UTC,10030,28.2184,29.3364
16111,39261,2016-02-10 04:55:00.000000 UTC,16390,28.2186,29.6339
29093,16111,2016-02-03 11:35:00.000000 UTC,25750,28.2188,30.1144
16111,29093,2016-02-07 02:31:40.000000 UTC,36430,28.2191,29.1713
29093,28255,2016-02-01 15:35:00.000000 UTC,49030,28.2193,28.7732
29093,16111,2016-02-01 07:40:00.000000 UTC,21550,28.2198,30.2119
28255,39261,2016-02-20 19:46:40.000000 UTC,19270,28.221,28.4941
28255,39261,2016-02-19 18:46:40.000000 UTC,11950,28.2216,28.5627
29093,39261,2016-02-03 19:05:00.000000 UTC,1030,28.2219,28.303
28255,16111,2016-02-18 06:20:00.000000 UTC,43210,28.2231,28.4425
16111,29093,2016-02-07 19:46:40.000000 UTC,47950,28.2234,28.9914
29093,16111,2016-02-02 23:31:40.000000 UTC,58630,28.2238,28.4224
39261,29093,2016-02-12 13:55:00.000000 UTC,11530,28.2242,29.4031
39261,16111,2016-02-13 12:05:00.000000 UTC,17770,28.2245,28.1307
28255,16111,2016-02-18 06:40:00.000000 UTC,30190,28.2247,30.1982
39261,16111,2016-02-13 21:01:40.000000 UTC,54430,28.225,28.3886
16111,39261,2016-02-06 18:05:00.000000 UTC,10630,28.2251,29.1786
16111,29093,2016-02-07 15:10:00.000000 UTC,44830,28.2251,28.9215
16111,39261,2016-02-06 17:55:00.000000 UTC,47590,28.2254,30.6775
39261,16111,2016-02-12 14:46:40.000000 UTC,57370,28.2254,29.9818
28255,39261,2016-02-18 13:31:40.000000 UTC,1690,28.2254,28.5035
28255,39261,2016-02-21 20:16:40.000000 UTC,27070,28.2256,29.6742
16111,39261,2016-02-06 17:40:00.000000 UTC,29110,28.2263,29.8112
16111,39261,2016-02-09 05:05:00.000000 UTC,2650,28.2264,28.0759
16111,39261,2016-02-08 00:50:00.000000 UTC,32350,28.2266,30.1446
39261,28255,2016-02-12 14:46:40.000000 UTC,3730,28.2269,28.2203
16111,28255,2016-02-11 18:55:00.000000 UTC,3790,28.2271,25.7814
39261,29093,2016-02-16 16:31:40.000000 UTC,50710,28.2273,30.8473
29093,39261,2016-02-01 01:31:40.000000 UTC,49750,28.2276,28.9564
28255,39261,2016-02-22 07:40:00.000000 UTC,21070,28.2277,29.0797
29093,16111,2016-02-01 22:46:40.000000 UTC,59230,28.2281,28.2488
29093,39261,2016-02-03 04:31:40.000000 UTC,30910,28.2286,30.1975
16111,28255,2016-02-09 16:30:00.000000 UTC,42490,28.2294,29.7603
28255,29093,2016-02-20 09:01:40.000000 UTC,22210,28.2302,29.472
29093,39261,2016-02-01 11:16:40.000000 UTC,1270,28.2305,28.9567
29093,16111,2016-02-04 13:35:00.000000 UTC,24910,28.2305,29.6638
39261,16111,2016-02-15 18:10:00.000000 UTC,9010,28.231,28.0091
28255,29093,2016-02-18 17:25:00.000000 UTC,43570,28.2317,28.4883
29093,28255,2016-02-03 21:01:40.000000 UTC,34570,28.2324,30.0541
29093,39261,2016-02-02 08:40:00.000000 UTC,19150,28.2325,28.8012
28255,29093,2016-02-18 21:01:40.000000 UTC,46390,28.2325,29.897
28255,39261,2016-02-18 06:01:40.000000 UTC,53590,28.2328,30.477
39261,29093,2016-02-13 09:46:40.000000 UTC,12550,28.2334,29.837
16111,28255,2016-02-12 02:50:00.000000 UTC,3550,28.234,29.0968
16111,28255,2016-02-12 11:00:00.000000 UTC,54190,28.235,29.9219
29093,28255,2016-02-01 01:50:00.000000 UTC,8350,28.2353,29.8531
39261,29093,2016-02-18 01:45:00.000000 UTC,1990,28.2353,27.347
28255,29093,2016-02-18 05:45:00.000000 UTC,9550,28.2355,28.7917
28255,29093,2016-02-20 02:25:00.000000 UTC,46090,28.2355,29.8643
28255,39261,2016-02-21 13:46:40.000000 UTC,19990,28.2357,28.3909
28255,29093,2016-02-21 07:31:40.000000 UTC,42490,28.2359,28.4848
29093,16111,2016-02-01 19:31:40.000000 UTC,21250,28.2361,30.35
28255,16111,2016-02-19 11:50:00.000000 UTC,35050,28.2365,30.305
28255,16111,2016-02-19 11:50:00.000000 UTC,42190,28.2365,28.4816
16111,39261,2016-02-12 08:15:00.000000 UTC,12250,28.2367,27.9152
29093,28255,2016-02-01 12:55:00.000000 UTC,58870,28.2373,31.2827
28255,16111,2016-02-18 07:01:40.000000 UTC,51550,28.2373,28.6792
16111,39261,2016-02-06 20:25:00.000000 UTC,11290,28.2374,29.1711
39261,28255,2016-02-12 15:45:00.000000 UTC,22870,28.2375,29.1184
39261,28255,2016-02-15 08:01:40.000000 UTC,38290,28.2377,29.4888
28255,39261,2016-02-21 09:35:00.000000 UTC,26710,28.2377,29.766
28255,16111,2016-02-20 21:40:00.000000 UTC,56890,28.2382,29.1293
39261,16111,2016-02-16 21:20:00.000000 UTC,36070,28.2386,29.6306
16111,28255,2016-02-12 05:31:40.000000 UTC,15190,28.2391,29.2636
39261,28255,2016-02-16 14:10:00.000000 UTC,3550,28.2394,27.2541
39261,29093,2016-02-14 08:55:00.000000 UTC,35590,28.2398,29.9896
16111,28255,2016-02-08 04:55:00.000000 UTC,9850,28.2399,29.0534
16111,39261,2016-02-11 21:31:40.000000 UTC,15670,28.2399,29.2191
28255,16111,2016-02-23 13:50:00.000000 UTC,23830,28.2401,29.8978
39261,28255,2016-02-12 21:30:00.000000 UTC,1510,28.2402,28.3339
16111,28255,2016-02-07 08:10:00.000000 UTC,36970,28.2404,29.262
39261,16111,2016-02-15 14:01:40.000000 UTC,10330,28.2404,28.9822
29093,28255,2016-02-05 22:50:00.000000 UTC,58870,28.2407,28.9496
29093,28255,2016-02-03 09:46:40.000000 UTC,33550,28.241,29.5019
16111,28255,2016-02-06 23:55:00.000000 UTC,33670,28.2412,30.2658
28255,29093,2016-02-18 08:16:40.000000 UTC,14770,28.2428,28.6603
39261,16111,2016-02-14 13:50:00.000000 UTC,47050,28.2431,28.8851
39261,28255,2016-02-13 10:55:00.000000 UTC,34330,28.2437,29.4647
39261,28255,2016-02-17 04:45:00.000000 UTC,18130,28.244,28.9916
39261,28255,2016-02-12 11:25:00.000000 UTC,52750,28.2442,29.2042
16111,28255,2016-02-11 08:45:00.000000 UTC,39610,28.2443,28.4074
39261,29093,2016-02-13 00:46:40.000000 UTC,20410,28.2445,29.4032
16111,28255,2016-02-10 18:20:00.000000 UTC,12430,28.2446,28.3813
29093,16111,2016-02-01 08:20:00.000000 UTC,27310,28.2448,30.6208
16111,28255,2016-02-06 17:55:00.000000 UTC,13570,28.2451,29.021
39261,29093,2016-02-12 14:46:40.000000 UTC,56530,28.2455,29.9402
39261,29093,2016-02-13 07:35:00.000000 UTC,30490,28.2456,30.2611
16111,28255,2016-02-08 15:25:00.000000 UTC,36610,28.2463,29.7636
28255,16111,2016-02-22 12:25:00.000000 UTC,36910,28.2463,28.9785
16111,28255,2016-02-10 13:45:00.000000 UTC,11470,28.2471,29.3639
16111,28255,2016-02-07 06:25:00.000000 UTC,10630,28.2475,29.6163
29093,16111,2016-02-01 02:55:00.000000 UTC,55090,28.2481,30.5959
29093,28255,2016-02-01 11:16:40.000000 UTC,15910,28.2482,29.2607
39261,29093,2016-02-12 11:25:00.000000 UTC,3610,28.2485,26.7203
29093,28255,2016-02-01 21:40:00.000000 UTC,30370,28.2496,29.5818
16111,39261,2016-02-10 07:05:00.000000 UTC,3490,28.2499,28.273
39261,16111,2016-02-13 07:35:00.000000 UTC,47950,28.2508,30.8373
28255,16111,2016-02-20 02:25:00.000000 UTC,37210,28.2524,30.2619
28255,29093,2016-02-18 23:00:00.000000 UTC,3490,28.2526,26.6046
39261,28255,2016-02-12 22:16:40.000000 UTC,16390,28.2536,28.6463
39261,16111,2016-02-14 17:15:00.000000 UTC,9790,28.2541,27.5435
16111,29093,2016-02-07 00:31:40.000000 UTC,38410,28.2542,29.9493
28255,39261,2016-02-19 08:00:00.000000 UTC,54490,28.2542,30.2082
16111,39261,2016-02-11 06:16:40.000000 UTC,37150,28.2545,29.9168
39261,16111,2016-02-15 02:16:40.000000 UTC,13390,28.2545,28.4461
29093,16111,2016-02-01 02:10:00.000000 UTC,43570,28.2547,29.7169
16111,29093,2016-02-07 10:01:40.000000 UTC,43090,28.2552,31.0806
16111,39261,2016-02-10 13:45:00.000000 UTC,45430,28.2552,28.1769
39261,28255,2016-02-16 11:50:00.000000 UTC,36610,28.2554,28.5455
29093,16111,2016-02-05 22:50:00.000000 UTC,37330,28.2555,28.7674
39261,29093,2016-02-16 14:10:00.000000 UTC,41470,28.2558,28.6337
29093,39261,2016-02-01 03:20:00.000000 UTC,36490,28.2562,30.2941
39261,29093,2016-02-13 09:46:40.000000 UTC,3970,28.2562,26.5836
29093,39261,2016-02-04 09:16:40.000000 UTC,46090,28.2572,28.6889
16111,39261,2016-02-06 19:20:00.000000 UTC,23290,28.2575,29.4097
39261,29093,2016-02-17 17:40:00.000000 UTC,15730,28.2579,28.9878
29093,28255,2016-02-01 00:05:00.000000 UTC,10030,28.2585,28.3169
29093,16111,2016-02-04 09:16:40.000000 UTC,46750,28.2585,28.5094
28255,39261,2016-02-19 11:50:00.000000 UTC,18190,28.2587,29.4016
16111,28255,2016-02-07 21:00:00.000000 UTC,26590,28.2589,30.0446
16111,39261,2016-02-06 17:55:00.000000 UTC,10750,28.2593,29.5657
39261,29093,2016-02-13 07:35:00.000000 UTC,43330,28.2593,28.7445
29093,39261,2016-02-03 19:05:00.000000 UTC,42550,28.2594,28.3512
39261,29093,2016-02-14 05:46:40.000000 UTC,30370,28.2594,29.3065
28255,16111,2016-02-19 13:10:00.000000 UTC,17410,28.2602,29.786
28255,29093,2016-02-18 09:46:40.000000 UTC,39490,28.2605,28.4086
28255,39261,2016-02-19 03:16:40.000000 UTC,23590,28.2609,28.5717
29093,16111,2016-02-01 11:16:40.000000 UTC,15310,28.2611,29.2777
16111,39261,2016-02-06 17:31:40.000000 UTC,3430,28.2613,28.2787
28255,39261,2016-02-19 11:50:00.000000 UTC,18250,28.2617,29.5159
16111,28255,2016-02-10 23:01:40.000000 UTC,19810,28.2627,29.174
29093,28255,2016-02-02 08:40:00.000000 UTC,49870,28.2632,28.5827
39261,16111,2016-02-13 09:46:40.000000 UTC,52690,28.2635,30.5809
28255,16111,2016-02-21 11:40:00.000000 UTC,42670,28.2642,28.5154
29093,16111,2016-02-01 04:15:00.000000 UTC,21670,28.2643,30.2755
28255,29093,2016-02-18 09:15:00.000000 UTC,14650,28.2643,28.9289
28255,29093,2016-02-19 13:10:00.000000 UTC,9490,28.2643,30.0352
29093,16111,2016-02-03 23:00:00.000000 UTC,32950,28.2649,28.7637
29093,28255,2016-02-06 12:01:40.000000 UTC,17530,28.2651,29.4923
16111,28255,2016-02-06 21:45:00.000000 UTC,56590,28.2653,30.4677
28255,39261,2016-02-18 06:40:00.000000 UTC,22690,28.2655,28.6161
16111,39261,2016-02-06 18:30:00.000000 UTC,3550,28.2656,28.3254
29093,28255,2016-02-01 01:31:40.000000 UTC,1870,28.2658,28.7847
16111,39261,2016-02-07 01:50:00.000000 UTC,12670,28.2658,28.2565
29093,28255,2016-02-04 13:35:00.000000 UTC,8830,28.266,28.139
39261,29093,2016-02-13 07:35:00.000000 UTC,4510,28.266,26.5035
28255,29093,2016-02-20 10:45:00.000000 UTC,39250,28.2664,30.3004
39261,28255,2016-02-12 12:00:00.000000 UTC,23230,28.2665,29.472
29093,16111,2016-02-02 04:45:00.000000 UTC,37210,28.2667,29.2896
16111,39261,2016-02-06 23:55:00.000000 UTC,37210,28.2667,30.2733
16111,39261,2016-02-11 13:46:40.000000 UTC,49330,28.2668,28.7735
16111,39261,2016-02-06 20:01:40.000000 UTC,29710,28.267,29.7012
29093,39261,2016-02-05 20:16:40.000000 UTC,34990,28.2672,29.9815
16111,28255,2016-02-07 21:00:00.000000 UTC,13930,28.2676,28.7499
39261,16111,2016-02-12 16:16:40.000000 UTC,35350,28.2677,30.3518
29093,16111,2016-02-02 08:40:00.000000 UTC,9130,28.268,29.1109
16111,29093,2016-02-06 23:20:00.000000 UTC,8170,28.2681,29.0518
39261,28255,2016-02-12 20:01:40.000000 UTC,22870,28.2683,29.3246
29093,39261,2016-02-01 00:01:40.000000 UTC,43030,28.2684,29.4863
16111,39261,2016-02-06 17:30:00.000000 UTC,36610,28.2692,29.6914
28255,39261,2016-02-18 12:10:00.000000 UTC,16930,28.2692,28.7886
29093,28255,2016-02-03 11:35:00.000000 UTC,4990,28.2693,27.4534
28255,39261,2016-02-19 00:01:40.000000 UTC,49990,28.2694,28.7054
16111,29093,2016-02-07 04:00:00.000000 UTC,36310,28.2697,28.6953
29093,16111,2016-02-02 14:16:40.000000 UTC,39370,28.2698,28.9507
16111,29093,2016-02-10 13:45:00.000000 UTC,44110,28.2701,29.0705
29093,39261,2016-02-02 04:45:00.000000 UTC,12190,28.2702,29.8495
28255,29093,2016-02-18 10:55:00.000000 UTC,20410,28.2703,29.7393
16111,39261,2016-02-06 22:15:00.000000 UTC,48610,28.2705,30.4024
29093,16111,2016-02-01 00:46:40.000000 UTC,51430,28.2708,29.4762
16111,39261,2016-02-06 23:55:00.000000 UTC,48490,28.2708,29.1908
29093,28255,2016-02-01 05:50:00.000000 UTC,27250,28.2712,29.936
28255,39261,2016-02-20 23:35:00.000000 UTC,25570,28.2712,28.711
28255,16111,2016-02-20 12:30:00.000000 UTC,34870,28.2713,30.0519
29093,28255,2016-02-01 02:55:00.000000 UTC,13930,28.2725,28.4203
16111,28255,2016-02-09 05:05:00.000000 UTC,57670,28.2725,30.199
39261,28255,2016-02-13 01:40:00.000000 UTC,57730,28.2728,28.4891
16111,29093,2016-02-08 20:20:00.000000 UTC,55630,28.2731,31.7069
28255,16111,2016-02-18 06:40:00.000000 UTC,36790,28.2733,29.9574
28255,16111,2016-02-19 17:20:00.000000 UTC,10630,28.2736,29.4009
28255,29093,2016-02-19 00:01:40.000000 UTC,53590,28.2738,28.5119
16111,28255,2016-02-11 01:25:00.000000 UTC,14110,28.274,28.3634
39261,16111,2016-02-12 23:05:00.000000 UTC,27370,28.2745,29.5957
29093,39261,2016-02-03 15:16:40.000000 UTC,27790,28.2746,30.2239
16111,39261,2016-02-07 11:00:00.000000 UTC,42310,28.2748,28.0952
29093,39261,2016-02-01 07:40:00.000000 UTC,18670,28.2751,28.5128
29093,16111,2016-02-02 15:45:00.000000 UTC,9010,28.2755,29.4581
29093,39261,2016-02-03 19:05:00.000000 UTC,52270,28.2755,29.8066
16111,29093,2016-02-06 19:01:40.000000 UTC,19930,28.2755,30.2394
29093,28255,2016-02-02 21:55:00.000000 UTC,29470,28.2756,29.8579
39261,28255,2016-02-12 12:50:00.000000 UTC,34990,28.2757,29.1225
39261,16111,2016-02-14 01:16:40.000000 UTC,37570,28.2764,30.2987
29093,39261,2016-02-03 19:05:00.000000 UTC,58330,28.2765,29.995
39261,29093,2016-02-15 18:10:00.000000 UTC,27250,28.2765,29.3184
29093,39261,2016-02-03 01:10:00.000000 UTC,43930,28.2767,28.6471
29093,39261,2016-02-02 04:45:00.000000 UTC,36250,28.2768,29.1811
16111,39261,2016-02-12 05:31:40.000000 UTC,50170,28.277,29.5637
16111,29093,2016-02-07 21:00:00.000000 UTC,8710,28.2771,29.0878
16111,39261,2016-02-10 13:45:00.000000 UTC,18550,28.2775,28.7337
28255,16111,2016-02-19 20:15:00.000000 UTC,1510,28.2777,28.5249
29093,39261,2016-02-05 10:20:00.000000 UTC,25630,28.2778,28.1156
29093,16111,2016-02-03 11:35:00.000000 UTC,670,28.278,28.2513
16111,28255,2016-02-06 18:45:00.000000 UTC,1810,28.2781,28.906
28255,29093,2016-02-23 05:55:00.000000 UTC,19690,28.2781,29.1295
28255,39261,2016-02-18 09:46:40.000000 UTC,59110,28.2784,29.3983
16111,39261,2016-02-07 23:31:40.000000 UTC,25210,28.2786,29.1472
28255,29093,2016-02-22 10:01:40.000000 UTC,48490,28.2793,28.5707
28255,39261,2016-02-18 05:16:40.000000 UTC,3550,28.2794,28.2591
29093,16111,2016-02-04 03:01:40.000000 UTC,7630,28.2796,27.5957
16111,29093,2016-02-10 00:40:00.000000 UTC,3310,28.2796,28.2667
16111,39261,2016-02-10 23:01:40.000000 UTC,39670,28.2796,29.8047
39261,29093,2016-02-13 10:55:00.000000 UTC,12070,28.2796,29.3626
28255,39261,2016-02-19 02:10:00.000000 UTC,17470,28.2806,28.7172
29093,39261,2016-02-01 00:00:00.000000 UTC,36790,28.2808,29.678
28255,39261,2016-02-19 09:15:00.000000 UTC,17950,28.281,29.1171
16111,39261,2016-02-07 14:05:00.000000 UTC,10270,28.2814,29.1254
39261,28255,2016-02-12 12:15:00.000000 UTC,16330,28.2814,26.9433
39261,28255,2016-02-15 00:25:00.000000 UTC,46210,28.2825,29.286
28255,39261,2016-02-20 04:01:40.000000 UTC,18850,28.2827,29.3976
16111,28255,2016-02-09 03:16:40.000000 UTC,28030,28.2829,30.329
39261,28255,2016-02-14 15:31:40.000000 UTC,32650,28.2834,28.6093
28255,16111,2016-02-18 12:10:00.000000 UTC,40270,28.2834,30.5501
29093,28255,2016-02-01 05:16:40.000000 UTC,32710,28.2835,29.5106
29093,39261,2016-02-02 18:46:40.000000 UTC,42430,28.2837,28.2367
16111,28255,2016-02-06 17:40:00.000000 UTC,39550,28.2842,29.1773
39261,28255,2016-02-13 07:35:00.000000 UTC,9370,28.2846,26.6914
16111,28255,2016-02-07 01:50:00.000000 UTC,41830,28.2849,28.3669
16111,28255,2016-02-07 06:25:00.000000 UTC,1510,28.2851,28.5394
29093,28255,2016-02-05 17:45:00.000000 UTC,13210,28.2852,27.7994
28255,16111,2016-02-19 01:05:00.000000 UTC,14170,28.2862,28.7245
39261,28255,2016-02-12 18:01:40.000000 UTC,22810,28.2863,29.0782
39261,28255,2016-02-15 18:10:00.000000 UTC,19390,28.2866,28.0756
39261,16111,2016-02-12 20:45:00.000000 UTC,57970,28.2867,28.8583
28255,39261,2016-02-21 11:40:00.000000 UTC,52570,28.2867,28.6668
39261,29093,2016-02-13 19:40:00.000000 UTC,56230,28.2871,30.8979
16111,28255,2016-02-07 02:31:40.000000 UTC,9310,28.2873,28.4053
29093,39261,2016-02-01 14:40:00.000000 UTC,7870,28.2874,27.3186
29093,28255,2016-02-02 10:01:40.000000 UTC,14710,28.2877,28.9604
28255,16111,2016-02-18 07:25:00.000000 UTC,40750,28.2877,29.5844
28255,39261,2016-02-23 00:46:40.000000 UTC,27610,28.2882,28.6495
16111,39261,2016-02-10 18:20:00.000000 UTC,38350,28.2883,29.7813
29093,39261,2016-02-05 00:50:00.000000 UTC,11170,28.2885,28.7219
39261,28255,2016-02-16 05:00:00.000000 UTC,19330,28.2885,29.1138
28255,16111,2016-02-18 06:40:00.000000 UTC,43090,28.2885,28.6212
28255,16111,2016-02-18 22:00:00.000000 UTC,1150,28.2885,28.3187
28255,16111,2016-02-19 18:46:40.000000 UTC,38890,28.2887,30.3304
39261,16111,2016-02-12 13:10:00.000000 UTC,37090,28.2891,29.5702
16111,29093,2016-02-06 22:15:00.000000 UTC,37330,28.29,30.928
29093,28255,2016-02-01 09:01:40.000000 UTC,57910,28.2901,30.9625
29093,39261,2016-02-05 07:55:00.000000 UTC,45970,28.2902,28.4333
28255,16111,2016-02-18 16:35:00.000000 UTC,55030,28.2902,28.842
28255,39261,2016-02-20 21:40:00.000000 UTC,45490,28.2902,29.4704
28255,29093,2016-02-23 03:20:00.000000 UTC,8290,28.2904,27.5322
16111,29093,2016-02-10 20:40:00.000000 UTC,39670,28.2906,31.0439
39261,16111,2016-02-13 07:35:00.000000 UTC,43990,28.2908,28.3502
16111,29093,2016-02-07 07:16:40.000000 UTC,610,28.2909,28.3814
16111,39261,2016-02-06 17:31:40.000000 UTC,1630,28.291,26.8423
28255,29093,2016-02-22 19:45:00.000000 UTC,33610,28.2916,30.0391
29093,39261,2016-02-01 04:45:00.000000 UTC,49510,28.2917,30.8319
29093,28255,2016-02-02 18:46:40.000000 UTC,3430,28.2922,28.3112
39261,16111,2016-02-16 14:10:00.000000 UTC,26950,28.2922,29.7857
39261,16111,2016-02-16 05:00:00.000000 UTC,23650,28.2924,29.8488
16111,29093,2016-02-10 09:16:40.000000 UTC,23530,28.2926,30.0205
29093,28255,2016-02-01 07:40:00.000000 UTC,41350,28.2929,28.6945
39261,28255,2016-02-12 15:45:00.000000 UTC,10150,28.2932,27.3074
16111,28255,2016-02-07 07:16:40.000000 UTC,46510,28.2933,29.299
28255,39261,2016-02-20 07:20:00.000000 UTC,18610,28.2934,28.1337
39261,29093,2016-02-13 00:46:40.000000 UTC,2710,28.2939,28.1334
29093,16111,2016-02-01 01:15:00.000000 UTC,34870,28.2944,28.3149
29093,28255,2016-02-02 08:40:00.000000 UTC,32290,28.2944,28.8334
39261,29093,2016-02-17 17:40:00.000000 UTC,21850,28.2947,29.8376
39261,29093,2016-02-12 11:46:40.000000 UTC,35470,28.2948,30.3013
39261,29093,2016-02-13 18:20:00.000000 UTC,40810,28.2951,28.7046
28255,29093,2016-02-20 12:30:00.000000 UTC,46210,28.2954,28.6494
29093,16111,2016-02-02 11:25:00.000000 UTC,37990,28.2958,30.8822
16111,39261,2016-02-09 01:30:00.000000 UTC,14890,28.2959,29.9087
29093,16111,2016-02-03 13:25:00.000000 UTC,8410,28.2963,29.2354
39261,16111,2016-02-14 01:16:40.000000 UTC,16810,28.2963,28.6242
28255,39261,2016-02-19 15:55:00.000000 UTC,18130,28.2963,28.9101
29093,16111,2016-02-03 23:00:00.000000 UTC,8110,28.2964,29.0354
28255,16111,2016-02-19 08:00:00.000000 UTC,12430,28.2966,28.0482
39261,29093,2016-02-12 23:55:00.000000 UTC,14710,28.297,28.7581
39261,28255,2016-02-15 14:01:40.000000 UTC,6910,28.2972,25.6534
29093,39261,2016-02-02 21:55:00.000000 UTC,36670,28.2981,29.3662
16111,39261,2016-02-09 03:16:40.000000 UTC,45610,28.2981,30.4159
29093,28255,2016-02-05 03:10:00.000000 UTC,10450,28.2988,29.2808
29093,39261,2016-02-01 21:40:00.000000 UTC,9910,28.2989,28.1861
28255,29093,2016-02-18 05:05:00.000000 UTC,9370,28.299,27.6969
28255,29093,2016-02-19 17:20:00.000000 UTC,42730,28.299,30.3821
39261,29093,2016-02-16 16:31:40.000000 UTC,10090,28.2991,28.1975
39261,28255,2016-02-14 02:45:00.000000 UTC,15010,28.2992,28.0848
28255,39261,2016-02-19 23:16:40.000000 UTC,30850,28.2996,29.31
29093,39261,2016-02-01 10:30:00.000000 UTC,13210,28.3003,28.1388
16111,29093,2016-02-11 06:16:40.000000 UTC,51130,28.3003,31.305
29093,16111,2016-02-05 00:50:00.000000 UTC,13150,28.3004,29.0018
16111,39261,2016-02-07 04:00:00.000000 UTC,40090,28.3005,28.787
16111,29093,2016-02-09 22:35:00.000000 UTC,39070,28.3007,30.9838
39261,28255,2016-02-13 07:35:00.000000 UTC,51790,28.3009,28.9253
28255,16111,2016-02-18 09:46:40.000000 UTC,23410,28.3009,29.2986
28255,29093,2016-02-18 05:30:00.000000 UTC,27490,28.3012,30.331
29093,28255,2016-02-01 00:25:00.000000 UTC,49990,28.3014,30.7698
16111,39261,2016-02-11 13:46:40.000000 UTC,39910,28.302,28.7922
16111,28255,2016-02-09 10:40:00.000000 UTC,43150,28.3021,29.1715
16111,39261,2016-02-07 05:35:00.000000 UTC,40690,28.3024,28.4
29093,39261,2016-02-01 13:46:40.000000 UTC,57190,28.3025,30.7207
39261,29093,2016-02-16 05:00:00.000000 UTC,36130,28.3037,29.7061
16111,39261,2016-02-09 08:46:40.000000 UTC,10210,28.3041,28.8005
39261,29093,2016-02-12 11:25:00.000000 UTC,42490,28.3042,28.8181
39261,28255,2016-02-17 23:01:40.000000 UTC,55570,28.3046,28.5479
39261,29093,2016-02-15 14:01:40.000000 UTC,41710,28.3047,28.5325
28255,39261,2016-02-22 14:50:00.000000 UTC,15130,28.3049,28.7021
28255,29093,2016-02-19 04:25:00.000000 UTC,33970,28.3054,30.0825
28255,29093,2016-02-18 16:35:00.000000 UTC,30430,28.3056,29.5008
16111,39261,2016-02-09 18:30:00.000000 UTC,21550,28.3064,28.7245
28255,29093,2016-02-18 18:16:40.000000 UTC,36730,28.3066,30.1423
39261,16111,2016-02-13 01:40:00.000000 UTC,48550,28.307,28.9756
29093,28255,2016-02-02 02:16:40.000000 UTC,48550,28.3071,28.6326
29093,16111,2016-02-05 05:31:40.000000 UTC,40690,28.3075,28.4755
28255,16111,2016-02-20 09:01:40.000000 UTC,24130,28.3084,29.441
28255,29093,2016-02-18 05:05:00.000000 UTC,15550,28.3092,29.098
29093,16111,2016-02-03 15:16:40.000000 UTC,8170,28.3094,28.6329
16111,39261,2016-02-07 21:00:00.000000 UTC,43090,28.3096,30.3453
39261,16111,2016-02-14 02:45:00.000000 UTC,36850,28.3098,29.7602
16111,39261,2016-02-11 01:25:00.000000 UTC,21910,28.31,28.9135
39261,28255,2016-02-15 22:25:00.000000 UTC,51490,28.3103,28.8789
39261,28255,2016-02-14 12:10:00.000000 UTC,2590,28.3106,28.0953
16111,28255,2016-02-08 09:15:00.000000 UTC,3670,28.3107,28.4472
29093,28255,2016-02-03 19:05:00.000000 UTC,1030,28.3109,28.3998
16111,39261,2016-02-07 05:35:00.000000 UTC,26830,28.3112,30.1044
28255,29093,2016-02-20 17:55:00.000000 UTC,48910,28.3112,30.3264
28255,29093,2016-02-22 14:50:00.000000 UTC,56710,28.3112,30.2736
29093,28255,2016-02-01 12:05:00.000000 UTC,16270,28.3116,29.5497
28255,39261,2016-02-23 19:15:00.000000 UTC,22690,28.3117,29.3183
16111,28255,2016-02-07 08:10:00.000000 UTC,3670,28.312,28.4137
16111,29093,2016-02-07 21:00:00.000000 UTC,8650,28.3127,28.909
39261,16111,2016-02-12 12:50:00.000000 UTC,31930,28.3129,28.7413
29093,39261,2016-02-03 17:10:00.000000 UTC,34330,28.3132,30.1504
29093,39261,2016-02-04 13:35:00.000000 UTC,26830,28.3132,29.2183
29093,28255,2016-02-02 03:30:00.000000 UTC,19270,28.3134,28.8968
28255,29093,2016-02-20 09:01:40.000000 UTC,28330,28.3134,30.1424
16111,28255,2016-02-10 18:20:00.000000 UTC,48370,28.3135,29.3654
28255,29093,2016-02-18 17:25:00.000000 UTC,37210,28.3136,29.8746
29093,16111,2016-02-04 22:31:40.000000 UTC,35110,28.3142,27.9058
16111,39261,2016-02-07 21:00:00.000000 UTC,49150,28.3143,30.5837
29093,28255,2016-02-01 12:55:00.000000 UTC,10090,28.3146,29.0187
29093,16111,2016-02-01 00:05:00.000000 UTC,57430,28.315,28.3819
39261,29093,2016-02-12 20:45:00.000000 UTC,9430,28.3151,27.8285
29093,28255,2016-02-03 23:00:00.000000 UTC,1510,28.3154,28.5938
29093,28255,2016-02-03 23:00:00.000000 UTC,1690,28.3161,26.986
29093,28255,2016-02-03 23:00:00.000000 UTC,3430,28.3162,28.3475
28255,29093,2016-02-22 00:45:00.000000 UTC,31510,28.3167,29.8661
29093,39261,2016-02-06 06:40:00.000000 UTC,39250,28.3168,29.3478
16111,39261,2016-02-10 11:30:00.000000 UTC,56710,28.3169,28.8371
28255,16111,2016-02-19 23:16:40.000000 UTC,48430,28.3171,29.3799
29093,28255,2016-02-06 04:01:40.000000 UTC,40030,28.3172,30.1121
16111,39261,2016-02-12 08:15:00.000000 UTC,25030,28.3173,29.5896
28255,29093,2016-02-18 08:16:40.000000 UTC,8710,28.3173,27.5054
28255,16111,2016-02-19 09:15:00.000000 UTC,18010,28.3173,28.8631
39261,28255,2016-02-14 04:15:00.000000 UTC,14770,28.3178,27.5208
28255,29093,2016-02-22 10:01:40.000000 UTC,42790,28.3183,28.6285
16111,39261,2016-02-09 03:16:40.000000 UTC,27310,28.3184,29.6789
39261,28255,2016-02-12 22:16:40.000000 UTC,22510,28.3186,28.9333
28255,39261,2016-02-18 06:40:00.000000 UTC,55330,28.3186,28.6899
28255,39261,2016-02-22 05:20:00.000000 UTC,40390,28.3188,29.9563
28255,29093,2016-02-18 05:05:00.000000 UTC,15610,28.319,29.2406
29093,39261,2016-02-02 06:01:40.000000 UTC,3430,28.3192,26.1964
39261,28255,2016-02-14 02:45:00.000000 UTC,35170,28.3199,29.0766
28255,39261,2016-02-22 19:45:00.000000 UTC,34270,28.3199,29.7975
29093,16111,2016-02-05 00:50:00.000000 UTC,36190,28.32,30.501
39261,28255,2016-02-13 06:31:40.000000 UTC,1270,28.32,28.3887
16111,29093,2016-02-11 01:25:00.000000 UTC,50290,28.3203,29.9729
39261,16111,2016-02-14 02:45:00.000000 UTC,14110,28.3206,28.821
28255,16111,2016-02-21 22:30:00.000000 UTC,9490,28.3208,28.0562
29093,28255,2016-02-01 02:55:00.000000 UTC,56110,28.3211,30.0649
16111,28255,2016-02-09 20:31:40.000000 UTC,13510,28.3216,29.1709
28255,39261,2016-02-18 05:45:00.000000 UTC,58330,28.322,27.7765
16111,28255,2016-02-11 21:31:40.000000 UTC,25270,28.3222,29.2733
29093,39261,2016-02-01 04:45:00.000000 UTC,32410,28.3224,28.719
16111,29093,2016-02-11 13:46:40.000000 UTC,50830,28.323,30.4983
28255,16111,2016-02-21 22:30:00.000000 UTC,33910,28.323,29.9041
29093,28255,2016-02-01 02:55:00.000000 UTC,20170,28.3231,29.0625
29093,16111,2016-02-01 11:16:40.000000 UTC,9610,28.3231,29.1883
29093,39261,2016-02-01 03:46:40.000000 UTC,44410,28.3232,28.5983
16111,28255,2016-02-08 20:20:00.000000 UTC,13510,28.3232,28.6796
29093,16111,2016-02-04 05:05:00.000000 UTC,7810,28.3235,28.5646
28255,16111,2016-02-19 01:05:00.000000 UTC,2530,28.3238,28.0809
16111,39261,2016-02-07 19:46:40.000000 UTC,38290,28.324,29.2614
29093,39261,2016-02-01 22:46:40.000000 UTC,42310,28.3245,30.2753
16111,39261,2016-02-07 22:15:00.000000 UTC,55930,28.3248,31.2969
29093,28255,2016-02-01 13:46:40.000000 UTC,34930,28.325,29.9886
29093,28255,2016-02-06 04:01:40.000000 UTC,9550,28.3258,28.7077
39261,28255,2016-02-17 23:01:40.000000 UTC,4030,28.3258,28.3302
29093,28255,2016-02-06 12:01:40.000000 UTC,11470,28.3265,29.5436
16111,28255,2016-02-06 20:25:00.000000 UTC,40390,28.3269,28.7785
39261,16111,2016-02-16 00:35:00.000000 UTC,19270,28.3269,29.6501
28255,16111,2016-02-20 12:30:00.000000 UTC,45430,28.3269,29.1961
29093,39261,2016-02-02 15:45:00.000000 UTC,8350,28.3275,27.7109
39261,16111,2016-02-15 14:01:40.000000 UTC,10270,28.3276,28.8122
39261,28255,2016-02-12 18:40:00.000000 UTC,35110,28.3279,29.7133
16111,29093,2016-02-11 21:31:40.000000 UTC,22870,28.3282,30.0789
28255,16111,2016-02-19 03:16:40.000000 UTC,47470,28.3282,29.7378
39261,29093,2016-02-12 23:55:00.000000 UTC,15130,28.3283,29.6452
29093,28255,2016-02-01 09:01:40.000000 UTC,15730,28.3284,29.6572
16111,39261,2016-02-12 00:10:00.000000 UTC,3250,28.3284,28.3271
39261,28255,2016-02-12 12:00:00.000000 UTC,59890,28.3284,30.7973
39261,28255,2016-02-13 21:01:40.000000 UTC,59710,28.3284,28.6063
39261,28255,2016-02-12 11:01:40.000000 UTC,19630,28.329,27.3754
16111,28255,2016-02-11 11:15:00.000000 UTC,10690,28.3291,29.3823
28255,39261,2016-02-18 04:40:00.000000 UTC,28810,28.3291,28.959
39261,29093,2016-02-14 17:15:00.000000 UTC,46270,28.3293,29.4602
29093,16111,2016-02-03 13:25:00.000000 UTC,8350,28.3302,29.0635
16111,39261,2016-02-06 20:25:00.000000 UTC,11230,28.3304,29.0156
29093,16111,2016-02-01 10:30:00.000000 UTC,9730,28.3305,29.3265
29093,16111,2016-02-03 01:10:00.000000 UTC,27550,28.331,29.6934
29093,39261,2016-02-02 01:05:00.000000 UTC,37030,28.3311,29.9107
28255,29093,2016-02-19 10:31:40.000000 UTC,54850,28.3311,29.8397
39261,29093,2016-02-12 11:00:00.000000 UTC,34810,28.3312,29.0904
28255,16111,2016-02-20 02:25:00.000000 UTC,14170,28.3314,28.8983
16111,28255,2016-02-10 09:16:40.000000 UTC,54310,28.3316,29.8422
16111,39261,2016-02-11 21:31:40.000000 UTC,28150,28.3316,29.8901
29093,16111,2016-02-05 05:31:40.000000 UTC,6790,28.3317,26.7867
16111,28255,2016-02-07 23:31:40.000000 UTC,27010,28.332,29.8615
16111,39261,2016-02-09 05:05:00.000000 UTC,45130,28.332,28.2554
39261,29093,2016-02-12 13:10:00.000000 UTC,56830,28.3321,29.7425
39261,16111,2016-02-13 21:01:40.000000 UTC,9610,28.3325,27.8096
39261,29093,2016-02-16 11:50:00.000000 UTC,42070,28.3331,28.7074
29093,16111,2016-02-04 03:01:40.000000 UTC,7570,28.3335,27.3704
39261,16111,2016-02-13 21:01:40.000000 UTC,45970,28.3335,28.6139
29093,28255,2016-02-05 00:50:00.000000 UTC,15910,28.3343,28.8001
39261,28255,2016-02-14 04:15:00.000000 UTC,21190,28.3349,28.7196
29093,28255,2016-02-01 04:45:00.000000 UTC,370,28.3353,28.2973
39261,29093,2016-02-12 16:16:40.000000 UTC,10870,28.3356,29.1496
16111,29093,2016-02-11 13:46:40.000000 UTC,36130,28.3359,28.3331
29093,16111,2016-02-01 05:16:40.000000 UTC,34750,28.3361,28.4386
28255,29093,2016-02-21 15:55:00.000000 UTC,46150,28.3361,29.3884
28255,16111,2016-02-22 12:25:00.000000 UTC,18010,28.3363,28.9637
29093,28255,2016-02-01 12:05:00.000000 UTC,16210,28.3366,29.4307
39261,28255,2016-02-12 12:50:00.000000 UTC,53230,28.3366,30.2807
29093,28255,2016-02-01 09:01:40.000000 UTC,27610,28.3378,29.4931
39261,29093,2016-02-12 11:25:00.000000 UTC,12130,28.3378,29.5555
29093,28255,2016-02-05 07:55:00.000000 UTC,43810,28.3379,28.6552
16111,29093,2016-02-06 17:40:00.000000 UTC,27070,28.3381,29.393
16111,29093,2016-02-10 16:01:40.000000 UTC,33790,28.3381,30.5997
16111,29093,2016-02-07 04:46:40.000000 UTC,8110,28.3384,28.4838
16111,39261,2016-02-08 02:10:00.000000 UTC,38830,28.3386,30.5794
28255,29093,2016-02-19 10:31:40.000000 UTC,15490,28.3387,29.4379
16111,28255,2016-02-07 19:46:40.000000 UTC,1810,28.3391,28.885
39261,16111,2016-02-16 00:35:00.000000 UTC,52930,28.3405,30.5295
29093,28255,2016-02-05 05:31:40.000000 UTC,22930,28.341,28.8667
39261,16111,2016-02-12 12:00:00.000000 UTC,58570,28.341,30.9743
29093,39261,2016-02-02 02:16:40.000000 UTC,44230,28.3412,28.2634
39261,29093,2016-02-13 12:05:00.000000 UTC,23290,28.3417,29.431
29093,39261,2016-02-06 12:01:40.000000 UTC,56830,28.3425,30.1078
39261,29093,2016-02-13 03:31:40.000000 UTC,19510,28.3431,28.7567
29093,39261,2016-02-05 00:50:00.000000 UTC,29590,28.3436,28.9607
29093,39261,2016-02-04 11:25:00.000000 UTC,20590,28.344,29.9559
39261,16111,2016-02-13 07:35:00.000000 UTC,43930,28.3442,28.5267
28255,16111,2016-02-18 04:35:00.000000 UTC,13390,28.3445,29.2156
39261,16111,2016-02-12 23:55:00.000000 UTC,32770,28.3446,29.6949
28255,16111,2016-02-19 15:55:00.000000 UTC,28090,28.3452,29.7674
29093,39261,2016-02-05 00:50:00.000000 UTC,11110,28.3457,28.5573
39261,29093,2016-02-14 01:16:40.000000 UTC,53650,28.3466,29.1592
29093,28255,2016-02-01 12:05:00.000000 UTC,22270,28.3469,29.5434
39261,16111,2016-02-14 02:45:00.000000 UTC,20230,28.347,29.8466
28255,16111,2016-02-20 16:05:00.000000 UTC,28270,28.3475,29.7769
29093,28255,2016-02-02 08:40:00.000000 UTC,20410,28.3479,28.9441
39261,16111,2016-02-12 12:00:00.000000 UTC,58450,28.3481,30.7715
16111,29093,2016-02-08 03:31:40.000000 UTC,48190,28.3482,29.1169
16111,29093,2016-02-06 20:25:00.000000 UTC,13870,28.3484,29.3677
29093,28255,2016-02-01 11:16:40.000000 UTC,52210,28.3488,30.7172
39261,28255,2016-02-14 15:31:40.000000 UTC,58690,28.3489,29.1687
29093,28255,2016-02-01 12:55:00.000000 UTC,10030,28.349,28.8556
16111,29093,2016-02-09 05:05:00.000000 UTC,34630,28.3494,28.5342
29093,28255,2016-02-01 00:25:00.000000 UTC,1570,28.3499,28.9795
16111,39261,2016-02-09 14:31:40.000000 UTC,50710,28.3499,28.8549
28255,29093,2016-02-22 03:01:40.000000 UTC,2470,28.3505,29.1287
39261,29093,2016-02-13 15:45:00.000000 UTC,34390,28.3514,30.3144
16111,39261,2016-02-09 12:35:00.000000 UTC,11290,28.3516,28.9953
28255,39261,2016-02-18 15:00:00.000000 UTC,3790,28.3519,28.3281
39261,28255,2016-02-12 13:55:00.000000 UTC,40630,28.352,28.8031
39261,28255,2016-02-12 17:25:00.000000 UTC,54670,28.3524,29.1137
39261,16111,2016-02-12 16:16:40.000000 UTC,12250,28.3526,29.967
28255,39261,2016-02-19 05:35:00.000000 UTC,11230,28.3532,28.0654
16111,29093,2016-02-09 22:35:00.000000 UTC,27730,28.3533,30.6416
39261,28255,2016-02-13 12:05:00.000000 UTC,34630,28.3533,29.8489
29093,16111,2016-02-01 12:05:00.000000 UTC,9790,28.3538,29.5784
16111,28255,2016-02-07 06:25:00.000000 UTC,10510,28.3539,29.3282
16111,28255,2016-02-09 03:16:40.000000 UTC,8770,28.3545,27.6605
39261,29093,2016-02-13 14:30:00.000000 UTC,30010,28.3547,29.4554
39261,28255,2016-02-12 20:01:40.000000 UTC,3670,28.355,28.3698
29093,39261,2016-02-01 04:15:00.000000 UTC,11650,28.3553,28.8709
28255,16111,2016-02-19 18:46:40.000000 UTC,34450,28.3555,29.6426
39261,28255,2016-02-12 21:30:00.000000 UTC,58270,28.3566,29.2798
29093,39261,2016-02-01 10:30:00.000000 UTC,26110,28.3569,29.7773
16111,28255,2016-02-06 22:46:40.000000 UTC,50110,28.3569,28.6031
16111,39261,2016-02-08 23:45:00.000000 UTC,19690,28.357,28.2988
39261,29093,2016-02-12 17:25:00.000000 UTC,10270,28.3575,28.0875
16111,28255,2016-02-08 20:20:00.000000 UTC,13570,28.359,28.828
39261,29093,2016-02-13 13:16:40.000000 UTC,11530,28.3597,29.2919
28255,29093,2016-02-18 07:25:00.000000 UTC,48610,28.36,28.8872
16111,39261,2016-02-08 10:45:00.000000 UTC,3190,28.3601,28.3121
29093,28255,2016-02-03 11:35:00.000000 UTC,4870,28.3608,27.8318
29093,28255,2016-02-01 01:15:00.000000 UTC,13930,28.361,29.2099
39261,28255,2016-02-13 17:01:40.000000 UTC,45850,28.361,29.7347
16111,28255,2016-02-11 11:15:00.000000 UTC,16690,28.3616,29.2344
29093,28255,2016-02-05 00:50:00.000000 UTC,9550,28.362,27.8828
39261,29093,2016-02-14 01:16:40.000000 UTC,20050,28.362,29.0355
28255,39261,2016-02-22 22:15:00.000000 UTC,15130,28.3621,27.9068
28255,16111,2016-02-18 09:15:00.000000 UTC,11650,28.3623,26.9646
29093,28255,2016-02-03 23:00:00.000000 UTC,10450,28.3626,29.2153
29093,39261,2016-02-01 00:25:00.000000 UTC,46750,28.3628,28.6165
29093,28255,2016-02-02 08:40:00.000000 UTC,14170,28.3633,28.2778
28255,29093,2016-02-19 03:16:40.000000 UTC,56350,28.3633,30.1339
28255,16111,2016-02-20 16:05:00.000000 UTC,16630,28.3633,28.914
28255,29093,2016-02-23 03:20:00.000000 UTC,13990,28.3635,27.6443
16111,39261,2016-02-07 15:10:00.000000 UTC,49270,28.3641,29.0072
16111,29093,2016-02-06 19:40:00.000000 UTC,27130,28.3642,29.5196
39261,16111,2016-02-12 11:01:40.000000 UTC,41950,28.3654,30.311
29093,39261,2016-02-03 17:10:00.000000 UTC,25090,28.3658,23.139
29093,39261,2016-02-04 09:16:40.000000 UTC,20050,28.3664,29.788
39261,29093,2016-02-12 12:00:00.000000 UTC,23350,28.3665,29.2517
39261,28255,2016-02-12 13:10:00.000000 UTC,28570,28.3668,27.9934
28255,39261,2016-02-18 23:00:00.000000 UTC,41890,28.3668,29.5774
28255,39261,2016-02-20 10:45:00.000000 UTC,49210,28.3669,29.3355
29093,28255,2016-02-01 10:30:00.000000 UTC,58030,28.3673,30.7486
16111,39261,2016-02-07 12:00:00.000000 UTC,28510,28.3676,30.0831
16111,28255,2016-02-07 12:00:00.000000 UTC,35650,28.3677,28.8189
29093,28255,2016-02-01 04:15:00.000000 UTC,38710,28.3678,29.9846
29093,28255,2016-02-01 12:55:00.000000 UTC,47290,28.3683,30.5794
16111,39261,2016-02-08 06:20:00.000000 UTC,45730,28.3683,30.4249
16111,28255,2016-02-08 17:01:40.000000 UTC,37030,28.3692,29.8384
28255,39261,2016-02-20 17:55:00.000000 UTC,43750,28.3696,29.6882
28255,29093,2016-02-20 12:30:00.000000 UTC,9730,28.3697,28.3188
28255,16111,2016-02-18 23:00:00.000000 UTC,32170,28.3698,30.0308
29093,39261,2016-02-05 22:50:00.000000 UTC,43450,28.3699,29.08
16111,28255,2016-02-11 03:50:00.000000 UTC,53050,28.3709,29.1598
16111,28255,2016-02-08 03:31:40.000000 UTC,15370,28.3714,28.5119
16111,39261,2016-02-08 17:01:40.000000 UTC,2830,28.3717,27.0011
28255,16111,2016-02-22 03:01:40.000000 UTC,48490,28.3718,30.392
39261,16111,2016-02-13 02:35:00.000000 UTC,33370,28.3724,29.8062
28255,16111,2016-02-19 20:15:00.000000 UTC,55810,28.3726,31.2808
29093,28255,2016-02-04 15:46:40.000000 UTC,14170,28.3737,29.1368
28255,16111,2016-02-19 09:15:00.000000 UTC,53770,28.3737,29.2921
16111,29093,2016-02-11 21:31:40.000000 UTC,36370,28.3739,28.2145
16111,28255,2016-02-06 18:16:40.000000 UTC,39190,28.3742,30.0935
28255,29093,2016-02-18 15:00:00.000000 UTC,19270,28.3745,29.088
28255,16111,2016-02-21 05:30:00.000000 UTC,41830,28.3746,29.6054
28255,29093,2016-02-22 19:45:00.000000 UTC,40810,28.3747,28.6681
29093,28255,2016-02-01 04:15:00.000000 UTC,50590,28.3748,30.2929
29093,28255,2016-02-01 01:15:00.000000 UTC,49150,28.3752,28.3966
39261,16111,2016-02-16 11:50:00.000000 UTC,10030,28.3752,28.512
29093,39261,2016-02-01 22:46:40.000000 UTC,3430,28.3753,28.3973
29093,16111,2016-02-02 23:31:40.000000 UTC,36490,28.3753,28.5664
29093,16111,2016-02-01 21:40:00.000000 UTC,43030,28.376,29.3725
28255,29093,2016-02-19 01:05:00.000000 UTC,45370,28.3761,29.464
39261,29093,2016-02-12 17:25:00.000000 UTC,46750,28.3762,28.9486
28255,39261,2016-02-19 10:31:40.000000 UTC,17950,28.3763,29.0261
29093,28255,2016-02-01 21:40:00.000000 UTC,18250,28.3765,29.5942
28255,39261,2016-02-21 15:55:00.000000 UTC,39910,28.3769,29.7833
16111,39261,2016-02-08 20:20:00.000000 UTC,43630,28.377,30.2963
29093,28255,2016-02-04 07:10:00.000000 UTC,59350,28.378,27.9627
39261,29093,2016-02-12 17:25:00.000000 UTC,52450,28.378,28.8931
39261,29093,2016-02-12 14:46:40.000000 UTC,11170,28.3781,29.0413
29093,16111,2016-02-05 05:31:40.000000 UTC,12970,28.3783,28.8335
28255,16111,2016-02-18 04:35:00.000000 UTC,40930,28.3784,28.4281
28255,29093,2016-02-19 06:46:40.000000 UTC,55750,28.3784,30.2514
28255,39261,2016-02-23 03:20:00.000000 UTC,28570,28.3788,29.8445
29093,16111,2016-02-01 03:46:40.000000 UTC,48970,28.3793,29.4518
39261,28255,2016-02-12 21:30:00.000000 UTC,54730,28.3795,28.5402
16111,28255,2016-02-07 15:10:00.000000 UTC,54310,28.3799,29.3732
28255,16111,2016-02-20 07:20:00.000000 UTC,12790,28.3799,28.0167
16111,39261,2016-02-09 12:35:00.000000 UTC,48250,28.38,30.4992
29093,16111,2016-02-01 14:40:00.000000 UTC,34390,28.3802,28.796
28255,39261,2016-02-18 04:30:00.000000 UTC,42310,28.3806,29.9421
28255,39261,2016-02-20 04:01:40.000000 UTC,55270,28.3808,30.0983
28255,29093,2016-02-22 19:45:00.000000 UTC,49510,28.3814,28.695
16111,39261,2016-02-07 15:10:00.000000 UTC,10210,28.3816,28.0578
16111,28255,2016-02-07 19:46:40.000000 UTC,46030,28.3817,28.7119
16111,28255,2016-02-07 05:35:00.000000 UTC,10210,28.3822,29.0002
29093,39261,2016-02-01 15:35:00.000000 UTC,2230,28.3826,27.8031
39261,28255,2016-02-13 19:40:00.000000 UTC,21250,28.3829,27.908
16111,28255,2016-02-07 07:16:40.000000 UTC,43150,28.3833,28.3813
39261,16111,2016-02-14 15:31:40.000000 UTC,51430,28.3834,30.5994
29093,28255,2016-02-03 09:46:40.000000 UTC,55270,28.3836,29.0012
16111,29093,2016-02-07 23:31:40.000000 UTC,43150,28.3839,30.4984
29093,28255,2016-02-02 23:31:40.000000 UTC,11590,28.384,29.6483
16111,28255,2016-02-10 20:40:00.000000 UTC,25330,28.3842,29.3145
16111,39261,2016-02-07 17:25:00.000000 UTC,11110,28.3851,28.9884
39261,28255,2016-02-14 02:45:00.000000 UTC,790,28.3851,28.4949
16111,29093,2016-02-09 01:30:00.000000 UTC,56470,28.3853,30.4127
28255,39261,2016-02-23 16:31:40.000000 UTC,16030,28.3855,28.2971
29093,28255,2016-02-02 02:16:40.000000 UTC,4210,28.3858,26.2585
29093,39261,2016-02-05 05:31:40.000000 UTC,45310,28.3858,28.475
16111,29093,2016-02-07 07:16:40.000000 UTC,8170,28.386,28.4884
39261,28255,2016-02-17 09:50:00.000000 UTC,17830,28.386,28.7671
28255,29093,2016-02-18 05:16:40.000000 UTC,39430,28.3862,30.4226
16111,39261,2016-02-11 21:31:40.000000 UTC,39670,28.3869,29.0225
28255,16111,2016-02-18 06:01:40.000000 UTC,30190,28.3873,30.0496
16111,28255,2016-02-12 05:31:40.000000 UTC,5890,28.3879,27.8476
16111,39261,2016-02-09 16:30:00.000000 UTC,45370,28.3881,28.4251
16111,29093,2016-02-07 09:05:00.000000 UTC,37510,28.3888,30.8562
28255,29093,2016-02-19 18:46:40.000000 UTC,19450,28.3888,29.2492
29093,39261,2016-02-02 02:16:40.000000 UTC,11230,28.3893,28.7394
16111,39261,2016-02-10 04:55:00.000000 UTC,52930,28.3894,30.6694
29093,39261,2016-02-01 03:20:00.000000 UTC,48910,28.3897,31.0411
39261,28255,2016-02-14 02:45:00.000000 UTC,53410,28.3898,28.7238
28255,39261,2016-02-18 20:05:00.000000 UTC,19690,28.3902,28.2869
28255,16111,2016-02-20 16:05:00.000000 UTC,51250,28.3902,31.1977
28255,29093,2016-02-22 12:25:00.000000 UTC,57010,28.3904,30.0181
29093,39261,2016-02-02 15:45:00.000000 UTC,35050,28.3907,29.4089
29093,16111,2016-02-01 04:15:00.000000 UTC,9910,28.3908,29.4042
16111,39261,2016-02-08 04:55:00.000000 UTC,40270,28.3908,30.3032
39261,29093,2016-02-13 15:45:00.000000 UTC,45430,28.3911,30.6071
39261,16111,2016-02-17 23:01:40.000000 UTC,29830,28.3912,30.4359
28255,39261,2016-02-18 11:31:40.000000 UTC,1630,28.3915,28.5031
28255,16111,2016-02-21 07:31:40.000000 UTC,43510,28.392,28.7825
39261,29093,2016-02-12 12:00:00.000000 UTC,11830,28.3923,29.0654
39261,16111,2016-02-15 06:05:00.000000 UTC,12550,28.3928,28.8583
28255,29093,2016-02-19 05:35:00.000000 UTC,10330,28.393,28.4936
29093,39261,2016-02-01 00:00:00.000000 UTC,55270,28.3931,29.3738
28255,39261,2016-02-18 16:35:00.000000 UTC,47110,28.3937,28.6011
29093,28255,2016-02-04 18:00:00.000000 UTC,22630,28.394,29.2642
28255,16111,2016-02-18 19:10:00.000000 UTC,56950,28.3945,29.2624
39261,28255,2016-02-17 07:16:40.000000 UTC,54370,28.3947,30.2606
28255,39261,2016-02-18 17:25:00.000000 UTC,55810,28.3948,28.6531
28255,39261,2016-02-19 05:35:00.000000 UTC,11170,28.3958,27.8892
29093,16111,2016-02-01 12:05:00.000000 UTC,49330,28.3959,30.6035
39261,16111,2016-02-14 12:10:00.000000 UTC,47410,28.396,29.101
28255,29093,2016-02-18 05:05:00.000000 UTC,57190,28.3964,29.2354
39261,29093,2016-02-15 22:25:00.000000 UTC,53890,28.3966,28.5204
29093,39261,2016-02-02 23:31:40.000000 UTC,16990,28.3968,29.4444
28255,29093,2016-02-18 04:40:00.000000 UTC,15550,28.3973,28.8883
39261,28255,2016-02-12 23:05:00.000000 UTC,22450,28.3974,28.76
29093,28255,2016-02-02 14:16:40.000000 UTC,15250,28.3975,28.2529
16111,28255,2016-02-06 19:40:00.000000 UTC,46330,28.398,28.4746
28255,29093,2016-02-19 03:16:40.000000 UTC,50650,28.3981,29.8579
29093,39261,2016-02-01 00:01:40.000000 UTC,16990,28.3989,29.4666
16111,29093,2016-02-10 07:05:00.000000 UTC,44770,28.399,30.8891
16111,39261,2016-02-08 09:15:00.000000 UTC,15790,28.3992,29.0391
29093,16111,2016-02-05 05:31:40.000000 UTC,24370,28.3993,29.3795
39261,16111,2016-02-12 11:00:00.000000 UTC,41950,28.3998,30.3043
28255,16111,2016-02-18 17:25:00.000000 UTC,54790,28.3999,28.6401
29093,39261,2016-02-01 05:16:40.000000 UTC,18190,28.4,29.0627
28255,39261,2016-02-22 22:15:00.000000 UTC,790,28.4002,28.4166
16111,28255,2016-02-09 16:30:00.000000 UTC,24670,28.4007,29.5174
28255,39261,2016-02-19 10:31:40.000000 UTC,17890,28.4007,28.8927
29093,28255,2016-02-01 20:35:00.000000 UTC,35950,28.4013,29.5844
28255,39261,2016-02-18 07:25:00.000000 UTC,46870,28.4013,28.9424
29093,28255,2016-02-02 23:31:40.000000 UTC,17650,28.4017,29.5875
16111,39261,2016-02-06 20:25:00.000000 UTC,44110,28.4023,28.4988
29093,39261,2016-02-01 04:15:00.000000 UTC,24010,28.4031,28.967
28255,29093,2016-02-18 04:55:00.000000 UTC,26590,28.4033,28.3
28255,29093,2016-02-20 02:25:00.000000 UTC,42490,28.4036,28.8276
39261,16111,2016-02-14 07:20:00.000000 UTC,20830,28.4038,28.4377
16111,29093,2016-02-07 04:46:40.000000 UTC,730,28.4041,23.0504
28255,39261,2016-02-20 04:01:40.000000 UTC,3190,28.4045,27.5999
29093,39261,2016-02-01 08:20:00.000000 UTC,3790,28.4049,26.808
29093,28255,2016-02-02 20:20:00.000000 UTC,3670,28.4052,28.5118
39261,29093,2016-02-16 05:00:00.000000 UTC,12790,28.4054,27.4987
16111,28255,2016-02-09 08:46:40.000000 UTC,3490,28.4056,28.4264
28255,29093,2016-02-23 16:31:40.000000 UTC,42250,28.4056,28.7115
39261,29093,2016-02-12 23:05:00.000000 UTC,14950,28.4058,28.944
29093,39261,2016-02-04 09:16:40.000000 UTC,4330,28.406,26.8836
16111,39261,2016-02-06 18:05:00.000000 UTC,16750,28.4065,29.1577
39261,16111,2016-02-17 07:16:40.000000 UTC,16330,28.4065,28.9006
28255,39261,2016-02-18 15:46:40.000000 UTC,35710,28.4067,29.6048
28255,39261,2016-02-19 02:10:00.000000 UTC,54190,28.4068,30.1002
16111,29093,2016-02-08 06:20:00.000000 UTC,20110,28.4069,28.6048
29093,39261,2016-02-01 23:55:00.000000 UTC,10810,28.4071,29.3746
28255,16111,2016-02-19 04:25:00.000000 UTC,19390,28.4072,29.518
29093,39261,2016-02-02 17:15:00.000000 UTC,39910,28.4076,30.1453
16111,28255,2016-02-11 18:55:00.000000 UTC,31030,28.4086,29.9824
28255,39261,2016-02-20 09:01:40.000000 UTC,36970,28.4087,28.7613
39261,16111,2016-02-12 20:45:00.000000 UTC,46690,28.4088,28.8793
16111,28255,2016-02-07 17:25:00.000000 UTC,45490,28.4095,28.6057
28255,29093,2016-02-18 06:01:40.000000 UTC,56650,28.4095,29.8983
28255,39261,2016-02-22 00:45:00.000000 UTC,57130,28.4096,30.0511
28255,39261,2016-02-22 14:50:00.000000 UTC,2650,28.4096,28.1838
28255,39261,2016-02-18 05:16:40.000000 UTC,22750,28.41,28.8643
29093,16111,2016-02-01 01:00:00.000000 UTC,27010,28.4114,29.6697
39261,28255,2016-02-13 22:25:00.000000 UTC,45850,28.4114,30.0464
29093,28255,2016-02-01 21:40:00.000000 UTC,53650,28.4121,29.0224
29093,28255,2016-02-01 01:31:40.000000 UTC,45850,28.4122,29.2384
28255,29093,2016-02-19 10:31:40.000000 UTC,9130,28.4124,27.6703
28255,29093,2016-02-20 17:55:00.000000 UTC,14470,28.4127,28.4577
39261,16111,2016-02-15 08:01:40.000000 UTC,50950,28.4135,28.7271
29093,28255,2016-02-01 00:25:00.000000 UTC,55810,28.4137,30.6957
28255,39261,2016-02-18 06:01:40.000000 UTC,22990,28.4138,29.2862
28255,39261,2016-02-18 06:20:00.000000 UTC,31150,28.4141,28.2277
29093,39261,2016-02-03 15:16:40.000000 UTC,47470,28.4144,28.9074
29093,28255,2016-02-04 20:15:00.000000 UTC,47170,28.4144,29.0453
28255,16111,2016-02-19 17:20:00.000000 UTC,16330,28.415,29.3926
39261,16111,2016-02-16 16:31:40.000000 UTC,25930,28.4154,29.0702
29093,28255,2016-02-01 14:40:00.000000 UTC,42910,28.416,28.6158
29093,16111,2016-02-01 01:15:00.000000 UTC,39490,28.4163,30.55
39261,28255,2016-02-13 02:35:00.000000 UTC,54310,28.4171,29.0288
39261,28255,2016-02-14 04:15:00.000000 UTC,27010,28.4171,28.3629
39261,16111,2016-02-12 16:16:40.000000 UTC,12190,28.4174,29.8255
39261,28255,2016-02-12 16:16:40.000000 UTC,1630,28.4174,28.5215
28255,39261,2016-02-18 19:10:00.000000 UTC,29830,28.4174,29.6526
16111,39261,2016-02-06 17:31:40.000000 UTC,1450,28.4178,28.567
39261,16111,2016-02-14 02:45:00.000000 UTC,25090,28.4179,28.2055
28255,16111,2016-02-18 04:40:00.000000 UTC,58510,28.4182,30.7996
28255,29093,2016-02-18 12:10:00.000000 UTC,59950,28.4183,31.2682
29093,28255,2016-02-02 21:55:00.000000 UTC,43690,28.4185,28.1771
39261,28255,2016-02-13 15:45:00.000000 UTC,11950,28.4187,28.851
28255,16111,2016-02-22 14:50:00.000000 UTC,40210,28.4187,30.0253
39261,29093,2016-02-12 15:45:00.000000 UTC,47110,28.4188,29.06
29093,39261,2016-02-05 05:31:40.000000 UTC,45250,28.4189,28.6336
28255,16111,2016-02-20 16:05:00.000000 UTC,49870,28.419,28.3134
39261,29093,2016-02-12 13:10:00.000000 UTC,47770,28.4191,28.7526
16111,39261,2016-02-06 17:40:00.000000 UTC,29350,28.4197,30.162
28255,29093,2016-02-19 20:15:00.000000 UTC,24610,28.4199,28.8796
28255,16111,2016-02-18 04:31:40.000000 UTC,15850,28.42,27.5559
16111,39261,2016-02-08 20:20:00.000000 UTC,3910,28.4204,26.4703
28255,39261,2016-02-18 15:00:00.000000 UTC,23350,28.4214,29.2484
28255,39261,2016-02-18 11:31:40.000000 UTC,22390,28.4215,26.9809
29093,39261,2016-02-02 04:45:00.000000 UTC,12130,28.4216,29.7131
29093,39261,2016-02-03 01:10:00.000000 UTC,11050,28.4217,28.9259
39261,29093,2016-02-16 16:31:40.000000 UTC,39010,28.4218,29.8067
29093,39261,2016-02-01 14:40:00.000000 UTC,57010,28.4222,30.2187
16111,39261,2016-02-09 05:05:00.000000 UTC,28390,28.4225,30.3048
16111,39261,2016-02-10 23:01:40.000000 UTC,15250,28.4229,29.1094
39261,16111,2016-02-14 19:00:00.000000 UTC,1450,28.4236,28.5187
28255,39261,2016-02-20 09:01:40.000000 UTC,12010,28.4238,25.9386
39261,28255,2016-02-12 14:46:40.000000 UTC,54970,28.4242,28.657
28255,29093,2016-02-18 09:46:40.000000 UTC,14410,28.4242,28.4727
28255,29093,2016-02-20 04:01:40.000000 UTC,40390,28.4244,30.1611
16111,28255,2016-02-08 06:20:00.000000 UTC,58090,28.4247,29.9128
16111,28255,2016-02-06 20:50:00.000000 UTC,50770,28.4251,30.92
28255,16111,2016-02-20 19:46:40.000000 UTC,34510,28.4253,29.5423
29093,39261,2016-02-03 01:10:00.000000 UTC,59230,28.4254,28.914
29093,39261,2016-02-05 20:16:40.000000 UTC,10150,28.4255,28.9039
29093,16111,2016-02-01 10:30:00.000000 UTC,9610,28.4256,28.9889
29093,39261,2016-02-04 07:10:00.000000 UTC,25270,28.4256,29.3789
16111,39261,2016-02-09 22:35:00.000000 UTC,33190,28.4257,30.1235
39261,29093,2016-02-14 13:50:00.000000 UTC,40090,28.426,30.2597
28255,39261,2016-02-23 08:31:40.000000 UTC,34750,28.4267,29.7795
39261,29093,2016-02-15 02:16:40.000000 UTC,19570,28.427,28.6879
28255,39261,2016-02-23 08:31:40.000000 UTC,54070,28.427,29.5872
28255,39261,2016-02-20 14:16:40.000000 UTC,51190,28.4272,29.6269
28255,16111,2016-02-18 15:46:40.000000 UTC,40450,28.4273,29.9436
39261,29093,2016-02-13 18:20:00.000000 UTC,27910,28.428,30.0189
29093,39261,2016-02-02 10:01:40.000000 UTC,55930,28.4286,29.9815
39261,28255,2016-02-15 18:10:00.000000 UTC,51490,28.4289,29.2637
16111,28255,2016-02-07 14:05:00.000000 UTC,48190,28.4293,29.5447
16111,28255,2016-02-06 20:25:00.000000 UTC,37990,28.4294,29.1072
16111,28255,2016-02-06 17:40:00.000000 UTC,13450,28.4301,28.8166
39261,29093,2016-02-12 13:31:40.000000 UTC,40330,28.4302,30.1498
39261,29093,2016-02-13 07:35:00.000000 UTC,49090,28.4304,28.5307
39261,28255,2016-02-13 19:40:00.000000 UTC,39490,28.4304,28.9381
29093,28255,2016-02-01 00:10:00.000000 UTC,1450,28.4305,28.9217
28255,39261,2016-02-18 05:16:40.000000 UTC,36850,28.4308,29.0357
39261,16111,2016-02-12 18:40:00.000000 UTC,56410,28.4309,30.1659
39261,16111,2016-02-13 13:16:40.000000 UTC,35290,28.4309,30.3329
29093,39261,2016-02-01 12:05:00.000000 UTC,13510,28.4311,27.8604
16111,28255,2016-02-11 21:31:40.000000 UTC,4210,28.4311,26.7843
28255,29093,2016-02-20 10:45:00.000000 UTC,21790,28.4315,29.2676
29093,28255,2016-02-02 10:01:40.000000 UTC,14530,28.4316,28.5232
16111,28255,2016-02-10 04:55:00.000000 UTC,10030,28.4319,30.398
16111,28255,2016-02-08 22:01:40.000000 UTC,13870,28.4322,28.5632
39261,28255,2016-02-12 11:00:00.000000 UTC,3850,28.4326,28.4517
28255,29093,2016-02-19 13:10:00.000000 UTC,14770,28.4327,29.1215
16111,29093,2016-02-08 06:20:00.000000 UTC,54850,28.4333,31.4285
16111,29093,2016-02-09 05:05:00.000000 UTC,9610,28.4336,29.3857
39261,29093,2016-02-12 15:45:00.000000 UTC,52810,28.4336,29.0077
29093,28255,2016-02-02 10:01:40.000000 UTC,56830,28.4338,30.3667
29093,28255,2016-02-01 10:30:00.000000 UTC,15310,28.4339,27.9911
28255,39261,2016-02-20 05:40:00.000000 UTC,25090,28.4345,29.5291
16111,28255,2016-02-07 03:15:00.000000 UTC,9430,28.4349,28.3102
29093,16111,2016-02-02 21:55:00.000000 UTC,26170,28.4352,30.321
39261,29093,2016-02-16 00:35:00.000000 UTC,48610,28.4355,30.5216
39261,29093,2016-02-14 12:10:00.000000 UTC,47590,28.4358,29.2595
28255,39261,2016-02-18 11:31:40.000000 UTC,55510,28.4359,28.7334
28255,39261,2016-02-19 20:15:00.000000 UTC,42730,28.4365,29.493
39261,29093,2016-02-12 12:50:00.000000 UTC,11590,28.4366,28.9429
28255,39261,2016-02-20 12:30:00.000000 UTC,43930,28.4368,30.2321
16111,28255,2016-02-07 08:10:00.000000 UTC,35350,28.4369,30.0306
39261,29093,2016-02-12 18:40:00.000000 UTC,21850,28.4375,29.3619
28255,16111,2016-02-18 15:46:40.000000 UTC,10450,28.4375,28.5222
28255,39261,2016-02-21 22:30:00.000000 UTC,52690,28.4377,29.4469
16111,39261,2016-02-06 17:30:00.000000 UTC,1450,28.4378,28.5225
28255,39261,2016-02-18 11:31:40.000000 UTC,10210,28.4378,27.2022
29093,39261,2016-02-05 22:50:00.000000 UTC,49630,28.4379,28.8701
39261,28255,2016-02-13 13:16:40.000000 UTC,46150,28.4379,30.0091
16111,39261,2016-02-09 05:05:00.000000 UTC,15370,28.4385,29.017
39261,16111,2016-02-15 18:10:00.000000 UTC,32350,28.4385,29.9414
29093,39261,2016-02-01 15:35:00.000000 UTC,53410,28.4387,28.8708
39261,16111,2016-02-13 14:30:00.000000 UTC,22990,28.439,28.936
28255,39261,2016-02-18 08:16:40.000000 UTC,3610,28.439,28.2441
28255,39261,2016-02-19 00:01:40.000000 UTC,35470,28.4391,28.5028
29093,39261,2016-02-02 15:45:00.000000 UTC,50770,28.4398,28.6947
16111,29093,2016-02-10 16:01:40.000000 UTC,38830,28.4398,29.7614
29093,28255,2016-02-05 03:10:00.000000 UTC,28450,28.4402,29.0992
16111,39261,2016-02-07 11:00:00.000000 UTC,58510,28.4404,31.0338
16111,39261,2016-02-08 04:55:00.000000 UTC,14470,28.4404,28.6735
39261,28255,2016-02-12 14:46:40.000000 UTC,7750,28.4408,26.605
29093,28255,2016-02-02 02:16:40.000000 UTC,45430,28.4409,28.3641
39261,28255,2016-02-17 23:01:40.000000 UTC,35110,28.441,28.462
28255,16111,2016-02-23 13:50:00.000000 UTC,34570,28.4417,28.7928
28255,16111,2016-02-18 06:01:40.000000 UTC,35890,28.4421,30.1457
16111,39261,2016-02-07 06:25:00.000000 UTC,20950,28.4426,30.0774
28255,29093,2016-02-21 15:55:00.000000 UTC,15910,28.4435,29.1037
28255,29093,2016-02-19 06:46:40.000000 UTC,33370,28.4439,29.7942
16111,29093,2016-02-07 04:46:40.000000 UTC,54250,28.4446,31.3406
39261,16111,2016-02-16 14:10:00.000000 UTC,20890,28.445,28.8701
28255,29093,2016-02-21 07:31:40.000000 UTC,11710,28.445,28.8731
16111,29093,2016-02-07 06:25:00.000000 UTC,14350,28.4451,29.7868
28255,16111,2016-02-18 05:30:00.000000 UTC,52750,28.4451,30.7115
29093,28255,2016-02-02 15:45:00.000000 UTC,51370,28.4455,28.8249
16111,28255,2016-02-08 22:01:40.000000 UTC,38290,28.4455,29.9278
28255,29093,2016-02-23 19:15:00.000000 UTC,10810,28.4456,28.035
39261,29093,2016-02-13 18:20:00.000000 UTC,21910,28.4463,29.5149
39261,29093,2016-02-12 11:10:00.000000 UTC,23470,28.4487,28.9237
29093,28255,2016-02-05 03:10:00.000000 UTC,10330,28.4493,28.9673
39261,28255,2016-02-16 11:50:00.000000 UTC,56950,28.4495,28.8388
29093,28255,2016-02-02 18:46:40.000000 UTC,42850,28.4498,28.6607
16111,39261,2016-02-07 09:05:00.000000 UTC,15190,28.4513,29.4324
29093,39261,2016-02-02 14:16:40.000000 UTC,1870,28.4515,27.2344
29093,39261,2016-02-01 05:16:40.000000 UTC,36490,28.4517,29.613
28255,39261,2016-02-21 13:46:40.000000 UTC,28510,28.4518,28.2467
28255,16111,2016-02-18 20:05:00.000000 UTC,15490,28.4526,29.3146
39261,16111,2016-02-12 20:01:40.000000 UTC,16690,28.4527,29.1637
39261,29093,2016-02-14 04:15:00.000000 UTC,42550,28.4534,30.4995
39261,28255,2016-02-12 23:05:00.000000 UTC,54550,28.4536,28.8223
28255,29093,2016-02-19 09:15:00.000000 UTC,45790,28.4536,29.3751
28255,16111,2016-02-22 12:25:00.000000 UTC,17950,28.455,28.7983
39261,29093,2016-02-16 02:46:40.000000 UTC,13750,28.4551,28.8478
28255,39261,2016-02-23 08:31:40.000000 UTC,28390,28.4552,29.473
29093,28255,2016-02-02 03:30:00.000000 UTC,43630,28.4554,30.2615
29093,39261,2016-02-01 21:40:00.000000 UTC,22570,28.4556,29.3575
16111,29093,2016-02-07 16:16:40.000000 UTC,26290,28.4556,30.5031
28255,16111,2016-02-20 02:25:00.000000 UTC,20350,28.4558,29.9592
28255,39261,2016-02-22 14:50:00.000000 UTC,39610,28.4559,29.4958
16111,28255,2016-02-08 13:50:00.000000 UTC,36370,28.4568,29.9726
39261,28255,2016-02-14 13:50:00.000000 UTC,5650,28.457,27.2959
29093,39261,2016-02-04 22:31:40.000000 UTC,10570,28.4572,28.8091
16111,28255,2016-02-07 22:15:00.000000 UTC,58150,28.4574,29.9038
39261,16111,2016-02-15 22:25:00.000000 UTC,49870,28.4575,28.3896
39261,28255,2016-02-12 16:16:40.000000 UTC,53170,28.4577,30.386
39261,29093,2016-02-14 01:16:40.000000 UTC,50350,28.4578,29.158
29093,28255,2016-02-01 18:30:00.000000 UTC,11170,28.4582,28.7498
29093,28255,2016-02-05 00:50:00.000000 UTC,57430,28.4582,28.7738
16111,39261,2016-02-11 18:55:00.000000 UTC,21670,28.4582,30.2497
39261,29093,2016-02-13 23:50:00.000000 UTC,32290,28.4582,30.1174
16111,39261,2016-02-07 21:00:00.000000 UTC,43030,28.4583,30.2528
39261,16111,2016-02-16 00:35:00.000000 UTC,58630,28.4585,30.856
28255,29093,2016-02-18 09:15:00.000000 UTC,56230,28.4588,29.3838
29093,16111,2016-02-01 02:55:00.000000 UTC,9910,28.4595,29.2823
16111,39261,2016-02-06 22:15:00.000000 UTC,36730,28.4596,30.2426
28255,29093,2016-02-18 06:40:00.000000 UTC,21010,28.4597,29.3144
29093,39261,2016-02-03 23:00:00.000000 UTC,16930,28.4607,29.3684
29093,28255,2016-02-05 07:55:00.000000 UTC,58930,28.4612,28.9901
16111,39261,2016-02-10 18:20:00.000000 UTC,20530,28.4613,29.9585
39261,28255,2016-02-14 13:50:00.000000 UTC,58750,28.4614,29.1952
29093,16111,2016-02-02 23:31:40.000000 UTC,14590,28.4615,29.7363
39261,29093,2016-02-12 12:00:00.000000 UTC,17770,28.4624,29.4936
28255,29093,2016-02-20 10:45:00.000000 UTC,16090,28.4624,29.1987
29093,28255,2016-02-01 11:16:40.000000 UTC,52270,28.4627,30.8152
28255,16111,2016-02-20 19:46:40.000000 UTC,44230,28.4628,30.1176
16111,28255,2016-02-09 01:30:00.000000 UTC,11410,28.4632,28.3633
29093,39261,2016-02-01 21:40:00.000000 UTC,34750,28.4635,29.5041
39261,28255,2016-02-12 12:50:00.000000 UTC,53470,28.4635,30.6327
39261,28255,2016-02-12 22:16:40.000000 UTC,54490,28.4636,29.0382
28255,16111,2016-02-18 08:45:00.000000 UTC,52750,28.4636,30.941
29093,28255,2016-02-06 12:01:40.000000 UTC,43690,28.4642,28.8631
28255,39261,2016-02-18 04:46:40.000000 UTC,41170,28.4655,29.6481
29093,28255,2016-02-01 17:30:00.000000 UTC,11710,28.4663,30.5767
28255,29093,2016-02-18 12:10:00.000000 UTC,13930,28.4664,28.5601
28255,39261,2016-02-18 07:25:00.000000 UTC,7450,28.4666,27.2111
39261,16111,2016-02-15 14:01:40.000000 UTC,54970,28.4667,28.9375
28255,39261,2016-02-19 03:16:40.000000 UTC,17410,28.467,28.4312
16111,28255,2016-02-08 06:20:00.000000 UTC,58690,28.4674,31.0279
28255,16111,2016-02-23 16:31:40.000000 UTC,56770,28.4675,30.3999
39261,28255,2016-02-13 00:46:40.000000 UTC,16030,28.468,27.8502
39261,28255,2016-02-15 06:05:00.000000 UTC,3310,28.468,28.6821
29093,16111,2016-02-01 18:30:00.000000 UTC,21190,28.4681,30.0375
39261,29093,2016-02-16 05:00:00.000000 UTC,30430,28.4689,29.4571
39261,16111,2016-02-16 02:46:40.000000 UTC,24070,28.4691,29.2712
16111,28255,2016-02-07 07:16:40.000000 UTC,3610,28.4693,28.5191
28255,29093,2016-02-18 16:35:00.000000 UTC,35650,28.4694,28.7247
39261,29093,2016-02-13 01:40:00.000000 UTC,37690,28.4698,30.3846
39261,16111,2016-02-15 08:01:40.000000 UTC,12010,28.4703,29.355
16111,29093,2016-02-11 03:50:00.000000 UTC,3730,28.4706,28.5094
29093,28255,2016-02-04 05:05:00.000000 UTC,44110,28.4708,28.7014
29093,39261,2016-02-01 17:30:00.000000 UTC,28090,28.4709,30.2649
39261,16111,2016-02-12 16:16:40.000000 UTC,3610,28.4709,26.8453
28255,29093,2016-02-20 10:45:00.000000 UTC,10150,28.4716,28.6063
29093,39261,2016-02-01 02:55:00.000000 UTC,11110,28.4717,28.2465
28255,16111,2016-02-21 03:30:00.000000 UTC,2530,28.472,28.2385
29093,28255,2016-02-02 15:45:00.000000 UTC,9610,28.4725,28.5196
39261,16111,2016-02-16 21:20:00.000000 UTC,41950,28.4725,30.341
16111,29093,2016-02-09 22:35:00.000000 UTC,38650,28.4726,30.2884
28255,39261,2016-02-22 00:45:00.000000 UTC,40510,28.4733,29.5386
29093,16111,2016-02-01 15:35:00.000000 UTC,9310,28.4735,28.4267
39261,29093,2016-02-12 14:46:40.000000 UTC,33970,28.4736,29.241
29093,39261,2016-02-02 15:45:00.000000 UTC,47590,28.4738,28.6424
16111,28255,2016-02-07 23:31:40.000000 UTC,14590,28.4739,28.9633
39261,29093,2016-02-13 06:31:40.000000 UTC,19030,28.474,29.286
29093,28255,2016-02-06 12:01:40.000000 UTC,11410,28.4742,29.3951
39261,28255,2016-02-12 11:16:40.000000 UTC,35110,28.4742,29.1974
28255,29093,2016-02-18 17:25:00.000000 UTC,49210,28.475,28.6034
29093,16111,2016-02-01 01:15:00.000000 UTC,21670,28.4751,30.1359
28255,16111,2016-02-20 09:01:40.000000 UTC,29830,28.4751,29.66
29093,39261,2016-02-06 17:30:00.000000 UTC,21850,28.4755,28.9639
16111,39261,2016-02-09 03:16:40.000000 UTC,20650,28.4756,28.3109
39261,28255,2016-02-14 17:15:00.000000 UTC,26770,28.4758,28.9371
39261,16111,2016-02-12 16:16:40.000000 UTC,40690,28.476,30.4104
39261,29093,2016-02-12 16:16:40.000000 UTC,34390,28.4767,30.3237
39261,28255,2016-02-12 12:15:00.000000 UTC,58810,28.4768,29.7388
28255,16111,2016-02-19 18:46:40.000000 UTC,16090,28.477,29.5558
28255,29093,2016-02-19 17:20:00.000000 UTC,25330,28.4772,29.168
29093,39261,2016-02-03 09:46:40.000000 UTC,45970,28.4773,29.0345
39261,29093,2016-02-16 21:20:00.000000 UTC,20770,28.4775,29.2911
16111,29093,2016-02-11 01:25:00.000000 UTC,56050,28.4776,30.4055
29093,28255,2016-02-03 19:05:00.000000 UTC,41530,28.4778,29.5762
29093,39261,2016-02-01 23:55:00.000000 UTC,10690,28.478,29.0709
28255,39261,2016-02-18 17:25:00.000000 UTC,7990,28.479,26.6865
39261,29093,2016-02-13 22:25:00.000000 UTC,14950,28.4795,28.8014
28255,29093,2016-02-19 11:50:00.000000 UTC,3010,28.4799,28.3793
28255,39261,2016-02-23 16:31:40.000000 UTC,15910,28.4802,27.9708
29093,39261,2016-02-04 22:31:40.000000 UTC,49570,28.4806,28.6014
16111,29093,2016-02-07 03:15:00.000000 UTC,14530,28.4807,30.2216
28255,16111,2016-02-20 04:01:40.000000 UTC,42250,28.4807,30.2168
39261,16111,2016-02-16 11:50:00.000000 UTC,21910,28.4809,29.8379
39261,16111,2016-02-13 06:31:40.000000 UTC,19750,28.4813,29.4916
28255,16111,2016-02-20 19:46:40.000000 UTC,21790,28.4813,29.67
39261,29093,2016-02-16 23:46:40.000000 UTC,20050,28.4822,28.9711
16111,28255,2016-02-07 06:25:00.000000 UTC,40210,28.4825,28.8702
16111,39261,2016-02-07 01:10:00.000000 UTC,57490,28.4828,28.8664
16111,28255,2016-02-11 21:31:40.000000 UTC,43090,28.4831,29.5108
28255,39261,2016-02-18 05:45:00.000000 UTC,59050,28.4832,29.6341
28255,39261,2016-02-19 23:16:40.000000 UTC,38230,28.4833,29.6748
39261,28255,2016-02-13 22:25:00.000000 UTC,35350,28.4836,29.0881
39261,28255,2016-02-12 18:01:40.000000 UTC,54670,28.4839,29.0443
28255,39261,2016-02-21 15:55:00.000000 UTC,7750,28.4841,27.6807
29093,39261,2016-02-02 15:45:00.000000 UTC,56890,28.4843,29.0591
28255,29093,2016-02-20 00:50:00.000000 UTC,17950,28.4846,28.6731
29093,39261,2016-02-04 15:46:40.000000 UTC,33730,28.4848,29.8981
16111,39261,2016-02-07 05:35:00.000000 UTC,56890,28.4857,30.8557
16111,39261,2016-02-12 02:50:00.000000 UTC,10870,28.4858,29.0094
39261,28255,2016-02-12 11:01:40.000000 UTC,46870,28.4861,29.2748
39261,16111,2016-02-12 12:50:00.000000 UTC,58270,28.4866,30.796
39261,29093,2016-02-16 07:15:00.000000 UTC,2530,28.487,28.6732
16111,39261,2016-02-07 00:31:40.000000 UTC,18550,28.4878,28.8103
16111,29093,2016-02-06 22:46:40.000000 UTC,2110,28.488,27.9108
29093,39261,2016-02-03 08:00:00.000000 UTC,19390,28.4887,29.3949
39261,28255,2016-02-16 14:10:00.000000 UTC,24670,28.4887,28.4951
16111,39261,2016-02-10 23:01:40.000000 UTC,51130,28.4888,28.7796
39261,29093,2016-02-12 12:00:00.000000 UTC,53770,28.4891,28.7333
39261,28255,2016-02-13 21:01:40.000000 UTC,59590,28.4891,28.9048
16111,28255,2016-02-07 06:25:00.000000 UTC,10330,28.4901,28.8567
28255,16111,2016-02-23 00:46:40.000000 UTC,21070,28.4908,29.5532
29093,28255,2016-02-02 23:31:40.000000 UTC,11530,28.491,29.5022
28255,16111,2016-02-18 04:55:00.000000 UTC,18790,28.491,28.9431
28255,16111,2016-02-18 08:16:40.000000 UTC,3970,28.4911,27.0165
28255,16111,2016-02-19 01:05:00.000000 UTC,2590,28.4916,28.2961
16111,29093,2016-02-07 07:16:40.000000 UTC,19870,28.4919,29.5702
29093,28255,2016-02-01 23:55:00.000000 UTC,3490,28.492,27.085
39261,16111,2016-02-12 13:10:00.000000 UTC,36130,28.4925,30.4379
16111,39261,2016-02-11 06:16:40.000000 UTC,3910,28.4929,28.6544
16111,29093,2016-02-08 20:20:00.000000 UTC,42970,28.4934,28.8702
29093,39261,2016-02-01 09:01:40.000000 UTC,56110,28.4938,30.8899
28255,39261,2016-02-19 01:05:00.000000 UTC,23770,28.4938,29.2534
28255,39261,2016-02-21 13:46:40.000000 UTC,2110,28.4946,28.8639
29093,16111,2016-02-01 08:20:00.000000 UTC,21430,28.4948,30.2491
16111,39261,2016-02-08 10:45:00.000000 UTC,16330,28.4954,29.337
28255,16111,2016-02-21 07:31:40.000000 UTC,12910,28.4956,27.8737
28255,39261,2016-02-18 12:50:00.000000 UTC,11470,28.496,30.136
16111,29093,2016-02-10 00:40:00.000000 UTC,9790,28.4964,28.579
16111,29093,2016-02-07 01:50:00.000000 UTC,13990,28.4973,29.2462
39261,29093,2016-02-13 06:31:40.000000 UTC,32590,28.4976,27.82
28255,16111,2016-02-18 18:16:40.000000 UTC,15550,28.4977,28.4557
29093,28255,2016-02-01 07:40:00.000000 UTC,40930,28.4983,29.5847
28255,29093,2016-02-18 15:00:00.000000 UTC,49570,28.4983,29.1017
39261,29093,2016-02-17 12:25:00.000000 UTC,8350,28.4987,27.2464
16111,39261,2016-02-08 03:31:40.000000 UTC,46810,28.4988,28.7896
39261,29093,2016-02-12 14:46:40.000000 UTC,56170,28.4991,29.0173
28255,29093,2016-02-21 11:40:00.000000 UTC,10810,28.4991,28.6694
28255,39261,2016-02-23 11:10:00.000000 UTC,46630,28.4997,29.9262
29093,28255,2016-02-01 00:25:00.000000 UTC,26110,28.4999,30.0492
29093,16111,2016-02-04 18:00:00.000000 UTC,43330,28.4999,29.8154
39261,28255,2016-02-14 02:45:00.000000 UTC,53110,28.4999,29.3992
39261,28255,2016-02-16 05:00:00.000000 UTC,24850,28.5003,28.0655
39261,29093,2016-02-14 02:45:00.000000 UTC,42130,28.5006,29.1048
29093,28255,2016-02-02 08:40:00.000000 UTC,56350,28.5016,29.9459
29093,28255,2016-02-01 00:25:00.000000 UTC,44170,28.5022,30.7484
28255,39261,2016-02-21 22:30:00.000000 UTC,26770,28.5022,29.1463
39261,28255,2016-02-12 16:16:40.000000 UTC,40990,28.5023,29.6187
29093,28255,2016-02-01 14:40:00.000000 UTC,34510,28.5024,29.2099
29093,28255,2016-02-02 23:31:40.000000 UTC,17470,28.5024,28.8749
28255,39261,2016-02-21 18:05:00.000000 UTC,20950,28.5025,29.7118
28255,29093,2016-02-18 15:00:00.000000 UTC,37510,28.5026,30.2191
29093,28255,2016-02-01 04:45:00.000000 UTC,8950,28.5029,29.8523
29093,39261,2016-02-01 20:35:00.000000 UTC,40630,28.5031,30.1135
28255,29093,2016-02-18 22:00:00.000000 UTC,18550,28.5032,30.8297
28255,29093,2016-02-19 06:46:40.000000 UTC,16030,28.5034,29.1318
29093,16111,2016-02-01 11:16:40.000000 UTC,32770,28.5035,30.4865
39261,29093,2016-02-13 09:46:40.000000 UTC,57970,28.5037,30.5745
39261,16111,2016-02-13 09:46:40.000000 UTC,30250,28.5038,29.9678
29093,39261,2016-02-01 09:45:00.000000 UTC,31750,28.5041,29.7111
16111,39261,2016-02-06 21:45:00.000000 UTC,11650,28.5041,29.1858
16111,39261,2016-02-06 19:01:40.000000 UTC,29050,28.5042,28.7371
28255,39261,2016-02-21 01:31:40.000000 UTC,27970,28.5048,28.3745
16111,28255,2016-02-06 17:55:00.000000 UTC,49390,28.505,29.6637
16111,39261,2016-02-09 03:16:40.000000 UTC,21670,28.5063,30.2062
29093,39261,2016-02-06 09:20:00.000000 UTC,13990,28.5064,29.3694
28255,39261,2016-02-18 19:10:00.000000 UTC,47590,28.5067,29.4363
39261,29093,2016-02-13 07:35:00.000000 UTC,48970,28.5073,28.8599
16111,28255,2016-02-08 18:40:00.000000 UTC,10510,28.5079,25.3087
39261,28255,2016-02-12 15:45:00.000000 UTC,28330,28.5079,27.712
29093,28255,2016-02-01 09:45:00.000000 UTC,46030,28.508,30.6987
16111,39261,2016-02-06 17:55:00.000000 UTC,10390,28.5082,28.6544
39261,29093,2016-02-12 12:00:00.000000 UTC,17710,28.5084,29.3621
29093,39261,2016-02-05 20:16:40.000000 UTC,10030,28.5086,28.5739
39261,28255,2016-02-12 11:46:40.000000 UTC,3910,28.5088,28.5259
16111,29093,2016-02-07 15:10:00.000000 UTC,44770,28.509,29.089
39261,29093,2016-02-13 10:55:00.000000 UTC,29890,28.509,30.4112
28255,39261,2016-02-18 04:46:40.000000 UTC,59470,28.5094,30.468
29093,28255,2016-02-03 23:00:00.000000 UTC,28570,28.51,29.3467
29093,28255,2016-02-01 07:01:40.000000 UTC,58990,28.5101,29.4575
28255,39261,2016-02-18 11:31:40.000000 UTC,59350,28.5106,29.7416
28255,39261,2016-02-20 19:46:40.000000 UTC,49870,28.5106,29.8656
28255,39261,2016-02-22 17:16:40.000000 UTC,39850,28.5106,29.7469
28255,16111,2016-02-18 04:46:40.000000 UTC,30310,28.511,29.5952
28255,16111,2016-02-18 15:46:40.000000 UTC,10390,28.5114,28.3338
16111,29093,2016-02-08 22:01:40.000000 UTC,49390,28.5117,30.8777
28255,39261,2016-02-18 11:31:40.000000 UTC,16390,28.5117,27.1302
28255,39261,2016-02-18 13:31:40.000000 UTC,35830,28.5118,29.8232
29093,39261,2016-02-04 11:25:00.000000 UTC,56830,28.5124,30.807
28255,16111,2016-02-18 05:45:00.000000 UTC,1870,28.5127,29.0244
29093,39261,2016-02-02 10:01:40.000000 UTC,55870,28.513,29.8586
29093,39261,2016-02-03 04:31:40.000000 UTC,20650,28.513,28.3879
28255,29093,2016-02-18 12:10:00.000000 UTC,59890,28.513,31.2038
39261,16111,2016-02-15 18:10:00.000000 UTC,26290,28.5134,29.1515
28255,16111,2016-02-20 09:01:40.000000 UTC,12850,28.5134,29.979
39261,28255,2016-02-14 19:00:00.000000 UTC,1990,28.5137,26.6217
16111,29093,2016-02-08 23:45:00.000000 UTC,3010,28.5141,28.4692
28255,39261,2016-02-18 07:01:40.000000 UTC,41230,28.5141,29.5925
29093,28255,2016-02-01 23:55:00.000000 UTC,55030,28.5153,31.0233
29093,16111,2016-02-04 07:10:00.000000 UTC,42190,28.5154,30.7203
28255,16111,2016-02-23 03:20:00.000000 UTC,31150,28.5154,28.1508
29093,28255,2016-02-01 01:31:40.000000 UTC,57910,28.5156,29.1807
29093,39261,2016-02-03 02:50:00.000000 UTC,56230,28.516,29.3834
16111,28255,2016-02-12 05:31:40.000000 UTC,2650,28.516,28.355
29093,28255,2016-02-01 00:35:00.000000 UTC,13210,28.5161,27.9087
39261,29093,2016-02-13 15:45:00.000000 UTC,47050,28.5169,28.7892
39261,29093,2016-02-12 12:31:40.000000 UTC,46150,28.517,30.3521
16111,28255,2016-02-07 13:01:40.000000 UTC,42310,28.5173,30.0617
29093,16111,2016-02-03 19:05:00.000000 UTC,19690,28.5176,29.4717
28255,39261,2016-02-21 13:46:40.000000 UTC,8230,28.5178,29.0498
39261,16111,2016-02-15 14:01:40.000000 UTC,34570,28.5179,29.7428
29093,39261,2016-02-01 09:45:00.000000 UTC,13450,28.5185,29.3516
39261,16111,2016-02-12 21:30:00.000000 UTC,10210,28.5186,27.9099
16111,39261,2016-02-07 17:25:00.000000 UTC,42190,28.5191,30.4842
29093,28255,2016-02-02 08:40:00.000000 UTC,46630,28.5196,28.7835
39261,28255,2016-02-15 18:10:00.000000 UTC,57790,28.5196,28.6108
28255,16111,2016-02-18 21:01:40.000000 UTC,32350,28.5201,29.756
29093,28255,2016-02-02 18:46:40.000000 UTC,10390,28.5202,29.0178
16111,28255,2016-02-07 01:50:00.000000 UTC,50890,28.5202,28.7636
28255,16111,2016-02-19 06:46:40.000000 UTC,12430,28.5202,27.0475
39261,28255,2016-02-12 13:10:00.000000 UTC,29290,28.5204,29.5354
28255,39261,2016-02-20 21:40:00.000000 UTC,21730,28.5204,28.4556
28255,29093,2016-02-18 07:25:00.000000 UTC,14950,28.5205,28.8367
39261,29093,2016-02-14 12:10:00.000000 UTC,36010,28.5209,29.6037
39261,29093,2016-02-13 17:01:40.000000 UTC,35170,28.5212,29.3925
39261,28255,2016-02-14 02:45:00.000000 UTC,27310,28.5213,28.9359
16111,39261,2016-02-09 16:30:00.000000 UTC,55270,28.5216,30.4369
16111,29093,2016-02-09 18:30:00.000000 UTC,9490,28.5217,28.0777
16111,29093,2016-02-10 00:40:00.000000 UTC,51850,28.5218,29.3447
16111,39261,2016-02-06 23:20:00.000000 UTC,12190,28.5224,29.4585
28255,39261,2016-02-21 13:46:40.000000 UTC,32710,28.5224,29.5521
29093,28255,2016-02-05 20:16:40.000000 UTC,44470,28.5226,30.4265
39261,16111,2016-02-12 23:05:00.000000 UTC,21670,28.5227,29.4297
16111,29093,2016-02-07 19:46:40.000000 UTC,42130,28.5231,28.2274
16111,28255,2016-02-10 02:46:40.000000 UTC,33130,28.5236,29.6829
28255,39261,2016-02-18 20:05:00.000000 UTC,23470,28.5239,29.0765
39261,29093,2016-02-12 11:10:00.000000 UTC,23590,28.5243,29.2644
29093,28255,2016-02-02 06:01:40.000000 UTC,26590,28.5245,30.2525
39261,16111,2016-02-12 11:05:00.000000 UTC,25030,28.5246,29.7209
28255,29093,2016-02-18 08:16:40.000000 UTC,55750,28.5251,30.7335
29093,39261,2016-02-02 17:15:00.000000 UTC,21490,28.5254,29.4187
28255,39261,2016-02-20 04:01:40.000000 UTC,18730,28.5256,28.8244
28255,29093,2016-02-18 05:16:40.000000 UTC,46030,28.5257,28.5588
28255,39261,2016-02-22 00:45:00.000000 UTC,14470,28.5258,28.5086
16111,39261,2016-02-06 21:16:40.000000 UTC,50230,28.5261,29.0201
29093,28255,2016-02-02 14:16:40.000000 UTC,970,28.5264,28.6311
16111,39261,2016-02-06 18:45:00.000000 UTC,10630,28.5264,28.6177
28255,29093,2016-02-21 11:40:00.000000 UTC,58570,28.5267,28.683
16111,29093,2016-02-06 17:46:40.000000 UTC,25510,28.5271,30.1133
16111,28255,2016-02-09 03:16:40.000000 UTC,6310,28.5272,26.8094
29093,28255,2016-02-05 22:50:00.000000 UTC,52870,28.5274,28.9266
29093,28255,2016-02-03 08:00:00.000000 UTC,54910,28.5276,29.0399
28255,16111,2016-02-18 09:15:00.000000 UTC,25450,28.5279,29.1258
39261,28255,2016-02-12 11:46:40.000000 UTC,31270,28.528,28.0897
39261,28255,2016-02-18 01:45:00.000000 UTC,4090,28.5281,28.5661
16111,28255,2016-02-06 21:16:40.000000 UTC,1870,28.5284,27.4086
28255,29093,2016-02-18 09:46:40.000000 UTC,20410,28.5291,29.3026
29093,39261,2016-02-01 11:16:40.000000 UTC,20110,28.5292,29.7628
28255,16111,2016-02-19 17:20:00.000000 UTC,21970,28.5292,29.4006
28255,29093,2016-02-18 13:31:40.000000 UTC,25570,28.53,29.8577
29093,28255,2016-02-01 18:30:00.000000 UTC,11110,28.5302,28.5847
39261,29093,2016-02-12 12:50:00.000000 UTC,17590,28.5302,29.5948
29093,28255,2016-02-01 04:15:00.000000 UTC,38470,28.5305,29.5698
28255,16111,2016-02-18 17:25:00.000000 UTC,46270,28.5307,28.7333
39261,16111,2016-02-15 14:01:40.000000 UTC,38470,28.5313,29.2239
39261,29093,2016-02-16 21:20:00.000000 UTC,26530,28.5314,29.5034
16111,28255,2016-02-07 02:31:40.000000 UTC,33850,28.5319,29.6947
16111,29093,2016-02-07 12:00:00.000000 UTC,8170,28.5325,28.1074
29093,28255,2016-02-02 12:50:00.000000 UTC,17350,28.5326,29.3932
16111,39261,2016-02-07 21:00:00.000000 UTC,24070,28.5328,27.9956
29093,39261,2016-02-04 11:25:00.000000 UTC,46630,28.5335,28.7804
16111,28255,2016-02-09 16:30:00.000000 UTC,42850,28.5337,30.3873
28255,39261,2016-02-22 07:40:00.000000 UTC,2470,28.5345,28.2085
28255,16111,2016-02-18 18:16:40.000000 UTC,28750,28.5349,29.6902
28255,39261,2016-02-18 06:20:00.000000 UTC,7450,28.5351,26.9688
29093,39261,2016-02-01 05:16:40.000000 UTC,18130,28.5352,28.9152
16111,29093,2016-02-09 05:05:00.000000 UTC,9550,28.5352,29.2253
39261,29093,2016-02-12 11:01:40.000000 UTC,35050,28.5358,29.6355
28255,16111,2016-02-19 06:46:40.000000 UTC,30070,28.5365,29.55
29093,16111,2016-02-02 02:16:40.000000 UTC,26890,28.5366,30.4148
16111,39261,2016-02-06 18:05:00.000000 UTC,42910,28.5369,29.6464
28255,16111,2016-02-19 20:15:00.000000 UTC,32710,28.5372,29.7107
39261,29093,2016-02-13 03:31:40.000000 UTC,48970,28.5374,30.8629
29093,39261,2016-02-02 20:20:00.000000 UTC,9670,28.5377,28.3804
29093,28255,2016-02-02 04:45:00.000000 UTC,45910,28.5384,28.5971
16111,29093,2016-02-06 19:01:40.000000 UTC,13810,28.5391,29.3062
29093,39261,2016-02-01 02:10:00.000000 UTC,17230,28.5392,28.7272
39261,29093,2016-02-15 08:01:40.000000 UTC,37030,28.5397,29.4427
28255,39261,2016-02-22 14:50:00.000000 UTC,27370,28.5397,29.0096
29093,28255,2016-02-01 02:55:00.000000 UTC,46210,28.5399,29.0552
29093,28255,2016-02-01 06:25:00.000000 UTC,20950,28.54,29.2829
29093,39261,2016-02-01 14:40:00.000000 UTC,50410,28.5402,28.7615
29093,28255,2016-02-03 09:46:40.000000 UTC,19390,28.5403,28.0436
28255,16111,2016-02-23 03:20:00.000000 UTC,36910,28.5403,28.8196
28255,39261,2016-02-18 09:46:40.000000 UTC,16510,28.5411,28.0007
28255,16111,2016-02-19 11:50:00.000000 UTC,29110,28.5411,29.9863
28255,16111,2016-02-19 10:31:40.000000 UTC,12190,28.5413,29.6824
16111,28255,2016-02-10 18:20:00.000000 UTC,44830,28.5428,28.9325
29093,16111,2016-02-03 01:10:00.000000 UTC,47710,28.5435,29.1236
28255,39261,2016-02-22 12:25:00.000000 UTC,21910,28.5436,29.8407
39261,29093,2016-02-13 02:35:00.000000 UTC,19390,28.5438,27.8161
29093,16111,2016-02-01 15:35:00.000000 UTC,21070,28.544,29.7069
39261,29093,2016-02-13 10:55:00.000000 UTC,40810,28.5443,30.1942
28255,39261,2016-02-19 09:15:00.000000 UTC,24070,28.5443,29.1808
39261,28255,2016-02-14 04:15:00.000000 UTC,51490,28.5451,30.1707
29093,39261,2016-02-01 14:40:00.000000 UTC,47110,28.5454,28.8775
29093,16111,2016-02-01 01:00:00.000000 UTC,44170,28.5456,30.7566
16111,28255,2016-02-11 03:50:00.000000 UTC,40630,28.5456,29.8868
39261,29093,2016-02-15 18:10:00.000000 UTC,15730,28.5458,28.8211
29093,28255,2016-02-03 13:25:00.000000 UTC,46810,28.546,28.6651
29093,28255,2016-02-05 20:16:40.000000 UTC,26470,28.5461,29.8235
39261,16111,2016-02-12 13:55:00.000000 UTC,57670,28.5461,30.2363
28255,16111,2016-02-19 18:46:40.000000 UTC,50050,28.5462,30.6906
28255,39261,2016-02-18 20:05:00.000000 UTC,19210,28.5464,29.4067
29093,39261,2016-02-06 12:01:40.000000 UTC,14170,28.5465,28.4811
39261,29093,2016-02-14 19:00:00.000000 UTC,39670,28.5466,30.1806
39261,16111,2016-02-14 04:15:00.000000 UTC,42250,28.547,30.2882
16111,39261,2016-02-10 11:30:00.000000 UTC,50530,28.5471,29.0862
28255,39261,2016-02-18 16:35:00.000000 UTC,16810,28.5473,28.0441
16111,39261,2016-02-11 13:46:40.000000 UTC,46030,28.5483,28.722
39261,29093,2016-02-15 16:05:00.000000 UTC,18550,28.5492,28.7014
39261,28255,2016-02-13 23:50:00.000000 UTC,17950,28.5495,27.8608
29093,16111,2016-02-03 15:16:40.000000 UTC,52870,28.55,29.0237
39261,28255,2016-02-17 12:25:00.000000 UTC,41590,28.5501,28.7289
29093,39261,2016-02-01 03:46:40.000000 UTC,54910,28.5503,31.1238
29093,39261,2016-02-01 13:46:40.000000 UTC,14110,28.5503,28.3327
28255,16111,2016-02-19 04:25:00.000000 UTC,37450,28.5504,30.1331
16111,39261,2016-02-12 08:15:00.000000 UTC,45130,28.5506,29.0016
29093,39261,2016-02-01 12:05:00.000000 UTC,20170,28.5511,29.3335
39261,16111,2016-02-12 22:16:40.000000 UTC,39850,28.5511,30.3279
16111,29093,2016-02-07 19:46:40.000000 UTC,43390,28.5513,31.1468
29093,39261,2016-02-01 04:15:00.000000 UTC,42190,28.5514,29.4558
28255,39261,2016-02-18 07:25:00.000000 UTC,35530,28.5514,29.7997
39261,16111,2016-02-16 11:50:00.000000 UTC,46030,28.5517,29.1564
16111,39261,2016-02-10 18:20:00.000000 UTC,56410,28.5519,30.213
39261,16111,2016-02-13 01:40:00.000000 UTC,45250,28.5529,29.2055
28255,29093,2016-02-22 12:25:00.000000 UTC,25870,28.553,26.5511
16111,28255,2016-02-09 14:31:40.000000 UTC,50110,28.5531,29.1344
16111,29093,2016-02-06 17:40:00.000000 UTC,59590,28.5532,31.5028
28255,29093,2016-02-18 04:40:00.000000 UTC,1450,28.5532,28.6407
28255,16111,2016-02-21 22:30:00.000000 UTC,3370,28.5533,28.5152
16111,28255,2016-02-07 04:46:40.000000 UTC,58450,28.5536,30.8546
29093,39261,2016-02-06 17:30:00.000000 UTC,28330,28.5542,29.7676
29093,16111,2016-02-01 01:15:00.000000 UTC,27190,28.5543,29.9603
29093,28255,2016-02-01 00:25:00.000000 UTC,1630,28.5545,29.0829
28255,16111,2016-02-22 07:40:00.000000 UTC,19090,28.5546,28.9866
28255,16111,2016-02-18 06:40:00.000000 UTC,48670,28.5549,28.792
16111,39261,2016-02-08 22:01:40.000000 UTC,31570,28.555,29.0348
29093,16111,2016-02-01 12:55:00.000000 UTC,9790,28.5552,29.8169
39261,29093,2016-02-13 09:46:40.000000 UTC,40930,28.5554,29.852
28255,39261,2016-02-23 00:46:40.000000 UTC,3010,28.5554,28.4705
16111,29093,2016-02-09 05:05:00.000000 UTC,9490,28.5559,29.0592
28255,16111,2016-02-18 20:05:00.000000 UTC,34090,28.556,29.4314
39261,16111,2016-02-12 22:16:40.000000 UTC,27370,28.5567,29.2718
28255,29093,2016-02-19 15:55:00.000000 UTC,20110,28.5575,29.5045
39261,28255,2016-02-12 11:10:00.000000 UTC,1750,28.558,28.6466
29093,39261,2016-02-01 02:31:40.000000 UTC,49810,28.5581,29.4427
39261,29093,2016-02-17 23:01:40.000000 UTC,25930,28.5586,29.3256
16111,39261,2016-02-06 23:20:00.000000 UTC,12130,28.5593,29.3106
16111,28255,2016-02-07 23:31:40.000000 UTC,40270,28.5602,29.971
39261,28255,2016-02-15 00:25:00.000000 UTC,13690,28.5602,26.6866
29093,16111,2016-02-04 20:15:00.000000 UTC,12910,28.5605,27.9482
28255,29093,2016-02-22 10:01:40.000000 UTC,48430,28.5609,28.7459
16111,39261,2016-02-07 02:31:40.000000 UTC,13270,28.561,29.1627
28255,39261,2016-02-23 05:55:00.000000 UTC,28150,28.5614,29.2543
29093,39261,2016-02-01 04:45:00.000000 UTC,20470,28.5616,28.385
16111,28255,2016-02-07 06:25:00.000000 UTC,52210,28.5619,29.3792
39261,28255,2016-02-12 11:05:00.000000 UTC,1750,28.562,28.6671
39261,16111,2016-02-16 02:46:40.000000 UTC,4150,28.5622,27.325
16111,28255,2016-02-07 07:16:40.000000 UTC,10390,28.5623,28.4066
16111,39261,2016-02-09 08:46:40.000000 UTC,47470,28.5623,30.8444
29093,28255,2016-02-01 10:30:00.000000 UTC,15730,28.5626,29.094
28255,29093,2016-02-19 03:16:40.000000 UTC,16750,28.5626,29.2977
28255,16111,2016-02-22 00:45:00.000000 UTC,21370,28.5626,30.1744
29093,28255,2016-02-05 03:10:00.000000 UTC,34750,28.5635,29.8199
39261,28255,2016-02-12 13:55:00.000000 UTC,52750,28.5639,29.5528
16111,28255,2016-02-08 00:50:00.000000 UTC,27070,28.564,29.4266
39261,16111,2016-02-12 12:31:40.000000 UTC,42370,28.564,30.4793
28255,16111,2016-02-22 14:50:00.000000 UTC,28930,28.5641,29.695
29093,39261,2016-02-01 05:50:00.000000 UTC,18070,28.5643,28.1698
28255,16111,2016-02-18 04:46:40.000000 UTC,2110,28.5645,29.1127
16111,28255,2016-02-07 07:16:40.000000 UTC,58210,28.5646,29.0088
39261,28255,2016-02-12 11:01:40.000000 UTC,1750,28.5648,28.6776
16111,28255,2016-02-09 12:35:00.000000 UTC,17590,28.565,29.4863
16111,39261,2016-02-10 13:45:00.000000 UTC,3250,28.565,27.6406
29093,16111,2016-02-01 02:55:00.000000 UTC,9790,28.5659,28.9406
39261,28255,2016-02-12 11:00:00.000000 UTC,1750,28.566,28.6817
39261,29093,2016-02-12 12:50:00.000000 UTC,17530,28.566,29.454
28255,29093,2016-02-18 06:20:00.000000 UTC,6790,28.566,26.7462
29093,16111,2016-02-06 12:01:40.000000 UTC,12130,28.5661,28.8058
28255,39261,2016-02-21 09:35:00.000000 UTC,13930,28.5661,28.7122
28255,16111,2016-02-18 15:46:40.000000 UTC,46570,28.5664,28.9246
29093,28255,2016-02-01 02:31:40.000000 UTC,38230,28.5665,29.835
29093,39261,2016-02-01 13:46:40.000000 UTC,13870,28.5665,27.6497
29093,28255,2016-02-02 10:01:40.000000 UTC,26830,28.5665,29.3238
28255,29093,2016-02-18 14:15:00.000000 UTC,19390,28.5668,29.0798
16111,28255,2016-02-07 15:10:00.000000 UTC,56770,28.5674,29.1709
28255,16111,2016-02-23 08:31:40.000000 UTC,19090,28.5678,28.9235
29093,16111,2016-02-01 06:25:00.000000 UTC,11830,28.5679,29.8751
29093,39261,2016-02-01 20:35:00.000000 UTC,28330,28.5679,29.5078
28255,39261,2016-02-20 12:30:00.000000 UTC,12730,28.5679,27.9412
28255,29093,2016-02-22 10:01:40.000000 UTC,3730,28.5681,27.049
39261,29093,2016-02-12 12:00:00.000000 UTC,40510,28.5688,29.8485
29093,28255,2016-02-01 18:30:00.000000 UTC,43150,28.5689,29.7327
28255,16111,2016-02-23 16:31:40.000000 UTC,17470,28.5693,29.6512
28255,16111,2016-02-18 05:30:00.000000 UTC,58390,28.5699,30.9312
28255,39261,2016-02-20 19:46:40.000000 UTC,43810,28.5703,29.6447
39261,28255,2016-02-12 18:01:40.000000 UTC,1570,28.5704,28.6419
16111,29093,2016-02-07 00:31:40.000000 UTC,49690,28.5706,30.2173
29093,39261,2016-02-01 12:05:00.000000 UTC,58630,28.571,28.7855
28255,29093,2016-02-21 01:31:40.000000 UTC,4630,28.5717,26.9019
29093,16111,2016-02-03 19:05:00.000000 UTC,19630,28.5718,29.3349
39261,16111,2016-02-13 07:35:00.000000 UTC,25210,28.5718,29.6662
28255,39261,2016-02-22 19:45:00.000000 UTC,39970,28.5719,29.7378
16111,39261,2016-02-10 20:40:00.000000 UTC,14290,28.5722,28.2344
28255,16111,2016-02-18 10:55:00.000000 UTC,53050,28.5722,29.5697
16111,39261,2016-02-07 21:00:00.000000 UTC,54850,28.5724,30.1476
29093,28255,2016-02-05 10:20:00.000000 UTC,56170,28.5731,29.0707
16111,39261,2016-02-07 02:31:40.000000 UTC,43690,28.5731,30.0473
16111,29093,2016-02-07 13:01:40.000000 UTC,43150,28.5731,31.0301
29093,28255,2016-02-02 18:46:40.000000 UTC,52750,28.5733,30.5227
16111,28255,2016-02-09 16:30:00.000000 UTC,18490,28.5735,29.0874
29093,39261,2016-02-01 02:31:40.000000 UTC,23470,28.5738,28.8072
39261,29093,2016-02-13 21:01:40.000000 UTC,23230,28.5738,28.5209
28255,39261,2016-02-19 03:16:40.000000 UTC,56110,28.574,28.9716
29093,39261,2016-02-01 18:30:00.000000 UTC,34030,28.5745,29.6165
28255,39261,2016-02-23 13:50:00.000000 UTC,1150,28.5745,28.5662
28255,39261,2016-02-22 19:45:00.000000 UTC,730,28.5746,28.5273
29093,28255,2016-02-01 05:50:00.000000 UTC,11290,28.5747,28.2331
29093,39261,2016-02-02 10:01:40.000000 UTC,19450,28.5748,28.6975
39261,29093,2016-02-14 13:50:00.000000 UTC,58630,28.5748,29.0606
28255,39261,2016-02-19 05:35:00.000000 UTC,31150,28.576,29.862
29093,39261,2016-02-01 00:10:00.000000 UTC,1570,28.5761,28.7288
39261,28255,2016-02-12 11:25:00.000000 UTC,52810,28.5767,29.3364
29093,39261,2016-02-01 07:01:40.000000 UTC,25150,28.577,29.8306
29093,39261,2016-02-05 03:10:00.000000 UTC,36490,28.5772,29.788
28255,29093,2016-02-20 02:25:00.000000 UTC,17710,28.5772,28.9212
16111,39261,2016-02-11 01:25:00.000000 UTC,48550,28.5774,28.7853
16111,28255,2016-02-07 11:00:00.000000 UTC,42130,28.5775,30.4963
29093,39261,2016-02-05 22:50:00.000000 UTC,3790,28.5776,28.6181
29093,28255,2016-02-01 15:35:00.000000 UTC,48850,28.5777,29.2126
39261,29093,2016-02-14 08:55:00.000000 UTC,48070,28.5779,29.8936
39261,28255,2016-02-15 22:25:00.000000 UTC,57310,28.5783,29.3202
16111,39261,2016-02-07 17:25:00.000000 UTC,49990,28.5784,28.7966
29093,16111,2016-02-01 05:50:00.000000 UTC,54430,28.5785,29.1698
39261,29093,2016-02-14 20:46:40.000000 UTC,33130,28.5786,30.1386
28255,39261,2016-02-21 01:31:40.000000 UTC,26110,28.5789,29.5107
29093,28255,2016-02-01 04:15:00.000000 UTC,34390,28.5791,29.1686
29093,28255,2016-02-01 00:10:00.000000 UTC,43930,28.5793,30.4123
39261,28255,2016-02-15 14:01:40.000000 UTC,39370,28.5805,29.609
39261,16111,2016-02-15 08:01:40.000000 UTC,29230,28.5806,29.7984
39261,28255,2016-02-15 20:16:40.000000 UTC,37570,28.5807,29.1553
39261,28255,2016-02-13 21:01:40.000000 UTC,59470,28.5808,29.1833
39261,28255,2016-02-17 12:25:00.000000 UTC,36070,28.581,29.421
29093,39261,2016-02-05 12:46:40.000000 UTC,26710,28.582,29.272
39261,16111,2016-02-13 15:45:00.000000 UTC,11230,28.582,28.7513
28255,39261,2016-02-20 17:55:00.000000 UTC,49510,28.5823,29.3354
28255,39261,2016-02-20 05:40:00.000000 UTC,9130,28.5827,28.0741
29093,28255,2016-02-05 00:50:00.000000 UTC,48250,28.5829,28.7562
29093,28255,2016-02-05 05:31:40.000000 UTC,10510,28.5829,27.941
16111,29093,2016-02-06 22:15:00.000000 UTC,54070,28.583,31.3823
28255,16111,2016-02-20 09:01:40.000000 UTC,35590,28.583,30.0289
16111,39261,2016-02-07 11:00:00.000000 UTC,48070,28.5831,28.9654
16111,29093,2016-02-08 06:20:00.000000 UTC,14830,28.5838,29.6243
29093,28255,2016-02-01 00:01:40.000000 UTC,19750,28.5842,29.4346
28255,39261,2016-02-19 06:46:40.000000 UTC,29650,28.5845,28.1966
29093,39261,2016-02-03 08:00:00.000000 UTC,39370,28.5847,29.1193
29093,16111,2016-02-02 15:45:00.000000 UTC,39430,28.585,28.67
39261,28255,2016-02-12 21:30:00.000000 UTC,48070,28.5856,29.8088
29093,28255,2016-02-01 00:35:00.000000 UTC,45850,28.5864,28.8412
28255,29093,2016-02-20 16:05:00.000000 UTC,20590,28.5866,28.7865
39261,29093,2016-02-16 14:10:00.000000 UTC,28390,28.5867,29.8972
16111,29093,2016-02-06 17:30:00.000000 UTC,13750,28.5868,29.2494
28255,39261,2016-02-22 07:40:00.000000 UTC,27190,28.5868,29.2216
29093,39261,2016-02-01 05:50:00.000000 UTC,54850,28.5872,30.1562
29093,16111,2016-02-01 10:30:00.000000 UTC,21190,28.5875,29.6856
16111,39261,2016-02-09 20:31:40.000000 UTC,13450,28.5877,28.1953
16111,28255,2016-02-08 04:55:00.000000 UTC,28270,28.5878,29.829
16111,39261,2016-02-09 16:30:00.000000 UTC,42970,28.588,29.6646
29093,16111,2016-02-02 14:16:40.000000 UTC,20050,28.5883,28.6994
28255,16111,2016-02-19 08:00:00.000000 UTC,58030,28.5888,30.8839
16111,28255,2016-02-07 21:00:00.000000 UTC,14110,28.5891,29.168
29093,28255,2016-02-01 00:10:00.000000 UTC,19270,28.5894,28.349
28255,29093,2016-02-18 18:16:40.000000 UTC,48970,28.5896,28.9395
16111,29093,2016-02-06 23:20:00.000000 UTC,490,28.5908,28.5434
16111,39261,2016-02-06 20:25:00.000000 UTC,10990,28.591,28.3475
39261,16111,2016-02-12 12:00:00.000000 UTC,52810,28.591,30.5537
16111,29093,2016-02-09 08:46:40.000000 UTC,12010,28.5911,29.162
39261,28255,2016-02-15 22:25:00.000000 UTC,37210,28.5917,28.6452
29093,16111,2016-02-01 01:00:00.000000 UTC,55270,28.5923,30.9212
28255,16111,2016-02-21 01:31:40.000000 UTC,14410,28.5923,28.4454
39261,29093,2016-02-12 14:46:40.000000 UTC,16930,28.5931,29.0949
29093,28255,2016-02-01 12:05:00.000000 UTC,28150,28.5937,29.3525
28255,39261,2016-02-22 22:15:00.000000 UTC,29470,28.5943,29.2491
28255,16111,2016-02-22 05:20:00.000000 UTC,19450,28.5946,28.6131
16111,39261,2016-02-08 22:01:40.000000 UTC,19510,28.5949,29.0395
28255,29093,2016-02-23 13:50:00.000000 UTC,40930,28.595,29.9572
29093,16111,2016-02-01 09:45:00.000000 UTC,32830,28.5952,30.5232
16111,28255,2016-02-08 03:31:40.000000 UTC,47470,28.5958,29.6902
16111,39261,2016-02-06 18:05:00.000000 UTC,29530,28.5959,30.2259
29093,39261,2016-02-06 14:45:00.000000 UTC,27730,28.5961,30.0404
28255,29093,2016-02-22 03:01:40.000000 UTC,7810,28.5961,28.2589
29093,39261,2016-02-01 04:45:00.000000 UTC,2650,28.5962,27.6176
39261,29093,2016-02-12 12:31:40.000000 UTC,17530,28.5962,29.2354
28255,39261,2016-02-21 07:31:40.000000 UTC,38530,28.5967,29.7934
28255,16111,2016-02-21 03:30:00.000000 UTC,19990,28.5968,29.4235
16111,39261,2016-02-07 17:25:00.000000 UTC,59230,28.5982,28.8135
16111,29093,2016-02-06 18:05:00.000000 UTC,13690,28.5985,28.9765
39261,29093,2016-02-12 11:10:00.000000 UTC,17830,28.5986,28.9449
16111,29093,2016-02-08 09:15:00.000000 UTC,26350,28.5988,29.8977
16111,39261,2016-02-07 02:31:40.000000 UTC,19630,28.5991,29.7288
29093,28255,2016-02-03 15:16:40.000000 UTC,53110,28.5992,28.942
29093,39261,2016-02-01 14:40:00.000000 UTC,26530,28.5996,28.8827
39261,29093,2016-02-13 13:16:40.000000 UTC,34570,28.6001,29.7932
39261,16111,2016-02-12 11:25:00.000000 UTC,35650,28.6006,28.8275
28255,29093,2016-02-19 17:20:00.000000 UTC,19510,28.6007,28.7381
28255,29093,2016-02-20 21:40:00.000000 UTC,13630,28.6007,28.1289
16111,28255,2016-02-11 13:46:40.000000 UTC,47170,28.6012,29.5452
29093,39261,2016-02-01 05:16:40.000000 UTC,24310,28.6014,29.2342
28255,39261,2016-02-23 19:15:00.000000 UTC,3490,28.6014,28.5607
29093,16111,2016-02-02 02:16:40.000000 UTC,20950,28.602,29.952
28255,29093,2016-02-18 22:00:00.000000 UTC,17830,28.6023,29.1774
39261,28255,2016-02-15 08:01:40.000000 UTC,28210,28.6024,28.5803
29093,16111,2016-02-02 07:20:00.000000 UTC,27910,28.6026,29.8448
28255,29093,2016-02-18 07:50:00.000000 UTC,32710,28.6026,30.1256
16111,29093,2016-02-08 03:31:40.000000 UTC,39430,28.6028,29.0363
16111,29093,2016-02-11 08:45:00.000000 UTC,22390,28.6028,29.6797
39261,28255,2016-02-15 00:25:00.000000 UTC,5290,28.6031,26.9264
16111,39261,2016-02-07 06:25:00.000000 UTC,20410,28.6032,29.2881
29093,16111,2016-02-04 03:01:40.000000 UTC,44050,28.6033,28.9268
39261,16111,2016-02-12 18:40:00.000000 UTC,16990,28.6037,29.1046
28255,29093,2016-02-23 08:31:40.000000 UTC,37510,28.6039,29.9656
16111,28255,2016-02-07 02:31:40.000000 UTC,970,28.6041,28.6536
16111,39261,2016-02-07 03:15:00.000000 UTC,39070,28.6044,30.1425
16111,39261,2016-02-09 03:16:40.000000 UTC,27130,28.6044,29.359
28255,16111,2016-02-18 04:40:00.000000 UTC,4750,28.6044,27.2073
39261,29093,2016-02-12 20:45:00.000000 UTC,38050,28.6047,29.0111
16111,28255,2016-02-09 12:35:00.000000 UTC,47830,28.6049,30.4937
39261,29093,2016-02-13 07:35:00.000000 UTC,18970,28.6062,30.1491
29093,39261,2016-02-02 02:16:40.000000 UTC,50170,28.6066,28.6572
16111,39261,2016-02-11 11:15:00.000000 UTC,18730,28.6067,28.9966
29093,39261,2016-02-01 12:05:00.000000 UTC,38110,28.6073,29.219
28255,16111,2016-02-20 21:40:00.000000 UTC,56830,28.6075,29.2873
16111,29093,2016-02-10 18:20:00.000000 UTC,38890,28.6076,29.656
39261,29093,2016-02-12 11:35:00.000000 UTC,14530,28.6077,27.8466
29093,16111,2016-02-05 03:10:00.000000 UTC,35770,28.6078,30.0612
39261,28255,2016-02-14 19:00:00.000000 UTC,58270,28.6078,29.7399
29093,28255,2016-02-01 11:16:40.000000 UTC,27970,28.6079,29.4564
28255,39261,2016-02-23 08:31:40.000000 UTC,6610,28.6079,27.4268
39261,28255,2016-02-12 11:46:40.000000 UTC,48370,28.608,30.0251
29093,28255,2016-02-05 03:10:00.000000 UTC,46450,28.6083,29.7921
29093,39261,2016-02-01 09:01:40.000000 UTC,31750,28.6084,29.7375
39261,28255,2016-02-12 12:00:00.000000 UTC,47110,28.6085,29.8411
28255,16111,2016-02-18 21:01:40.000000 UTC,27130,28.6087,30.2364
16111,29093,2016-02-07 04:46:40.000000 UTC,31990,28.6091,30.5289
16111,39261,2016-02-08 12:16:40.000000 UTC,29290,28.6096,30.0433
16111,39261,2016-02-09 08:46:40.000000 UTC,47230,28.6096,30.5217
28255,39261,2016-02-18 05:45:00.000000 UTC,41530,28.6097,30.1064
29093,39261,2016-02-06 04:01:40.000000 UTC,12370,28.6103,29.7386
39261,28255,2016-02-16 05:00:00.000000 UTC,13090,28.6103,28.5045
39261,28255,2016-02-13 10:55:00.000000 UTC,41470,28.6106,29.712
16111,29093,2016-02-08 20:20:00.000000 UTC,9430,28.611,29.5336
28255,39261,2016-02-21 18:05:00.000000 UTC,26470,28.6111,28.9592
28255,16111,2016-02-21 13:46:40.000000 UTC,34450,28.6112,29.4964
29093,16111,2016-02-03 11:35:00.000000 UTC,37090,28.6113,30.5743
16111,39261,2016-02-07 08:10:00.000000 UTC,53290,28.6113,29.1581
16111,39261,2016-02-10 20:40:00.000000 UTC,20170,28.6113,27.7668
28255,29093,2016-02-19 02:10:00.000000 UTC,45490,28.6113,30.0824
16111,29093,2016-02-08 10:45:00.000000 UTC,26530,28.6115,30.1462
16111,28255,2016-02-10 02:46:40.000000 UTC,47170,28.6115,28.7755
39261,28255,2016-02-17 09:50:00.000000 UTC,37630,28.6115,29.4188
29093,16111,2016-02-04 11:25:00.000000 UTC,53230,28.6117,31.1481
28255,29093,2016-02-18 08:45:00.000000 UTC,6610,28.6118,25.0158
28255,16111,2016-02-21 01:31:40.000000 UTC,20950,28.6119,30.1564
28255,39261,2016-02-23 16:31:40.000000 UTC,52570,28.6119,29.5033
28255,39261,2016-02-22 14:50:00.000000 UTC,28030,28.6126,29.7775
28255,16111,2016-02-19 23:16:40.000000 UTC,54190,28.6129,29.922
29093,28255,2016-02-04 01:00:00.000000 UTC,16750,28.6135,28.6737
39261,28255,2016-02-13 01:40:00.000000 UTC,58210,28.6135,29.6565
16111,28255,2016-02-07 04:00:00.000000 UTC,16090,28.6136,29.4476
39261,29093,2016-02-14 12:10:00.000000 UTC,58990,28.6139,29.1673
29093,39261,2016-02-01 19:31:40.000000 UTC,9130,28.6142,27.5744
16111,29093,2016-02-10 23:01:40.000000 UTC,10750,28.6142,29.6837
28255,29093,2016-02-20 04:01:40.000000 UTC,23410,28.6142,29.9304
28255,16111,2016-02-22 14:50:00.000000 UTC,23350,28.6143,29.7875
16111,39261,2016-02-06 19:40:00.000000 UTC,10810,28.615,28.5193
28255,16111,2016-02-18 09:46:40.000000 UTC,28690,28.6152,28.4043
29093,28255,2016-02-03 19:05:00.000000 UTC,21670,28.6153,28.9543
16111,29093,2016-02-10 07:05:00.000000 UTC,27670,28.6154,30.1762
29093,16111,2016-02-02 11:25:00.000000 UTC,20230,28.616,28.901
28255,29093,2016-02-18 07:25:00.000000 UTC,31750,28.6161,28.4787
28255,16111,2016-02-20 02:25:00.000000 UTC,36850,28.6162,29.7191
16111,28255,2016-02-08 10:45:00.000000 UTC,29650,28.6164,29.9481
29093,16111,2016-02-01 09:45:00.000000 UTC,9670,28.6166,29.2687
28255,16111,2016-02-19 04:25:00.000000 UTC,19150,28.6167,29.0072
28255,16111,2016-02-23 05:55:00.000000 UTC,21670,28.6178,29.2251
16111,39261,2016-02-06 18:05:00.000000 UTC,49330,28.6181,28.9635
28255,39261,2016-02-18 21:01:40.000000 UTC,48130,28.6188,30.231
39261,28255,2016-02-12 13:31:40.000000 UTC,7870,28.6191,26.2584
28255,16111,2016-02-20 12:30:00.000000 UTC,53410,28.6192,28.8747
16111,28255,2016-02-06 21:16:40.000000 UTC,5290,28.6193,27.3134
28255,16111,2016-02-19 13:10:00.000000 UTC,51010,28.6196,30.1801
29093,28255,2016-02-01 00:10:00.000000 UTC,37870,28.6202,30.0423
16111,39261,2016-02-08 09:15:00.000000 UTC,48610,28.6203,28.4006
28255,29093,2016-02-22 00:45:00.000000 UTC,610,28.6205,28.6649
28255,39261,2016-02-20 05:40:00.000000 UTC,55150,28.621,29.7352
28255,39261,2016-02-21 11:40:00.000000 UTC,58450,28.6211,29.1515
28255,39261,2016-02-18 20:05:00.000000 UTC,25630,28.6212,28.5143
29093,16111,2016-02-01 12:55:00.000000 UTC,9670,28.6215,29.4973
16111,28255,2016-02-07 21:00:00.000000 UTC,56050,28.6217,30.253
29093,39261,2016-02-05 17:45:00.000000 UTC,52450,28.6219,30.3749
28255,16111,2016-02-20 14:16:40.000000 UTC,17410,28.6221,29.8287
29093,16111,2016-02-01 07:40:00.000000 UTC,40210,28.6223,28.7231
28255,16111,2016-02-19 03:16:40.000000 UTC,13450,28.6225,27.9753
16111,29093,2016-02-09 05:05:00.000000 UTC,9430,28.6227,28.8872
28255,39261,2016-02-18 08:16:40.000000 UTC,36730,28.6227,29.3704
28255,39261,2016-02-20 04:01:40.000000 UTC,24970,28.6228,29.25
39261,28255,2016-02-13 15:45:00.000000 UTC,46030,28.6231,29.8899
39261,29093,2016-02-12 13:10:00.000000 UTC,35050,28.6237,30.2832
29093,39261,2016-02-02 10:01:40.000000 UTC,52030,28.624,29.0144
28255,39261,2016-02-22 00:45:00.000000 UTC,27370,28.6243,29.7873
16111,28255,2016-02-07 01:50:00.000000 UTC,57370,28.6244,30.1433
16111,28255,2016-02-10 20:40:00.000000 UTC,45370,28.6252,29.0225
29093,39261,2016-02-01 12:55:00.000000 UTC,56050,28.6254,29.0204
16111,29093,2016-02-06 18:45:00.000000 UTC,38710,28.6258,28.7193
39261,28255,2016-02-13 15:45:00.000000 UTC,27550,28.626,28.3478
39261,16111,2016-02-15 14:01:40.000000 UTC,27670,28.6262,29.8311
39261,29093,2016-02-12 13:55:00.000000 UTC,22750,28.6263,28.8569
16111,29093,2016-02-07 23:31:40.000000 UTC,14650,28.6265,29.5295
28255,39261,2016-02-18 07:50:00.000000 UTC,1510,28.627,28.7068
28255,16111,2016-02-22 10:01:40.000000 UTC,57250,28.6271,28.499
39261,28255,2016-02-14 08:55:00.000000 UTC,34870,28.6273,29.1425
16111,28255,2016-02-08 04:55:00.000000 UTC,15970,28.628,29.2354
28255,39261,2016-02-19 11:50:00.000000 UTC,36310,28.6289,29.2297
29093,28255,2016-02-02 21:55:00.000000 UTC,11050,28.6295,29.1013
39261,28255,2016-02-13 06:31:40.000000 UTC,46570,28.6299,30.2201
39261,29093,2016-02-12 13:10:00.000000 UTC,35110,28.63,30.3236
39261,29093,2016-02-12 17:25:00.000000 UTC,51550,28.6305,30.7208
39261,29093,2016-02-14 04:15:00.000000 UTC,53530,28.631,30.4296
28255,39261,2016-02-22 07:40:00.000000 UTC,27010,28.6313,28.8915
29093,16111,2016-02-01 00:10:00.000000 UTC,43630,28.6317,29.6363
28255,39261,2016-02-18 13:31:40.000000 UTC,7870,28.6322,26.575
39261,29093,2016-02-12 21:30:00.000000 UTC,32650,28.6325,29.7313
39261,28255,2016-02-12 12:31:40.000000 UTC,36610,28.6332,29.4113
28255,29093,2016-02-22 22:15:00.000000 UTC,27130,28.6337,29.813
39261,29093,2016-02-15 00:25:00.000000 UTC,11050,28.6346,28.6769
28255,16111,2016-02-19 18:46:40.000000 UTC,23050,28.6355,29.9778
29093,39261,2016-02-03 23:00:00.000000 UTC,16870,28.6359,29.234
16111,39261,2016-02-09 14:31:40.000000 UTC,56710,28.6359,29.0632
28255,29093,2016-02-21 01:31:40.000000 UTC,1930,28.6362,29.1253
28255,16111,2016-02-18 08:16:40.000000 UTC,23290,28.6363,27.9514
39261,16111,2016-02-14 19:00:00.000000 UTC,27010,28.6368,29.6332
28255,16111,2016-02-18 06:20:00.000000 UTC,18430,28.638,28.8295
28255,29093,2016-02-19 15:55:00.000000 UTC,19930,28.6383,29.1278
28255,39261,2016-02-20 17:55:00.000000 UTC,9550,28.6383,28.2582
29093,16111,2016-02-02 23:31:40.000000 UTC,39190,28.6386,28.7861
16111,29093,2016-02-07 10:01:40.000000 UTC,14230,28.6386,29.3627
29093,39261,2016-02-01 07:40:00.000000 UTC,51430,28.6387,28.7088
39261,16111,2016-02-12 13:55:00.000000 UTC,29590,28.6389,29.2564
28255,29093,2016-02-18 05:30:00.000000 UTC,38350,28.6392,30.0412
39261,29093,2016-02-12 14:46:40.000000 UTC,50830,28.6394,29.6555
16111,28255,2016-02-11 11:15:00.000000 UTC,52510,28.6395,29.7013
28255,39261,2016-02-20 10:45:00.000000 UTC,13510,28.6397,30.5148
28255,16111,2016-02-19 23:16:40.000000 UTC,20650,28.6405,29.3274
16111,28255,2016-02-10 20:40:00.000000 UTC,45310,28.6408,29.164
29093,28255,2016-02-04 18:00:00.000000 UTC,1750,28.6409,25.9546
29093,39261,2016-02-06 06:40:00.000000 UTC,57670,28.6413,29.0353
16111,28255,2016-02-08 22:01:40.000000 UTC,14230,28.6414,29.3745
39261,16111,2016-02-12 11:25:00.000000 UTC,47050,28.6414,29.6915
28255,39261,2016-02-23 05:55:00.000000 UTC,41770,28.6416,29.5049
28255,16111,2016-02-21 03:30:00.000000 UTC,2590,28.6419,28.4439
16111,28255,2016-02-10 13:45:00.000000 UTC,49810,28.642,28.7789
39261,28255,2016-02-15 10:00:00.000000 UTC,37750,28.6421,28.57
28255,16111,2016-02-18 22:00:00.000000 UTC,31990,28.6428,29.5138
29093,39261,2016-02-01 09:45:00.000000 UTC,58090,28.6429,28.6375
16111,39261,2016-02-10 18:20:00.000000 UTC,8410,28.6429,29.9403
16111,28255,2016-02-07 03:15:00.000000 UTC,39970,28.6431,29.9552
28255,29093,2016-02-22 12:25:00.000000 UTC,11650,28.6434,29.1849
29093,16111,2016-02-03 19:05:00.000000 UTC,36550,28.6437,29.8132
28255,16111,2016-02-21 15:55:00.000000 UTC,46930,28.6439,29.6195
29093,16111,2016-02-02 07:20:00.000000 UTC,15070,28.644,29.7822
29093,16111,2016-02-01 07:40:00.000000 UTC,39370,28.6443,30.5045
28255,39261,2016-02-20 09:01:40.000000 UTC,25150,28.6456,29.1325
39261,16111,2016-02-12 13:10:00.000000 UTC,48610,28.6458,29.0941
29093,16111,2016-02-01 07:01:40.000000 UTC,51250,28.6459,29.526
16111,28255,2016-02-09 05:05:00.000000 UTC,15610,28.6464,28.926
28255,16111,2016-02-18 09:15:00.000000 UTC,46450,28.6468,30.6692
28255,29093,2016-02-19 10:31:40.000000 UTC,55450,28.6471,30.9224
39261,29093,2016-02-16 05:00:00.000000 UTC,30370,28.6472,29.3408
39261,28255,2016-02-12 16:16:40.000000 UTC,35530,28.6473,29.9113
39261,16111,2016-02-13 18:20:00.000000 UTC,34090,28.6474,30.3033
16111,39261,2016-02-06 17:55:00.000000 UTC,16870,28.6475,29.5157
39261,16111,2016-02-17 20:20:00.000000 UTC,30190,28.6475,29.9415
16111,39261,2016-02-10 04:55:00.000000 UTC,34630,28.6477,29.7418
39261,16111,2016-02-13 22:25:00.000000 UTC,55210,28.6478,31.0098
29093,28255,2016-02-06 04:01:40.000000 UTC,48070,28.6483,28.712
29093,28255,2016-02-03 01:10:00.000000 UTC,50110,28.6487,28.9543
28255,39261,2016-02-18 04:30:00.000000 UTC,43690,28.649,26.8611
39261,28255,2016-02-12 12:00:00.000000 UTC,59110,28.6492,30.2724
16111,39261,2016-02-11 03:50:00.000000 UTC,9970,28.6495,27.7605
16111,29093,2016-02-07 19:46:40.000000 UTC,53530,28.6504,28.9666
39261,29093,2016-02-14 01:16:40.000000 UTC,33310,28.6504,29.1114
29093,28255,2016-02-03 23:00:00.000000 UTC,22570,28.6506,29.3649
29093,39261,2016-02-01 15:35:00.000000 UTC,32890,28.6507,28.9041
16111,29093,2016-02-07 03:15:00.000000 UTC,25570,28.6509,29.807
29093,16111,2016-02-01 03:46:40.000000 UTC,43210,28.651,28.8101
39261,29093,2016-02-12 16:16:40.000000 UTC,56710,28.651,30.9943
16111,39261,2016-02-09 08:46:40.000000 UTC,16450,28.6511,29.1054
28255,29093,2016-02-20 12:30:00.000000 UTC,28810,28.6511,29.5141
29093,16111,2016-02-01 01:50:00.000000 UTC,27130,28.6512,30.0546
29093,16111,2016-02-02 02:16:40.000000 UTC,1150,28.6519,28.7327
39261,16111,2016-02-12 16:16:40.000000 UTC,47830,28.6519,29.0102
39261,16111,2016-02-16 21:20:00.000000 UTC,24610,28.6519,28.8718
29093,16111,2016-02-05 07:55:00.000000 UTC,43450,28.6523,28.5656
28255,16111,2016-02-18 19:10:00.000000 UTC,51250,28.6525,29.4221
16111,28255,2016-02-06 23:55:00.000000 UTC,45370,28.6526,30.4878
29093,39261,2016-02-01 05:16:40.000000 UTC,23770,28.6529,27.8168
16111,28255,2016-02-08 06:20:00.000000 UTC,16270,28.653,29.2118
29093,16111,2016-02-02 18:46:40.000000 UTC,910,28.6542,28.6599
39261,29093,2016-02-13 21:01:40.000000 UTC,21790,28.6547,30.252
16111,28255,2016-02-11 06:16:40.000000 UTC,910,28.655,28.6589
39261,16111,2016-02-12 21:30:00.000000 UTC,52390,28.655,28.0734
29093,28255,2016-02-04 15:46:40.000000 UTC,52030,28.6551,29.5932
39261,16111,2016-02-15 02:16:40.000000 UTC,43330,28.6551,29.847
29093,16111,2016-02-04 01:00:00.000000 UTC,59710,28.6552,31.583
16111,39261,2016-02-08 18:40:00.000000 UTC,27550,28.6552,26.4748
16111,39261,2016-02-09 01:30:00.000000 UTC,16810,28.6554,28.5406
29093,39261,2016-02-01 00:01:40.000000 UTC,7150,28.6562,28.9424
39261,28255,2016-02-14 08:55:00.000000 UTC,40630,28.6564,29.601
39261,28255,2016-02-14 17:15:00.000000 UTC,5410,28.6564,27.5591
28255,39261,2016-02-23 13:50:00.000000 UTC,22270,28.6565,28.9839
16111,39261,2016-02-07 19:46:40.000000 UTC,50590,28.6567,29.016
39261,16111,2016-02-12 12:50:00.000000 UTC,52570,28.6568,30.466
28255,29093,2016-02-21 07:31:40.000000 UTC,36190,28.6571,29.8433
28255,16111,2016-02-22 22:15:00.000000 UTC,27790,28.6571,30.1781
28255,29093,2016-02-19 09:15:00.000000 UTC,51430,28.6578,29.4882
39261,28255,2016-02-12 12:15:00.000000 UTC,58750,28.6586,29.6117
39261,29093,2016-02-13 06:31:40.000000 UTC,18670,28.659,28.429
16111,28255,2016-02-06 22:46:40.000000 UTC,46750,28.6592,29.302
28255,29093,2016-02-19 00:01:40.000000 UTC,11470,28.6593,28.8518
28255,39261,2016-02-21 15:55:00.000000 UTC,32710,28.6598,29.4139
16111,29093,2016-02-07 01:50:00.000000 UTC,47590,28.6599,29.2101
39261,28255,2016-02-17 23:01:40.000000 UTC,4150,28.66,28.6872
28255,16111,2016-02-18 04:46:40.000000 UTC,10450,28.66,26.5825
16111,39261,2016-02-07 11:00:00.000000 UTC,15430,28.6606,28.8517
16111,28255,2016-02-12 00:10:00.000000 UTC,1930,28.6606,29.0989
39261,28255,2016-02-13 10:55:00.000000 UTC,3430,28.6613,28.6549
29093,16111,2016-02-03 08:00:00.000000 UTC,21850,28.6619,29.4688
28255,39261,2016-02-22 12:25:00.000000 UTC,27850,28.6622,29.7823
29093,39261,2016-02-01 02:10:00.000000 UTC,49930,28.6627,28.9833
29093,39261,2016-02-03 02:50:00.000000 UTC,56170,28.6636,29.517
39261,29093,2016-02-14 12:10:00.000000 UTC,14230,28.6638,27.6753
16111,28255,2016-02-11 06:16:40.000000 UTC,53170,28.664,30.1732
16111,39261,2016-02-07 04:00:00.000000 UTC,20050,28.665,29.7441
39261,29093,2016-02-12 11:10:00.000000 UTC,57790,28.6656,30.789
28255,29093,2016-02-18 16:35:00.000000 UTC,24910,28.6656,29.6877
29093,39261,2016-02-01 12:05:00.000000 UTC,33430,28.6661,29.9939
28255,39261,2016-02-18 04:46:40.000000 UTC,22630,28.6661,28.6707
39261,16111,2016-02-13 14:30:00.000000 UTC,11470,28.6666,27.9552
16111,28255,2016-02-06 20:50:00.000000 UTC,17170,28.6667,26.7185
16111,29093,2016-02-12 05:31:40.000000 UTC,57370,28.667,31.4948
29093,28255,2016-02-01 07:40:00.000000 UTC,56830,28.6679,29.4827
28255,39261,2016-02-22 12:25:00.000000 UTC,33970,28.6685,29.7905
16111,29093,2016-02-07 07:16:40.000000 UTC,38830,28.6687,29.254
16111,28255,2016-02-06 21:45:00.000000 UTC,9550,28.6691,29.4257
39261,29093,2016-02-12 11:16:40.000000 UTC,25510,28.6691,28.9507
16111,39261,2016-02-10 23:01:40.000000 UTC,27970,28.6693,30.106
28255,16111,2016-02-23 16:31:40.000000 UTC,17410,28.6693,29.5159
29093,28255,2016-02-05 22:50:00.000000 UTC,26770,28.6696,29.2485
29093,16111,2016-02-03 08:00:00.000000 UTC,47590,28.6705,29.0834
29093,39261,2016-02-04 03:01:40.000000 UTC,56530,28.6709,28.9901
39261,29093,2016-02-13 00:46:40.000000 UTC,20230,28.6711,29.0039
29093,16111,2016-02-01 07:40:00.000000 UTC,15430,28.6713,29.1771
29093,28255,2016-02-01 05:50:00.000000 UTC,58930,28.6714,28.8892
39261,16111,2016-02-12 16:16:40.000000 UTC,17770,28.6718,29.4608
29093,16111,2016-02-01 23:55:00.000000 UTC,9310,28.6722,29.2406
39261,28255,2016-02-12 12:15:00.000000 UTC,30610,28.6726,29.482
28255,16111,2016-02-23 16:31:40.000000 UTC,23110,28.6727,29.6235
29093,28255,2016-02-05 03:10:00.000000 UTC,48730,28.6728,28.89
39261,28255,2016-02-15 00:25:00.000000 UTC,38530,28.6728,29.469
28255,29093,2016-02-18 10:55:00.000000 UTC,19990,28.673,28.9643
39261,28255,2016-02-16 18:55:00.000000 UTC,21070,28.6732,27.8195
39261,28255,2016-02-14 04:15:00.000000 UTC,57130,28.6734,29.699
16111,29093,2016-02-08 02:10:00.000000 UTC,37690,28.6736,30.543
16111,39261,2016-02-06 18:05:00.000000 UTC,59950,28.6745,31.2468
28255,29093,2016-02-20 07:20:00.000000 UTC,33610,28.6746,28.9475
16111,29093,2016-02-09 12:35:00.000000 UTC,9430,28.6748,28.3606
16111,28255,2016-02-10 13:45:00.000000 UTC,58930,28.675,28.9008
39261,16111,2016-02-15 00:25:00.000000 UTC,19870,28.6753,29.4153
39261,28255,2016-02-15 02:16:40.000000 UTC,3370,28.6754,29.0354
28255,39261,2016-02-19 05:35:00.000000 UTC,2290,28.6755,27.726
39261,28255,2016-02-13 03:31:40.000000 UTC,53650,28.6756,30.179
39261,16111,2016-02-14 04:15:00.000000 UTC,59050,28.6757,30.7976
29093,28255,2016-02-04 20:15:00.000000 UTC,59170,28.676,29.1136
28255,29093,2016-02-19 18:46:40.000000 UTC,13210,28.6761,27.6416
16111,28255,2016-02-07 17:25:00.000000 UTC,51430,28.6763,28.8055
39261,16111,2016-02-14 02:45:00.000000 UTC,47530,28.6763,28.9134
28255,29093,2016-02-23 13:50:00.000000 UTC,23590,28.6766,28.7293
28255,29093,2016-02-20 14:16:40.000000 UTC,44050,28.6767,30.27
39261,28255,2016-02-15 00:25:00.000000 UTC,40150,28.6768,29.3142
39261,16111,2016-02-16 14:10:00.000000 UTC,45010,28.6771,30.002
39261,16111,2016-02-12 20:45:00.000000 UTC,40630,28.6772,29.7903
16111,28255,2016-02-06 18:45:00.000000 UTC,13990,28.6773,29.4398
16111,39261,2016-02-09 05:05:00.000000 UTC,33490,28.6773,28.989
16111,39261,2016-02-08 12:16:40.000000 UTC,54730,28.678,30.2502
29093,28255,2016-02-05 20:16:40.000000 UTC,38470,28.6789,30.1565
39261,28255,2016-02-14 17:15:00.000000 UTC,28570,28.6789,29.1143
29093,39261,2016-02-04 18:00:00.000000 UTC,6430,28.679,27.7928
28255,39261,2016-02-20 07:20:00.000000 UTC,18310,28.6791,27.2265
28255,16111,2016-02-21 15:55:00.000000 UTC,17110,28.6794,29.497
28255,29093,2016-02-19 08:00:00.000000 UTC,29290,28.6799,28.5873
16111,39261,2016-02-09 12:35:00.000000 UTC,29890,28.68,29.5501
28255,29093,2016-02-22 19:45:00.000000 UTC,33670,28.68,30.0418
16111,39261,2016-02-06 21:16:40.000000 UTC,11230,28.6802,28.4683
29093,39261,2016-02-02 20:20:00.000000 UTC,34210,28.6805,29.1388
39261,28255,2016-02-13 14:30:00.000000 UTC,35530,28.6805,29.3449
29093,39261,2016-02-06 17:30:00.000000 UTC,41830,28.6811,29.7581
39261,29093,2016-02-12 22:16:40.000000 UTC,14890,28.6812,28.2099
39261,29093,2016-02-13 08:40:00.000000 UTC,53350,28.6814,31.0375
39261,28255,2016-02-13 13:16:40.000000 UTC,58090,28.6814,30.3469
29093,16111,2016-02-04 22:31:40.000000 UTC,53110,28.6815,31.3778
29093,39261,2016-02-05 22:50:00.000000 UTC,43030,28.682,29.9059
29093,28255,2016-02-01 04:15:00.000000 UTC,32590,28.6829,29.5156
29093,39261,2016-02-05 03:10:00.000000 UTC,50590,28.6831,29.0489
16111,29093,2016-02-07 13:01:40.000000 UTC,14170,28.6831,28.9885
29093,16111,2016-02-05 05:31:40.000000 UTC,18670,28.6836,29.1194
39261,29093,2016-02-15 14:01:40.000000 UTC,22870,28.6838,29.8463
16111,29093,2016-02-09 12:35:00.000000 UTC,1390,28.6854,28.8009
28255,39261,2016-02-18 14:15:00.000000 UTC,48010,28.6858,30.4063
29093,28255,2016-02-02 14:16:40.000000 UTC,3010,28.6859,28.6535
28255,16111,2016-02-21 20:16:40.000000 UTC,33250,28.6859,29.8901
29093,28255,2016-02-02 21:55:00.000000 UTC,17350,28.6865,29.6501
16111,28255,2016-02-07 14:05:00.000000 UTC,30790,28.6865,29.8915
16111,39261,2016-02-09 05:05:00.000000 UTC,51790,28.6868,29.9394
29093,28255,2016-02-03 15:16:40.000000 UTC,53050,28.6871,29.0942
16111,28255,2016-02-06 17:55:00.000000 UTC,54970,28.6877,28.8331
16111,29093,2016-02-09 03:16:40.000000 UTC,15370,28.6877,29.6288
39261,29093,2016-02-14 19:00:00.000000 UTC,50710,28.6877,30.8373
16111,28255,2016-02-10 11:30:00.000000 UTC,23110,28.6879,29.4156
28255,29093,2016-02-18 13:31:40.000000 UTC,20050,28.688,30.0093
28255,29093,2016-02-23 00:46:40.000000 UTC,26470,28.6881,29.374
39261,28255,2016-02-12 18:01:40.000000 UTC,54070,28.6888,30.1191
29093,28255,2016-02-05 20:16:40.000000 UTC,56410,28.6891,30.7797
16111,28255,2016-02-08 03:31:40.000000 UTC,21970,28.6896,29.8069
39261,28255,2016-02-14 20:46:40.000000 UTC,45550,28.6899,30.2117
29093,16111,2016-02-01 01:15:00.000000 UTC,40270,28.69,29.0288
39261,29093,2016-02-12 15:45:00.000000 UTC,22570,28.6904,29.4566
29093,16111,2016-02-02 15:45:00.000000 UTC,2770,28.6908,28.5997
16111,39261,2016-02-08 00:50:00.000000 UTC,20050,28.691,29.9385
39261,28255,2016-02-16 09:31:40.000000 UTC,21310,28.691,28.2153
29093,28255,2016-02-05 03:10:00.000000 UTC,22390,28.6915,28.9243
29093,28255,2016-02-01 16:31:40.000000 UTC,36490,28.6916,30.0613
28255,29093,2016-02-18 11:31:40.000000 UTC,19810,28.6917,28.7244
29093,28255,2016-02-06 06:40:00.000000 UTC,22450,28.6924,29.3406
16111,28255,2016-02-07 07:16:40.000000 UTC,22630,28.6925,28.8102
16111,29093,2016-02-08 15:25:00.000000 UTC,14890,28.6925,29.1554
29093,28255,2016-02-01 05:50:00.000000 UTC,14230,28.6928,27.5926
28255,16111,2016-02-19 21:45:00.000000 UTC,27130,28.6931,30.1384
29093,16111,2016-02-01 00:25:00.000000 UTC,10090,28.6935,29.8178
16111,28255,2016-02-08 06:20:00.000000 UTC,9730,28.6947,27.8186
28255,39261,2016-02-19 13:10:00.000000 UTC,54610,28.6947,30.0355
28255,29093,2016-02-19 18:46:40.000000 UTC,5230,28.6953,26.72
28255,39261,2016-02-22 05:20:00.000000 UTC,33730,28.6956,29.8157
28255,39261,2016-02-19 18:46:40.000000 UTC,24550,28.6958,29.3623
29093,16111,2016-02-01 10:30:00.000000 UTC,43870,28.696,30.6102
16111,29093,2016-02-09 03:16:40.000000 UTC,43930,28.696,30.6421
28255,39261,2016-02-19 10:31:40.000000 UTC,24010,28.6961,28.9758
28255,39261,2016-02-22 05:20:00.000000 UTC,33790,28.6964,29.7892
29093,28255,2016-02-02 23:31:40.000000 UTC,49870,28.697,28.675
29093,28255,2016-02-05 07:55:00.000000 UTC,11230,28.6972,28.8074
39261,28255,2016-02-12 12:15:00.000000 UTC,1690,28.6974,28.8044
28255,16111,2016-02-22 03:01:40.000000 UTC,48670,28.6974,30.6973
16111,39261,2016-02-08 15:25:00.000000 UTC,17650,28.6981,29.435
28255,16111,2016-02-20 19:46:40.000000 UTC,15850,28.6984,28.9943
29093,28255,2016-02-01 14:40:00.000000 UTC,16570,28.6991,29.2372
16111,29093,2016-02-09 20:31:40.000000 UTC,40630,28.6993,28.762
29093,16111,2016-02-03 23:00:00.000000 UTC,13870,28.6996,29.3948
29093,28255,2016-02-01 01:15:00.000000 UTC,31990,28.7,29.5112
28255,16111,2016-02-19 15:55:00.000000 UTC,28150,28.7,29.8641
16111,29093,2016-02-11 13:46:40.000000 UTC,28150,28.7002,29.5419
28255,29093,2016-02-18 05:05:00.000000 UTC,38590,28.7002,30.1513
28255,29093,2016-02-18 15:46:40.000000 UTC,13690,28.7002,29.5648
28255,29093,2016-02-18 08:16:40.000000 UTC,31630,28.7004,28.4842
29093,28255,2016-02-02 17:15:00.000000 UTC,48430,28.7012,28.9557
28255,29093,2016-02-22 19:45:00.000000 UTC,21850,28.7012,29.4668
29093,28255,2016-02-01 08:20:00.000000 UTC,35050,28.7014,29.6669
29093,16111,2016-02-01 14:40:00.000000 UTC,15430,28.7014,29.8191
16111,28255,2016-02-07 01:10:00.000000 UTC,53410,28.7014,29.1728
16111,29093,2016-02-10 02:46:40.000000 UTC,10090,28.7014,29.2572
28255,39261,2016-02-23 19:15:00.000000 UTC,28690,28.7018,29.2276
28255,16111,2016-02-21 13:46:40.000000 UTC,8950,28.7022,27.1219
28255,29093,2016-02-19 13:10:00.000000 UTC,25870,28.7028,28.6322
29093,16111,2016-02-01 04:15:00.000000 UTC,49690,28.703,30.906
29093,28255,2016-02-06 04:01:40.000000 UTC,47950,28.7031,29.0245
16111,28255,2016-02-10 07:05:00.000000 UTC,1150,28.7031,28.7101
28255,29093,2016-02-20 21:40:00.000000 UTC,25690,28.7031,29.8455
39261,29093,2016-02-13 18:20:00.000000 UTC,21790,28.7032,29.2777
28255,16111,2016-02-20 07:20:00.000000 UTC,18610,28.7033,28.7006
16111,29093,2016-02-06 17:55:00.000000 UTC,13750,28.7038,29.1646
39261,16111,2016-02-12 11:10:00.000000 UTC,53050,28.7038,30.5526
28255,29093,2016-02-18 07:25:00.000000 UTC,26470,28.7039,29.3567
39261,28255,2016-02-16 00:35:00.000000 UTC,6910,28.7046,27.2349
29093,39261,2016-02-02 02:16:40.000000 UTC,48310,28.7052,30.4636
28255,16111,2016-02-20 21:40:00.000000 UTC,51130,28.7052,29.4409
29093,39261,2016-02-01 08:20:00.000000 UTC,19210,28.7054,29.5271
29093,28255,2016-02-04 09:16:40.000000 UTC,56890,28.7057,28.9823
16111,29093,2016-02-07 11:00:00.000000 UTC,54370,28.706,31.2833
29093,39261,2016-02-04 05:05:00.000000 UTC,42790,28.7063,29.8269
28255,39261,2016-02-22 00:45:00.000000 UTC,26650,28.7063,28.7508
28255,29093,2016-02-23 05:55:00.000000 UTC,49990,28.7068,29.0743
39261,16111,2016-02-12 11:25:00.000000 UTC,43150,28.7069,29.7276
28255,16111,2016-02-22 12:25:00.000000 UTC,29290,28.7072,29.1896
29093,16111,2016-02-01 21:40:00.000000 UTC,15190,28.7077,29.4345
39261,29093,2016-02-12 22:16:40.000000 UTC,20770,28.7077,28.8211
28255,29093,2016-02-18 05:45:00.000000 UTC,32950,28.7077,30.0405
28255,29093,2016-02-20 19:46:40.000000 UTC,48490,28.7082,30.2316
16111,29093,2016-02-10 07:05:00.000000 UTC,33370,28.7085,30.2428
39261,29093,2016-02-16 05:00:00.000000 UTC,49270,28.7086,29.0343
29093,28255,2016-02-01 08:20:00.000000 UTC,15130,28.709,28.8644
16111,39261,2016-02-10 11:30:00.000000 UTC,56590,28.709,29.1459
29093,39261,2016-02-02 18:46:40.000000 UTC,40210,28.7093,30.0234
16111,39261,2016-02-08 20:20:00.000000 UTC,26050,28.7101,29.8521
16111,29093,2016-02-07 04:46:40.000000 UTC,54190,28.7105,31.2484
28255,29093,2016-02-18 22:00:00.000000 UTC,34990,28.7112,29.7866
39261,29093,2016-02-13 02:35:00.000000 UTC,55810,28.7113,28.9703
16111,28255,2016-02-09 18:30:00.000000 UTC,9610,28.7114,27.908
16111,28255,2016-02-08 20:20:00.000000 UTC,2770,28.7128,29.0111
39261,28255,2016-02-12 11:16:40.000000 UTC,53290,28.713,30.2468
16111,39261,2016-02-09 22:35:00.000000 UTC,27190,28.7139,30.1638
28255,39261,2016-02-20 14:16:40.000000 UTC,27250,28.714,28.8515
28255,16111,2016-02-18 10:55:00.000000 UTC,17470,28.7141,29.2927
16111,39261,2016-02-06 21:45:00.000000 UTC,18010,28.7155,29.653
39261,16111,2016-02-16 00:35:00.000000 UTC,52630,28.7156,29.9195
29093,28255,2016-02-04 05:05:00.000000 UTC,11590,28.716,28.991
16111,28255,2016-02-07 22:15:00.000000 UTC,4870,28.7163,28.5156
16111,39261,2016-02-07 04:46:40.000000 UTC,50590,28.7169,30.6611
16111,29093,2016-02-09 05:05:00.000000 UTC,54910,28.7169,30.2791
28255,29093,2016-02-20 05:40:00.000000 UTC,34270,28.7171,29.6747
29093,28255,2016-02-06 06:40:00.000000 UTC,3490,28.7175,28.7289
39261,29093,2016-02-14 13:50:00.000000 UTC,51550,28.7178,30.9225
29093,16111,2016-02-02 01:05:00.000000 UTC,15130,28.7184,29.5705
39261,16111,2016-02-12 20:01:40.000000 UTC,22510,28.7186,29.5718
29093,28255,2016-02-01 08:20:00.000000 UTC,57490,28.7189,30.753
16111,28255,2016-02-08 06:20:00.000000 UTC,58150,28.7189,30.0436
39261,29093,2016-02-12 15:45:00.000000 UTC,22630,28.7192,29.5793
39261,29093,2016-02-14 02:45:00.000000 UTC,36790,28.7195,29.5643
29093,39261,2016-02-01 00:25:00.000000 UTC,17050,28.7206,29.5493
29093,28255,2016-02-01 00:46:40.000000 UTC,4450,28.7207,27.683
28255,29093,2016-02-19 06:46:40.000000 UTC,1690,28.7207,28.8782
29093,16111,2016-02-01 14:40:00.000000 UTC,39970,28.7209,28.9809
28255,29093,2016-02-22 00:45:00.000000 UTC,25690,28.721,29.6003
29093,16111,2016-02-02 23:31:40.000000 UTC,2650,28.7213,28.5887
28255,16111,2016-02-21 07:31:40.000000 UTC,48970,28.7218,29.2594
16111,29093,2016-02-10 13:45:00.000000 UTC,21790,28.7219,29.3353
28255,39261,2016-02-18 06:40:00.000000 UTC,29350,28.7222,29.6573
28255,39261,2016-02-23 11:10:00.000000 UTC,18010,28.7223,29.2252
16111,29093,2016-02-09 22:35:00.000000 UTC,33550,28.7225,30.8021
29093,39261,2016-02-05 05:31:40.000000 UTC,51130,28.7229,29.1534
29093,28255,2016-02-01 02:10:00.000000 UTC,4930,28.7234,27.1178
16111,39261,2016-02-11 01:25:00.000000 UTC,15610,28.7238,28.2723
16111,28255,2016-02-08 23:45:00.000000 UTC,18250,28.7239,21.2092
16111,39261,2016-02-07 14:05:00.000000 UTC,16390,28.7242,29.1265
16111,39261,2016-02-11 03:50:00.000000 UTC,7330,28.7242,27.4418
29093,16111,2016-02-03 15:16:40.000000 UTC,44350,28.7248,29.0068
39261,28255,2016-02-12 12:50:00.000000 UTC,1690,28.7251,28.7732
39261,28255,2016-02-12 12:31:40.000000 UTC,1690,28.7257,28.8173
39261,29093,2016-02-16 05:00:00.000000 UTC,49210,28.7258,29.1862
29093,39261,2016-02-01 23:55:00.000000 UTC,17170,28.726,29.836
29093,16111,2016-02-01 11:16:40.000000 UTC,55090,28.7262,31.2002
29093,39261,2016-02-03 02:50:00.000000 UTC,44530,28.7265,28.194
16111,29093,2016-02-07 09:05:00.000000 UTC,14110,28.7266,29.1707
28255,16111,2016-02-20 04:01:40.000000 UTC,19450,28.7266,28.9806
39261,29093,2016-02-15 18:10:00.000000 UTC,15610,28.7267,28.4851
16111,39261,2016-02-06 23:20:00.000000 UTC,30850,28.7271,29.8195
28255,39261,2016-02-18 13:31:40.000000 UTC,31390,28.7271,28.5061
16111,39261,2016-02-08 13:50:00.000000 UTC,29770,28.7273,30.1192
16111,39261,2016-02-08 12:16:40.000000 UTC,16690,28.7275,29.2155
39261,28255,2016-02-12 18:01:40.000000 UTC,22210,28.7278,27.4255
16111,28255,2016-02-06 17:46:40.000000 UTC,37090,28.7279,28.4208
16111,29093,2016-02-09 06:55:00.000000 UTC,34330,28.7282,29.5206
28255,39261,2016-02-18 17:25:00.000000 UTC,29710,28.7282,29.5905
39261,29093,2016-02-12 20:45:00.000000 UTC,1390,28.7284,28.8277
39261,29093,2016-02-13 21:01:40.000000 UTC,9010,28.7286,26.9546
29093,28255,2016-02-01 01:15:00.000000 UTC,13810,28.7288,28.9638
29093,16111,2016-02-02 14:16:40.000000 UTC,43090,28.7288,30.611
16111,29093,2016-02-07 03:15:00.000000 UTC,25210,28.7299,29.0279
28255,39261,2016-02-18 12:50:00.000000 UTC,11530,28.7307,30.2347
29093,39261,2016-02-02 11:25:00.000000 UTC,32110,28.7308,29.2636
16111,28255,2016-02-07 11:00:00.000000 UTC,42010,28.731,30.336
29093,28255,2016-02-01 02:55:00.000000 UTC,13630,28.7312,27.5477
16111,28255,2016-02-06 23:20:00.000000 UTC,56230,28.7315,28.7725
39261,16111,2016-02-16 23:46:40.000000 UTC,42250,28.7316,30.2968
39261,29093,2016-02-12 18:01:40.000000 UTC,27790,28.732,29.7025
29093,39261,2016-02-03 19:05:00.000000 UTC,28030,28.7322,29.0655
28255,29093,2016-02-22 03:01:40.000000 UTC,14290,28.7323,29.9095
28255,16111,2016-02-20 09:01:40.000000 UTC,18430,28.7324,29.2041
16111,39261,2016-02-06 18:05:00.000000 UTC,47650,28.7326,30.6897
28255,29093,2016-02-20 09:01:40.000000 UTC,22270,28.7329,29.5943
29093,39261,2016-02-01 02:55:00.000000 UTC,35770,28.7331,29.1345
29093,39261,2016-02-03 19:05:00.000000 UTC,3190,28.7334,28.672
28255,39261,2016-02-19 08:00:00.000000 UTC,30310,28.7335,29.5949
29093,39261,2016-02-02 11:25:00.000000 UTC,26710,28.7336,30.0689
29093,16111,2016-02-01 04:45:00.000000 UTC,26770,28.734,29.3373
39261,29093,2016-02-16 00:35:00.000000 UTC,48190,28.7342,29.648
39261,28255,2016-02-14 17:15:00.000000 UTC,2590,28.7343,28.5018
29093,39261,2016-02-01 06:25:00.000000 UTC,54970,28.7345,30.2392
16111,39261,2016-02-09 08:46:40.000000 UTC,16510,28.7346,29.2418
39261,28255,2016-02-12 12:00:00.000000 UTC,22750,28.7346,28.4615
28255,29093,2016-02-19 09:15:00.000000 UTC,21310,28.7346,29.2931
28255,16111,2016-02-18 14:15:00.000000 UTC,22570,28.7348,29.6847
28255,16111,2016-02-21 15:55:00.000000 UTC,29890,28.735,29.8376
29093,16111,2016-02-02 08:40:00.000000 UTC,14770,28.7353,29.0638
29093,28255,2016-02-06 04:01:40.000000 UTC,15730,28.7353,29.1033
28255,39261,2016-02-20 21:40:00.000000 UTC,56350,28.7356,30.5482
28255,39261,2016-02-23 00:46:40.000000 UTC,57850,28.7362,29.4386
28255,16111,2016-02-19 10:31:40.000000 UTC,17950,28.7366,29.7404
16111,29093,2016-02-07 12:00:00.000000 UTC,2350,28.7367,27.9872
28255,39261,2016-02-18 15:00:00.000000 UTC,29350,28.7374,29.1439
39261,28255,2016-02-16 16:31:40.000000 UTC,1870,28.738,28.961
39261,16111,2016-02-14 12:10:00.000000 UTC,52930,28.7385,29.4076
28255,29093,2016-02-21 03:30:00.000000 UTC,54130,28.7387,29.6976
39261,29093,2016-02-14 15:31:40.000000 UTC,22390,28.7388,29.45
16111,28255,2016-02-07 17:25:00.000000 UTC,4090,28.7391,27.2042
16111,28255,2016-02-11 21:31:40.000000 UTC,37210,28.7394,29.4885
29093,28255,2016-02-01 15:35:00.000000 UTC,54850,28.7397,29.2548
16111,29093,2016-02-06 17:40:00.000000 UTC,24910,28.7397,28.9202
16111,28255,2016-02-06 21:16:40.000000 UTC,58510,28.7406,29.0921
39261,16111,2016-02-12 14:46:40.000000 UTC,45970,28.7407,29.1922
28255,29093,2016-02-23 13:50:00.000000 UTC,23290,28.7413,27.841
39261,28255,2016-02-15 18:10:00.000000 UTC,1090,28.7414,28.9176
29093,28255,2016-02-02 15:45:00.000000 UTC,54250,28.7417,28.6156
16111,29093,2016-02-08 06:20:00.000000 UTC,14890,28.7417,29.765
29093,28255,2016-02-04 15:46:40.000000 UTC,32770,28.7421,30.1628
28255,16111,2016-02-22 10:01:40.000000 UTC,37090,28.7421,29.7162
29093,39261,2016-02-02 11:25:00.000000 UTC,38290,28.7425,29.7215
29093,16111,2016-02-03 02:50:00.000000 UTC,8230,28.7425,27.7929
16111,29093,2016-02-07 23:31:40.000000 UTC,20410,28.7426,29.747
16111,39261,2016-02-10 00:40:00.000000 UTC,2530,28.7428,28.5225
16111,28255,2016-02-06 17:30:00.000000 UTC,45070,28.7429,30.1146
29093,39261,2016-02-05 07:55:00.000000 UTC,58030,28.743,28.7124
39261,16111,2016-02-13 18:20:00.000000 UTC,22210,28.743,29.5745
29093,39261,2016-02-04 03:01:40.000000 UTC,58690,28.7431,24.9839
16111,29093,2016-02-09 05:05:00.000000 UTC,40090,28.7433,29.1683
28255,29093,2016-02-22 19:45:00.000000 UTC,9670,28.7437,27.2125
16111,29093,2016-02-07 12:00:00.000000 UTC,44770,28.7445,28.8714
29093,16111,2016-02-02 23:31:40.000000 UTC,27490,28.7446,29.906
29093,16111,2016-02-06 12:01:40.000000 UTC,35530,28.7447,30.8868
28255,16111,2016-02-19 08:00:00.000000 UTC,18670,28.7447,30.1135
39261,28255,2016-02-12 11:46:40.000000 UTC,35230,28.7459,29.4328
39261,29093,2016-02-14 02:45:00.000000 UTC,31090,28.7462,29.2736
28255,16111,2016-02-18 20:05:00.000000 UTC,27670,28.7463,27.6689
16111,29093,2016-02-08 23:45:00.000000 UTC,14650,28.7467,27.5879
16111,29093,2016-02-09 18:30:00.000000 UTC,51490,28.7467,29.8386
28255,16111,2016-02-18 07:25:00.000000 UTC,12670,28.7468,29.0215
29093,39261,2016-02-01 13:46:40.000000 UTC,20290,28.7471,28.6896
39261,29093,2016-02-12 14:20:00.000000 UTC,13870,28.7471,28.0147
29093,28255,2016-02-01 12:55:00.000000 UTC,22270,28.7474,29.3576
28255,29093,2016-02-19 03:16:40.000000 UTC,39850,28.7474,30.3025
28255,39261,2016-02-18 15:00:00.000000 UTC,1690,28.7475,28.7834
28255,29093,2016-02-18 13:31:40.000000 UTC,43870,28.7476,29.8209
29093,39261,2016-02-05 10:20:00.000000 UTC,26530,28.7477,29.904
28255,39261,2016-02-18 22:00:00.000000 UTC,1870,28.7477,28.8419
28255,29093,2016-02-19 18:46:40.000000 UTC,19030,28.7478,28.219
29093,16111,2016-02-02 01:05:00.000000 UTC,15190,28.7482,29.7101
28255,39261,2016-02-22 17:16:40.000000 UTC,6130,28.7483,26.8398
16111,29093,2016-02-08 03:31:40.000000 UTC,8530,28.7485,28.0437
16111,28255,2016-02-08 20:20:00.000000 UTC,51790,28.7486,29.0697
29093,39261,2016-02-03 23:00:00.000000 UTC,29290,28.7487,29.7933
29093,39261,2016-02-06 12:01:40.000000 UTC,5290,28.7487,27.0304
29093,39261,2016-02-06 12:01:40.000000 UTC,52990,28.7488,29.0393
28255,39261,2016-02-23 03:20:00.000000 UTC,15070,28.7491,27.0716
28255,29093,2016-02-18 21:01:40.000000 UTC,35290,28.7493,29.8057
29093,28255,2016-02-06 17:30:00.000000 UTC,50710,28.7494,29.1731
28255,29093,2016-02-20 12:30:00.000000 UTC,57490,28.7494,28.8522
29093,16111,2016-02-03 15:16:40.000000 UTC,7930,28.7499,27.8142
16111,29093,2016-02-09 14:31:40.000000 UTC,21910,28.7499,30.6346
16111,29093,2016-02-11 01:25:00.000000 UTC,55630,28.7505,29.3068
16111,39261,2016-02-10 18:20:00.000000 UTC,32230,28.7511,29.4303
29093,39261,2016-02-02 21:55:00.000000 UTC,16510,28.7513,29.2709
39261,16111,2016-02-12 18:01:40.000000 UTC,34150,28.7514,29.3379
16111,39261,2016-02-07 13:01:40.000000 UTC,1150,28.7516,28.7723
29093,28255,2016-02-02 17:15:00.000000 UTC,48310,28.7518,29.2502
16111,39261,2016-02-08 13:50:00.000000 UTC,47950,28.7536,30.6492
29093,28255,2016-02-01 23:55:00.000000 UTC,31210,28.7539,30.1349
16111,39261,2016-02-10 23:01:40.000000 UTC,15010,28.754,28.5253
29093,28255,2016-02-01 21:40:00.000000 UTC,43630,28.7544,30.0264
16111,39261,2016-02-07 11:00:00.000000 UTC,54190,28.7544,28.8824
29093,16111,2016-02-01 01:15:00.000000 UTC,21610,28.7553,30.0316
39261,16111,2016-02-16 16:31:40.000000 UTC,48370,28.7554,29.7259
39261,28255,2016-02-17 04:45:00.000000 UTC,42310,28.7554,29.6108
28255,29093,2016-02-18 19:10:00.000000 UTC,35830,28.7554,30.0622
28255,29093,2016-02-18 19:10:00.000000 UTC,59890,28.7556,29.4416
28255,29093,2016-02-23 05:55:00.000000 UTC,25390,28.7557,29.271
39261,29093,2016-02-13 09:46:40.000000 UTC,23950,28.7559,29.6281
29093,16111,2016-02-01 00:25:00.000000 UTC,9910,28.756,29.3238
16111,28255,2016-02-09 22:35:00.000000 UTC,26650,28.7562,30.2269
29093,39261,2016-02-05 22:50:00.000000 UTC,31270,28.7564,29.0902
29093,39261,2016-02-02 08:40:00.000000 UTC,13210,28.7566,29.0163
16111,39261,2016-02-11 03:50:00.000000 UTC,46870,28.7575,29.6325
39261,29093,2016-02-15 16:05:00.000000 UTC,34990,28.7575,29.7235
39261,28255,2016-02-14 19:00:00.000000 UTC,34390,28.7577,29.2302
16111,29093,2016-02-07 03:15:00.000000 UTC,20350,28.7578,30.3998
28255,16111,2016-02-19 01:05:00.000000 UTC,5770,28.7582,27.5059
28255,39261,2016-02-19 08:00:00.000000 UTC,2230,28.7583,28.4745
28255,39261,2016-02-21 01:31:40.000000 UTC,33790,28.7584,28.8605
28255,16111,2016-02-22 14:50:00.000000 UTC,23290,28.7586,29.6738
28255,16111,2016-02-23 22:00:00.000000 UTC,44410,28.7587,30.1749
29093,28255,2016-02-03 23:00:00.000000 UTC,16450,28.7588,29.0825
16111,28255,2016-02-07 16:16:40.000000 UTC,25930,28.7589,29.2011
28255,29093,2016-02-18 05:45:00.000000 UTC,33610,28.7589,29.9323
28255,29093,2016-02-18 07:25:00.000000 UTC,14830,28.7591,28.5035
16111,39261,2016-02-08 04:55:00.000000 UTC,50530,28.7598,28.8195
28255,39261,2016-02-22 10:01:40.000000 UTC,9250,28.7599,29.4671
16111,39261,2016-02-06 22:46:40.000000 UTC,50470,28.76,29.4411
16111,28255,2016-02-07 22:15:00.000000 UTC,5110,28.7601,27.8421
28255,39261,2016-02-18 15:00:00.000000 UTC,35650,28.7601,29.5328
29093,39261,2016-02-02 15:45:00.000000 UTC,51190,28.7602,29.7238
39261,16111,2016-02-13 09:46:40.000000 UTC,7150,28.7603,28.0125
16111,28255,2016-02-08 10:45:00.000000 UTC,4030,28.7605,28.9797
28255,16111,2016-02-18 05:16:40.000000 UTC,24370,28.7609,29.1082
16111,28255,2016-02-11 01:25:00.000000 UTC,2050,28.7618,27.9997
16111,29093,2016-02-08 03:31:40.000000 UTC,53770,28.7621,29.0937
16111,39261,2016-02-07 14:05:00.000000 UTC,40630,28.7623,29.429
16111,39261,2016-02-07 07:16:40.000000 UTC,1990,28.763,27.7633
28255,29093,2016-02-20 07:20:00.000000 UTC,30370,28.7631,28.2336
28255,16111,2016-02-22 07:40:00.000000 UTC,4930,28.7631,27.4022
29093,39261,2016-02-01 00:01:40.000000 UTC,3730,28.7632,28.7859
29093,39261,2016-02-05 00:50:00.000000 UTC,4090,28.7632,28.8354
16111,29093,2016-02-09 20:31:40.000000 UTC,9790,28.7634,28.8458
28255,39261,2016-02-21 01:31:40.000000 UTC,38110,28.764,29.6165
16111,29093,2016-02-09 20:31:40.000000 UTC,27790,28.7641,30.622
28255,39261,2016-02-18 05:05:00.000000 UTC,56590,28.7641,24.3006
28255,29093,2016-02-20 17:55:00.000000 UTC,6070,28.7651,27.536
29093,28255,2016-02-02 08:40:00.000000 UTC,2170,28.7652,28.1595
29093,28255,2016-02-01 02:10:00.000000 UTC,19870,28.7655,28.9418
28255,16111,2016-02-22 00:45:00.000000 UTC,1150,28.7655,28.7884
16111,29093,2016-02-07 17:25:00.000000 UTC,54610,28.7662,31.4403
28255,16111,2016-02-18 20:05:00.000000 UTC,32890,28.767,30.1288
29093,28255,2016-02-01 12:55:00.000000 UTC,16150,28.7675,29.0635
16111,29093,2016-02-08 12:16:40.000000 UTC,14830,28.7676,29.2003
28255,39261,2016-02-20 07:20:00.000000 UTC,31030,28.7676,28.9686
29093,39261,2016-02-04 13:35:00.000000 UTC,45190,28.7677,30.0818
39261,28255,2016-02-16 09:31:40.000000 UTC,32890,28.768,29
28255,29093,2016-02-20 14:16:40.000000 UTC,21130,28.768,29.2521
16111,29093,2016-02-10 18:20:00.000000 UTC,41170,28.7683,28.8696
28255,29093,2016-02-18 06:40:00.000000 UTC,26650,28.7685,29.3034
29093,39261,2016-02-03 08:00:00.000000 UTC,55930,28.7686,30.7012
16111,29093,2016-02-06 21:16:40.000000 UTC,44350,28.7688,29.1285
29093,28255,2016-02-06 17:30:00.000000 UTC,54010,28.769,28.534
29093,16111,2016-02-05 17:45:00.000000 UTC,57790,28.7695,30.5462
28255,16111,2016-02-19 17:20:00.000000 UTC,10090,28.7695,27.7881
16111,28255,2016-02-10 00:40:00.000000 UTC,52330,28.7697,29.6493
39261,28255,2016-02-13 06:31:40.000000 UTC,58150,28.7698,29.9389
16111,39261,2016-02-10 16:01:40.000000 UTC,43630,28.7703,29.7174
28255,39261,2016-02-18 13:31:40.000000 UTC,29230,28.7707,29.0333
39261,16111,2016-02-17 23:01:40.000000 UTC,45730,28.7709,29.1748
39261,29093,2016-02-13 06:31:40.000000 UTC,10510,28.771,25.9071
28255,29093,2016-02-18 04:55:00.000000 UTC,26890,28.7711,29.0676
28255,39261,2016-02-18 14:15:00.000000 UTC,29410,28.7716,29.3214
16111,29093,2016-02-07 04:46:40.000000 UTC,48970,28.7718,31.313
28255,39261,2016-02-18 10:55:00.000000 UTC,29230,28.772,29.2495
29093,16111,2016-02-01 00:10:00.000000 UTC,38470,28.7724,30.4049
28255,39261,2016-02-20 04:01:40.000000 UTC,21190,28.7724,27.8951
29093,28255,2016-02-01 00:46:40.000000 UTC,57550,28.7731,29.7149
29093,28255,2016-02-04 05:05:00.000000 UTC,54370,28.7734,31.0929
16111,29093,2016-02-06 20:01:40.000000 UTC,54370,28.7736,31.6841
16111,39261,2016-02-07 17:25:00.000000 UTC,56050,28.7739,28.8564
16111,29093,2016-02-07 07:16:40.000000 UTC,14050,28.7741,29.1282
39261,29093,2016-02-15 08:01:40.000000 UTC,29890,28.7741,29.847
16111,28255,2016-02-06 23:55:00.000000 UTC,27070,28.7746,29.3478
16111,29093,2016-02-08 10:45:00.000000 UTC,43750,28.7747,31.1101
29093,39261,2016-02-01 02:55:00.000000 UTC,37510,28.775,29.708
29093,16111,2016-02-05 03:10:00.000000 UTC,37570,28.7756,29.5408
39261,16111,2016-02-15 22:25:00.000000 UTC,36730,28.7756,30.0622
28255,29093,2016-02-18 18:16:40.000000 UTC,48790,28.7756,29.4032
39261,16111,2016-02-13 22:25:00.000000 UTC,43690,28.7758,30.1196
29093,16111,2016-02-04 15:46:40.000000 UTC,52930,28.7763,30.716
29093,16111,2016-02-05 07:55:00.000000 UTC,43330,28.7767,28.9228
16111,29093,2016-02-06 20:25:00.000000 UTC,19510,28.7767,29.3631
39261,28255,2016-02-17 02:15:00.000000 UTC,30430,28.7768,29.269
29093,16111,2016-02-01 00:01:40.000000 UTC,27430,28.777,30.3709
16111,28255,2016-02-11 03:50:00.000000 UTC,17170,28.7772,29.0071
39261,29093,2016-02-12 18:01:40.000000 UTC,33910,28.7772,30.2592
16111,39261,2016-02-07 09:05:00.000000 UTC,11530,28.7778,28.2036
28255,16111,2016-02-21 18:05:00.000000 UTC,16450,28.7779,29.0313
39261,16111,2016-02-15 18:10:00.000000 UTC,50710,28.778,29.1673
39261,16111,2016-02-16 16:31:40.000000 UTC,44170,28.7786,30.312
16111,39261,2016-02-06 17:31:40.000000 UTC,29170,28.7791,29.954
28255,29093,2016-02-18 15:46:40.000000 UTC,55030,28.7798,29.1047
28255,29093,2016-02-19 05:35:00.000000 UTC,7930,28.7798,26.017
16111,29093,2016-02-08 23:45:00.000000 UTC,51370,28.7803,28.8863
16111,29093,2016-02-09 06:55:00.000000 UTC,35650,28.7805,24.581
16111,29093,2016-02-06 17:40:00.000000 UTC,48250,28.7807,31.0884
39261,28255,2016-02-17 23:01:40.000000 UTC,16810,28.7809,27.0716
39261,29093,2016-02-13 17:01:40.000000 UTC,7570,28.7811,27.8093
28255,39261,2016-02-21 22:30:00.000000 UTC,27070,28.7812,29.5448
16111,39261,2016-02-07 14:05:00.000000 UTC,55030,28.7814,28.9853
16111,39261,2016-02-06 17:55:00.000000 UTC,16690,28.782,29.119
28255,16111,2016-02-19 21:45:00.000000 UTC,20950,28.782,29.2579
39261,16111,2016-02-15 14:01:40.000000 UTC,44650,28.783,30.5454
29093,28255,2016-02-04 18:00:00.000000 UTC,52210,28.7833,30.138
16111,39261,2016-02-11 13:46:40.000000 UTC,25450,28.7833,28.8706
29093,28255,2016-02-04 22:31:40.000000 UTC,53710,28.7834,29.0073
29093,39261,2016-02-05 12:46:40.000000 UTC,5170,28.7841,27.6897
28255,16111,2016-02-23 11:10:00.000000 UTC,24010,28.7843,28.7341
29093,16111,2016-02-03 13:25:00.000000 UTC,53590,28.7845,30.7671
29093,28255,2016-02-05 03:10:00.000000 UTC,36070,28.7846,29.9858
16111,28255,2016-02-07 06:25:00.000000 UTC,16510,28.7846,29.1903
39261,29093,2016-02-12 11:35:00.000000 UTC,57610,28.7848,30.5815
28255,16111,2016-02-20 12:30:00.000000 UTC,53350,28.7849,29.0412
29093,28255,2016-02-03 02:50:00.000000 UTC,11650,28.785,27.0067
39261,16111,2016-02-12 12:31:40.000000 UTC,30250,28.7857,29.9712
39261,16111,2016-02-17 20:20:00.000000 UTC,29950,28.7859,29.3226
29093,28255,2016-02-05 03:10:00.000000 UTC,48490,28.7864,29.464
28255,39261,2016-02-18 18:16:40.000000 UTC,3970,28.7866,28.6214
28255,29093,2016-02-20 05:40:00.000000 UTC,17230,28.7866,29.6034
28255,16111,2016-02-18 19:10:00.000000 UTC,21370,28.7872,29.4142
28255,39261,2016-02-21 01:31:40.000000 UTC,13510,28.7883,28.5332
29093,28255,2016-02-01 05:50:00.000000 UTC,14710,28.7884,28.9182
29093,16111,2016-02-02 04:45:00.000000 UTC,9010,28.7885,28.6864
28255,16111,2016-02-18 06:20:00.000000 UTC,40810,28.7885,29.1813
29093,28255,2016-02-01 09:01:40.000000 UTC,45970,28.7887,30.5961
28255,29093,2016-02-19 00:01:40.000000 UTC,53350,28.7888,29.1611
16111,28255,2016-02-07 04:46:40.000000 UTC,16030,28.7891,28.9222
39261,28255,2016-02-15 00:25:00.000000 UTC,39910,28.7891,29.6833
28255,16111,2016-02-21 22:30:00.000000 UTC,21250,28.7892,29.3431
29093,16111,2016-02-02 03:30:00.000000 UTC,45250,28.7895,29.0513
16111,29093,2016-02-10 23:01:40.000000 UTC,16450,28.7897,29.5773
16111,28255,2016-02-06 22:46:40.000000 UTC,20290,28.79,28.049
16111,39261,2016-02-06 23:55:00.000000 UTC,30790,28.7902,29.5189
28255,29093,2016-02-20 02:25:00.000000 UTC,17830,28.7903,29.5318
16111,29093,2016-02-08 23:45:00.000000 UTC,45610,28.7904,29.1153
39261,16111,2016-02-13 02:35:00.000000 UTC,25930,28.7905,28.3383
28255,16111,2016-02-18 18:16:40.000000 UTC,51490,28.7906,29.3223
28255,16111,2016-02-18 09:46:40.000000 UTC,36010,28.791,29.9927
16111,29093,2016-02-10 02:46:40.000000 UTC,16030,28.7914,29.7699
39261,16111,2016-02-15 20:16:40.000000 UTC,22330,28.7915,28.3669
39261,29093,2016-02-12 11:16:40.000000 UTC,23470,28.7917,29.0103
16111,29093,2016-02-07 21:00:00.000000 UTC,26050,28.7919,29.9511
39261,28255,2016-02-13 17:01:40.000000 UTC,6370,28.792,27.9302
16111,28255,2016-02-10 23:01:40.000000 UTC,51970,28.7922,28.9517
16111,29093,2016-02-12 00:10:00.000000 UTC,29050,28.7925,30.7568
39261,28255,2016-02-15 18:10:00.000000 UTC,43270,28.7927,28.505
29093,28255,2016-02-05 07:55:00.000000 UTC,55750,28.7935,28.8851
39261,28255,2016-02-17 23:01:40.000000 UTC,54670,28.7937,30.2589
16111,28255,2016-02-10 23:01:40.000000 UTC,25750,28.7939,29.1254
39261,28255,2016-02-13 08:40:00.000000 UTC,28390,28.794,29.482
28255,39261,2016-02-18 09:15:00.000000 UTC,29110,28.794,29.1573
39261,29093,2016-02-17 20:20:00.000000 UTC,20770,28.7942,29.067
28255,39261,2016-02-20 04:01:40.000000 UTC,30850,28.7946,28.8909
29093,39261,2016-02-01 16:31:40.000000 UTC,47110,28.7948,29.8693
29093,28255,2016-02-03 23:00:00.000000 UTC,46450,28.795,29.7361
39261,29093,2016-02-13 22:25:00.000000 UTC,26410,28.7956,29.2077
16111,39261,2016-02-08 13:50:00.000000 UTC,35710,28.7957,29.9528
29093,39261,2016-02-06 04:01:40.000000 UTC,50650,28.7959,29.6616
28255,29093,2016-02-18 15:00:00.000000 UTC,49390,28.7961,29.5506
28255,39261,2016-02-18 09:46:40.000000 UTC,41410,28.7962,29.694
29093,28255,2016-02-01 16:31:40.000000 UTC,35470,28.7967,30.1028
28255,29093,2016-02-18 10:55:00.000000 UTC,33730,28.797,27.8643
16111,39261,2016-02-08 06:20:00.000000 UTC,57670,28.7973,30.5344
39261,16111,2016-02-13 08:40:00.000000 UTC,47470,28.7974,30.5655
28255,39261,2016-02-19 08:00:00.000000 UTC,54430,28.7978,30.1024
16111,39261,2016-02-12 00:10:00.000000 UTC,35350,28.798,30.3854
29093,16111,2016-02-01 02:10:00.000000 UTC,54730,28.7982,29.928
29093,28255,2016-02-01 13:46:40.000000 UTC,54670,28.7983,28.7148
16111,28255,2016-02-10 04:55:00.000000 UTC,57730,28.7993,30.8105
39261,16111,2016-02-14 22:35:00.000000 UTC,32350,28.8,28.3377
28255,39261,2016-02-22 07:40:00.000000 UTC,39070,28.8001,29.0574
29093,28255,2016-02-02 21:55:00.000000 UTC,49270,28.8005,29.3275
16111,39261,2016-02-06 20:25:00.000000 UTC,47710,28.8007,29.6145
29093,28255,2016-02-04 09:16:40.000000 UTC,50590,28.8009,29.634
39261,29093,2016-02-12 12:31:40.000000 UTC,40630,28.8012,30.345
16111,28255,2016-02-08 22:01:40.000000 UTC,13570,28.8014,27.6947
28255,29093,2016-02-18 05:30:00.000000 UTC,17050,28.8015,29.9757
16111,29093,2016-02-06 17:40:00.000000 UTC,10750,28.8016,27.8207
39261,29093,2016-02-12 23:05:00.000000 UTC,20590,28.8019,28.9113
39261,29093,2016-02-14 02:45:00.000000 UTC,14230,28.8026,29.3684
39261,16111,2016-02-16 09:31:40.000000 UTC,22330,28.8026,29.4724
28255,39261,2016-02-19 13:10:00.000000 UTC,54550,28.8026,29.9237
28255,39261,2016-02-18 06:01:40.000000 UTC,3790,28.8028,28.7887
29093,16111,2016-02-01 13:46:40.000000 UTC,1330,28.8032,28.8873
16111,39261,2016-02-08 22:01:40.000000 UTC,4450,28.8032,26.3092
16111,39261,2016-02-06 19:40:00.000000 UTC,35110,28.8034,28.5693
39261,28255,2016-02-12 20:01:40.000000 UTC,3850,28.8034,28.829
16111,28255,2016-02-11 03:50:00.000000 UTC,58930,28.8035,29.4766
28255,29093,2016-02-18 12:10:00.000000 UTC,19750,28.8037,29.0429
16111,39261,2016-02-08 22:01:40.000000 UTC,25510,28.804,28.972
39261,28255,2016-02-13 18:20:00.000000 UTC,46990,28.804,30.0813
39261,29093,2016-02-12 20:45:00.000000 UTC,27370,28.8047,29.9597
28255,39261,2016-02-22 10:01:40.000000 UTC,2650,28.8047,28.5395
39261,16111,2016-02-13 07:35:00.000000 UTC,47890,28.8049,30.7488
39261,29093,2016-02-12 12:00:00.000000 UTC,18430,28.8055,30.5792
16111,29093,2016-02-06 22:46:40.000000 UTC,44530,28.8062,28.7083
28255,39261,2016-02-18 06:40:00.000000 UTC,19150,28.8063,28.1753
16111,39261,2016-02-09 08:46:40.000000 UTC,22690,28.8064,29.4706
39261,28255,2016-02-12 11:10:00.000000 UTC,29050,28.8064,29.0584
28255,29093,2016-02-23 03:20:00.000000 UTC,2770,28.8066,28.6873
16111,39261,2016-02-10 16:01:40.000000 UTC,51910,28.8068,28.9006
28255,29093,2016-02-18 17:25:00.000000 UTC,24610,28.807,29.5496
29093,39261,2016-02-05 15:15:00.000000 UTC,27550,28.8072,29.737
29093,16111,2016-02-06 12:01:40.000000 UTC,42610,28.8074,28.9056
39261,28255,2016-02-13 08:40:00.000000 UTC,53410,28.8076,30.2198
16111,39261,2016-02-06 17:55:00.000000 UTC,55330,28.8087,29.0295
39261,28255,2016-02-13 15:45:00.000000 UTC,58090,28.8087,30.4265
39261,16111,2016-02-13 06:31:40.000000 UTC,19390,28.8089,28.6685
39261,28255,2016-02-13 22:25:00.000000 UTC,17590,28.8089,28.8835
28255,29093,2016-02-18 18:16:40.000000 UTC,24430,28.8089,29.4718
16111,39261,2016-02-09 08:46:40.000000 UTC,41050,28.8091,30.0849
16111,29093,2016-02-08 23:45:00.000000 UTC,28330,28.8092,29.7529
28255,39261,2016-02-21 13:46:40.000000 UTC,7690,28.8097,27.7629
29093,28255,2016-02-01 14:40:00.000000 UTC,22630,28.8098,29.3739
16111,29093,2016-02-08 13:50:00.000000 UTC,43510,28.8098,30.5585
29093,16111,2016-02-02 15:45:00.000000 UTC,14590,28.8106,29.2577
39261,16111,2016-02-15 20:16:40.000000 UTC,32050,28.8108,30.1587
29093,16111,2016-02-06 06:40:00.000000 UTC,59530,28.8112,29.209
29093,16111,2016-02-01 09:45:00.000000 UTC,21550,28.8115,30.4848
29093,39261,2016-02-01 21:40:00.000000 UTC,22090,28.8118,28.1172
28255,16111,2016-02-19 03:16:40.000000 UTC,13270,28.8118,27.354
28255,29093,2016-02-18 06:20:00.000000 UTC,49390,28.8122,30.0911
16111,39261,2016-02-07 02:31:40.000000 UTC,13210,28.8127,29.0334
39261,16111,2016-02-12 23:55:00.000000 UTC,1510,28.8127,28.9018
28255,29093,2016-02-18 04:55:00.000000 UTC,21130,28.8127,28.7939
39261,29093,2016-02-12 13:55:00.000000 UTC,28810,28.8128,29.7156
16111,28255,2016-02-09 20:31:40.000000 UTC,19390,28.8129,28.9932
16111,29093,2016-02-08 20:20:00.000000 UTC,38170,28.8131,30.6429
28255,29093,2016-02-18 08:16:40.000000 UTC,26710,28.8139,29.8771
39261,28255,2016-02-13 18:20:00.000000 UTC,33730,28.8141,29.1319
16111,39261,2016-02-06 22:46:40.000000 UTC,43990,28.8147,30.1082
29093,39261,2016-02-01 18:30:00.000000 UTC,27850,28.8148,29.388
16111,28255,2016-02-08 20:20:00.000000 UTC,49750,28.8149,30.2253
39261,16111,2016-02-12 16:16:40.000000 UTC,30550,28.8158,29.804
39261,29093,2016-02-16 05:00:00.000000 UTC,19150,28.8159,29.4273
16111,39261,2016-02-07 06:25:00.000000 UTC,5050,28.8163,27.2325
29093,28255,2016-02-04 13:35:00.000000 UTC,13930,28.8168,29.4607
39261,29093,2016-02-13 22:25:00.000000 UTC,37870,28.8169,29.7861
39261,29093,2016-02-14 17:15:00.000000 UTC,40210,28.8169,30.0541
16111,28255,2016-02-11 01:25:00.000000 UTC,52510,28.8176,29.0713
16111,28255,2016-02-07 12:00:00.000000 UTC,49870,28.8178,29.4634
16111,29093,2016-02-10 11:30:00.000000 UTC,22090,28.818,30.1983
39261,29093,2016-02-12 14:46:40.000000 UTC,16810,28.818,28.7741
16111,39261,2016-02-07 04:00:00.000000 UTC,45910,28.8182,29.4278
28255,29093,2016-02-19 03:16:40.000000 UTC,52690,28.8186,29.1833
29093,16111,2016-02-02 20:20:00.000000 UTC,20470,28.8188,30.1137
39261,28255,2016-02-12 22:16:40.000000 UTC,18610,28.8198,28.9172
16111,29093,2016-02-09 16:30:00.000000 UTC,9610,28.82,28.5909
29093,39261,2016-02-03 21:01:40.000000 UTC,1270,28.8203,28.9177
39261,28255,2016-02-12 19:20:00.000000 UTC,35410,28.8204,29.9042
39261,16111,2016-02-12 22:16:40.000000 UTC,21730,28.8204,29.206
39261,29093,2016-02-18 01:45:00.000000 UTC,25090,28.8209,28.9341
39261,16111,2016-02-12 12:50:00.000000 UTC,24490,28.821,29.853
16111,29093,2016-02-08 07:46:40.000000 UTC,54670,28.8213,31.0121
39261,29093,2016-02-17 17:40:00.000000 UTC,1510,28.8213,28.8684
39261,16111,2016-02-13 21:01:40.000000 UTC,26650,28.8214,28.3106
16111,29093,2016-02-09 10:40:00.000000 UTC,51490,28.8218,29.3372
29093,16111,2016-02-04 05:05:00.000000 UTC,13870,28.822,29.7524
29093,28255,2016-02-05 22:50:00.000000 UTC,52630,28.822,29.4953
29093,16111,2016-02-02 15:45:00.000000 UTC,47950,28.8221,29.1363
39261,16111,2016-02-13 00:46:40.000000 UTC,26530,28.8221,28.7037
39261,29093,2016-02-12 23:55:00.000000 UTC,31930,28.8222,29.3904
39261,29093,2016-02-16 14:10:00.000000 UTC,40630,28.8231,30.2924
28255,29093,2016-02-21 15:55:00.000000 UTC,21610,28.8232,29.1858
39261,16111,2016-02-12 12:00:00.000000 UTC,47230,28.8233,30.4201
16111,28255,2016-02-07 05:35:00.000000 UTC,16210,28.8235,28.8825
28255,16111,2016-02-18 20:05:00.000000 UTC,1810,28.824,24.5007
16111,28255,2016-02-07 01:10:00.000000 UTC,59410,28.8245,29.1966
28255,39261,2016-02-18 20:05:00.000000 UTC,4090,28.8247,28.8244
16111,28255,2016-02-08 06:20:00.000000 UTC,40570,28.8249,30.1444
28255,29093,2016-02-18 09:15:00.000000 UTC,26470,28.8255,29.8511
29093,16111,2016-02-04 22:31:40.000000 UTC,37210,28.8256,30.4376
28255,29093,2016-02-18 06:40:00.000000 UTC,51190,28.8257,29.2405
28255,16111,2016-02-22 19:45:00.000000 UTC,16210,28.826,28.8016
16111,29093,2016-02-10 04:55:00.000000 UTC,27490,28.8261,30.0196
16111,29093,2016-02-09 20:31:40.000000 UTC,27310,28.8262,29.9689
39261,29093,2016-02-12 12:00:00.000000 UTC,36310,28.8268,29.5719
28255,39261,2016-02-18 14:15:00.000000 UTC,59950,28.8271,30.6012
29093,16111,2016-02-01 03:46:40.000000 UTC,48850,28.8277,29.1057
16111,39261,2016-02-06 19:40:00.000000 UTC,8050,28.8277,26.965
39261,28255,2016-02-12 22:16:40.000000 UTC,58270,28.8277,29.4777
39261,29093,2016-02-13 18:20:00.000000 UTC,33250,28.8278,29.5793
28255,29093,2016-02-20 09:01:40.000000 UTC,16330,28.8278,28.9804
29093,39261,2016-02-06 06:40:00.000000 UTC,25570,28.828,29.727
29093,39261,2016-02-02 17:15:00.000000 UTC,47290,28.8283,30.1056
28255,16111,2016-02-22 17:16:40.000000 UTC,16930,28.8286,29.2676
39261,29093,2016-02-16 09:31:40.000000 UTC,23710,28.829,29.6881
16111,29093,2016-02-07 23:31:40.000000 UTC,8290,28.8293,27.532
39261,29093,2016-02-12 16:50:00.000000 UTC,28450,28.8296,30.1309
28255,39261,2016-02-22 10:01:40.000000 UTC,5650,28.8299,27.3348
16111,29093,2016-02-07 07:16:40.000000 UTC,53410,28.8302,29.5487
29093,16111,2016-02-01 02:31:40.000000 UTC,21310,28.8305,29.5752
28255,29093,2016-02-18 09:46:40.000000 UTC,26530,28.8311,29.9466
29093,16111,2016-02-06 06:40:00.000000 UTC,35530,28.8312,30.6466
28255,29093,2016-02-18 06:01:40.000000 UTC,3310,28.8312,28.7789
28255,29093,2016-02-19 06:46:40.000000 UTC,15910,28.8314,28.8329
29093,39261,2016-02-01 04:15:00.000000 UTC,48490,28.8315,30.1391
16111,28255,2016-02-09 22:35:00.000000 UTC,34150,28.8318,28.751
28255,39261,2016-02-20 00:50:00.000000 UTC,31210,28.8318,29.8701
29093,28255,2016-02-01 18:30:00.000000 UTC,29650,28.8322,29.6377
28255,39261,2016-02-19 17:20:00.000000 UTC,14710,28.8325,27.8062
29093,28255,2016-02-02 04:45:00.000000 UTC,51730,28.8327,29.1062
28255,16111,2016-02-18 05:30:00.000000 UTC,4630,28.8327,27.0259
29093,28255,2016-02-02 23:31:40.000000 UTC,58990,28.8332,29.0452
16111,39261,2016-02-09 14:31:40.000000 UTC,24610,28.8333,30.114
28255,39261,2016-02-22 07:40:00.000000 UTC,5410,28.8333,27.6735
16111,28255,2016-02-09 10:40:00.000000 UTC,3910,28.8338,28.8959
16111,28255,2016-02-07 01:50:00.000000 UTC,23890,28.8341,28.2687
16111,29093,2016-02-08 20:20:00.000000 UTC,49270,28.8342,30.7183
16111,39261,2016-02-08 23:45:00.000000 UTC,52330,28.8342,29.4336
28255,29093,2016-02-18 05:45:00.000000 UTC,43690,28.8342,29.6998
28255,16111,2016-02-18 13:31:40.000000 UTC,51130,28.8344,30.9255
28255,16111,2016-02-23 19:15:00.000000 UTC,39670,28.8346,30.3315
29093,39261,2016-02-04 11:25:00.000000 UTC,38650,28.8348,30.135
28255,39261,2016-02-19 05:35:00.000000 UTC,42130,28.8348,29.5179
29093,39261,2016-02-05 07:55:00.000000 UTC,57910,28.8349,29.0208
29093,39261,2016-02-03 23:00:00.000000 UTC,55510,28.8368,29.0038
39261,16111,2016-02-18 01:45:00.000000 UTC,22930,28.8372,29.5192
28255,29093,2016-02-22 17:16:40.000000 UTC,58090,28.8372,29.2423
39261,16111,2016-02-15 08:01:40.000000 UTC,40450,28.8376,30.0258
16111,28255,2016-02-10 20:40:00.000000 UTC,38890,28.8378,29.8674
39261,29093,2016-02-16 00:35:00.000000 UTC,59710,28.8379,30.4793
39261,16111,2016-02-12 23:55:00.000000 UTC,23650,28.8382,28.0037
39261,16111,2016-02-14 04:15:00.000000 UTC,58990,28.8382,30.6889
39261,16111,2016-02-13 13:16:40.000000 UTC,40570,28.8385,30.1915
39261,16111,2016-02-13 04:30:00.000000 UTC,59710,28.8391,30.7932
28255,16111,2016-02-19 01:05:00.000000 UTC,26050,28.8393,29.996
39261,16111,2016-02-13 15:45:00.000000 UTC,51250,28.8394,30.7136
29093,16111,2016-02-01 01:00:00.000000 UTC,21490,28.8396,29.8627
29093,39261,2016-02-04 18:00:00.000000 UTC,3070,28.8403,28.7802
28255,39261,2016-02-18 07:25:00.000000 UTC,35470,28.8403,29.7387
39261,29093,2016-02-12 23:55:00.000000 UTC,37630,28.841,29.6946
29093,39261,2016-02-06 01:25:00.000000 UTC,36430,28.8412,30.0383
39261,28255,2016-02-13 21:01:40.000000 UTC,51730,28.8412,29.9488
16111,29093,2016-02-08 04:55:00.000000 UTC,26650,28.8418,30.5831
28255,39261,2016-02-20 12:30:00.000000 UTC,31630,28.8419,29.789
29093,16111,2016-02-01 17:30:00.000000 UTC,49030,28.8424,30.4303
28255,39261,2016-02-19 00:01:40.000000 UTC,35890,28.8426,29.3605
28255,29093,2016-02-23 19:15:00.000000 UTC,22990,28.8426,29.9637
28255,39261,2016-02-20 19:46:40.000000 UTC,37690,28.8427,29.2974
16111,39261,2016-02-07 04:00:00.000000 UTC,43870,28.8432,29.6024
39261,29093,2016-02-12 11:16:40.000000 UTC,23410,28.8432,28.8436
28255,39261,2016-02-20 07:20:00.000000 UTC,18670,28.8432,28.2953
39261,29093,2016-02-12 11:35:00.000000 UTC,23650,28.8442,29.7283
39261,16111,2016-02-12 16:16:40.000000 UTC,29110,28.8443,29.5858
16111,29093,2016-02-08 17:01:40.000000 UTC,14950,28.8445,29.2174
39261,16111,2016-02-13 10:55:00.000000 UTC,46810,28.845,30.3859
28255,29093,2016-02-18 07:50:00.000000 UTC,23110,28.8451,27.751
29093,16111,2016-02-05 05:31:40.000000 UTC,12730,28.8453,28.0995
28255,16111,2016-02-18 15:46:40.000000 UTC,57850,28.8455,28.8986
28255,16111,2016-02-18 07:25:00.000000 UTC,47890,28.8458,30.1973
16111,28255,2016-02-06 20:25:00.000000 UTC,52330,28.8459,29.0248
16111,39261,2016-02-07 08:10:00.000000 UTC,59290,28.846,29.3553
39261,16111,2016-02-12 20:45:00.000000 UTC,57850,28.8465,29.1846
16111,29093,2016-02-06 17:30:00.000000 UTC,7330,28.8467,26.5904
16111,39261,2016-02-06 17:55:00.000000 UTC,35230,28.8468,29.8197
28255,29093,2016-02-19 18:46:40.000000 UTC,30670,28.8469,29.1584
39261,29093,2016-02-15 18:10:00.000000 UTC,15490,28.8472,28.1197
28255,39261,2016-02-19 15:55:00.000000 UTC,30490,28.8476,29.3203
16111,39261,2016-02-10 20:40:00.000000 UTC,1690,28.8477,26.1853
39261,29093,2016-02-12 23:55:00.000000 UTC,26770,28.8485,30.0328
28255,16111,2016-02-23 19:15:00.000000 UTC,28330,28.8485,29.9323
28255,29093,2016-02-18 18:16:40.000000 UTC,18130,28.8486,27.6914
16111,29093,2016-02-06 21:45:00.000000 UTC,25330,28.8489,29.6846
16111,39261,2016-02-08 06:20:00.000000 UTC,57790,28.8491,30.744
29093,39261,2016-02-05 12:46:40.000000 UTC,20770,28.8492,29.4512
29093,28255,2016-02-03 09:46:40.000000 UTC,25330,28.8493,27.9812
28255,39261,2016-02-22 00:45:00.000000 UTC,26710,28.8493,28.8771
39261,29093,2016-02-15 22:25:00.000000 UTC,32050,28.8497,29.554
16111,39261,2016-02-08 23:45:00.000000 UTC,26470,28.8502,29.8401
28255,29093,2016-02-20 04:01:40.000000 UTC,35890,28.8503,29.9287
39261,29093,2016-02-17 09:50:00.000000 UTC,40570,28.8514,30.0824
29093,16111,2016-02-01 01:15:00.000000 UTC,15730,28.8515,29.5272
39261,28255,2016-02-13 09:46:40.000000 UTC,18130,28.8518,28.8806
28255,16111,2016-02-18 23:00:00.000000 UTC,31990,28.8521,29.8503
39261,29093,2016-02-12 13:10:00.000000 UTC,28870,28.8528,29.5882
28255,29093,2016-02-21 01:31:40.000000 UTC,18610,28.8528,28.5606
28255,16111,2016-02-18 15:46:40.000000 UTC,57790,28.8529,29.0672
16111,29093,2016-02-07 14:05:00.000000 UTC,2470,28.8537,28.3777
39261,28255,2016-02-13 13:16:40.000000 UTC,35710,28.8537,29.1369
16111,29093,2016-02-09 20:31:40.000000 UTC,15850,28.8538,29.7178
16111,28255,2016-02-07 07:16:40.000000 UTC,3730,28.8539,28.8782
29093,16111,2016-02-02 20:20:00.000000 UTC,42190,28.8541,28.8365
29093,39261,2016-02-02 21:55:00.000000 UTC,16390,28.8545,28.9888
39261,16111,2016-02-12 17:25:00.000000 UTC,23110,28.8545,29.4975
28255,29093,2016-02-19 18:46:40.000000 UTC,43510,28.8545,29.9584
29093,39261,2016-02-01 23:55:00.000000 UTC,16930,28.8546,29.3399
39261,28255,2016-02-12 15:45:00.000000 UTC,34810,28.8556,29.0822
28255,29093,2016-02-20 05:40:00.000000 UTC,40090,28.8558,30.1977
29093,16111,2016-02-05 07:55:00.000000 UTC,12730,28.8559,28.4613
29093,39261,2016-02-03 19:05:00.000000 UTC,3250,28.8561,28.8304
28255,29093,2016-02-20 10:45:00.000000 UTC,15910,28.8563,28.733
39261,16111,2016-02-12 15:45:00.000000 UTC,59110,28.8565,29.3564
29093,16111,2016-02-01 02:31:40.000000 UTC,3310,28.8566,28.5416
28255,39261,2016-02-19 06:46:40.000000 UTC,30010,28.8566,29.1585
16111,39261,2016-02-08 20:20:00.000000 UTC,43570,28.8567,30.1996
29093,16111,2016-02-04 13:35:00.000000 UTC,13510,28.8571,29.2082
28255,16111,2016-02-19 00:01:40.000000 UTC,20230,28.8572,29.2447
29093,16111,2016-02-01 04:45:00.000000 UTC,21490,28.8573,30.0564
39261,29093,2016-02-12 12:15:00.000000 UTC,53590,28.8575,29.1436
16111,39261,2016-02-07 02:31:40.000000 UTC,51730,28.8577,29.0777
29093,39261,2016-02-01 03:46:40.000000 UTC,56350,28.8578,29.1817
16111,39261,2016-02-11 06:16:40.000000 UTC,1810,28.8578,29.0356
29093,16111,2016-02-02 03:30:00.000000 UTC,15070,28.8582,29.602
39261,16111,2016-02-12 14:46:40.000000 UTC,53830,28.8585,29.0809
28255,29093,2016-02-23 16:31:40.000000 UTC,23110,28.859,29.0385
29093,16111,2016-02-03 04:31:40.000000 UTC,25810,28.8593,29.8766
16111,29093,2016-02-06 21:45:00.000000 UTC,19690,28.8601,29.6793
39261,29093,2016-02-12 19:20:00.000000 UTC,27610,28.8602,29.8943
28255,29093,2016-02-18 04:55:00.000000 UTC,44410,28.8603,30.491
29093,28255,2016-02-02 07:20:00.000000 UTC,45670,28.8605,30.1968
28255,29093,2016-02-22 22:15:00.000000 UTC,27070,28.8608,29.7177
29093,28255,2016-02-02 20:20:00.000000 UTC,3790,28.8615,28.893
39261,28255,2016-02-17 20:20:00.000000 UTC,41470,28.8617,29.172
29093,28255,2016-02-01 05:50:00.000000 UTC,20590,28.8618,28.695
16111,39261,2016-02-10 20:40:00.000000 UTC,20530,28.8619,28.7605
28255,39261,2016-02-22 00:45:00.000000 UTC,50830,28.862,29.3728
16111,39261,2016-02-09 14:31:40.000000 UTC,56530,28.8621,29.4857
28255,16111,2016-02-18 04:30:00.000000 UTC,30010,28.8625,28.7801
29093,39261,2016-02-01 07:40:00.000000 UTC,57430,28.8632,28.919
16111,39261,2016-02-08 12:16:40.000000 UTC,22930,28.8634,29.5601
29093,39261,2016-02-04 11:25:00.000000 UTC,44710,28.8636,30.3908
39261,16111,2016-02-13 17:01:40.000000 UTC,46210,28.8638,30.4055
16111,28255,2016-02-08 23:45:00.000000 UTC,52450,28.864,29.4488
16111,39261,2016-02-09 22:35:00.000000 UTC,57130,28.8641,30.7205
16111,28255,2016-02-09 16:30:00.000000 UTC,48310,28.8642,29.6277
28255,29093,2016-02-18 06:01:40.000000 UTC,1270,28.865,28.8852
16111,29093,2016-02-07 08:10:00.000000 UTC,25870,28.8652,30.1097
28255,39261,2016-02-18 05:45:00.000000 UTC,36490,28.8652,29.6078
28255,29093,2016-02-21 18:05:00.000000 UTC,34150,28.8652,29.5769
28255,39261,2016-02-21 05:30:00.000000 UTC,31930,28.8653,28.8886
28255,29093,2016-02-19 03:16:40.000000 UTC,22390,28.8659,29.2105
39261,16111,2016-02-12 21:30:00.000000 UTC,51910,28.8661,29.4265
28255,39261,2016-02-21 18:05:00.000000 UTC,34270,28.8661,29.2801
28255,39261,2016-02-21 01:31:40.000000 UTC,21970,28.8662,28.2904
28255,39261,2016-02-18 07:25:00.000000 UTC,53050,28.8676,29.4243
29093,39261,2016-02-01 16:31:40.000000 UTC,20890,28.868,28.5991
39261,28255,2016-02-15 02:16:40.000000 UTC,10810,28.8682,27.9876
28255,29093,2016-02-18 06:40:00.000000 UTC,26770,28.8684,29.5324
16111,39261,2016-02-06 20:25:00.000000 UTC,4090,28.8688,28.9636
28255,29093,2016-02-18 11:31:40.000000 UTC,44110,28.8691,30.0357
28255,16111,2016-02-19 17:20:00.000000 UTC,27370,28.8692,28.9129
16111,28255,2016-02-06 18:45:00.000000 UTC,4690,28.8694,27.2408
39261,29093,2016-02-13 22:25:00.000000 UTC,55150,28.8695,30.9772
29093,16111,2016-02-02 12:50:00.000000 UTC,14770,28.8697,29.4562
16111,39261,2016-02-07 02:31:40.000000 UTC,25390,28.8706,29.277
28255,16111,2016-02-18 15:00:00.000000 UTC,22390,28.8715,29.6564
29093,16111,2016-02-05 12:46:40.000000 UTC,4330,28.8717,27.7556
29093,16111,2016-02-01 02:10:00.000000 UTC,15670,28.8725,29.66
29093,28255,2016-02-05 10:20:00.000000 UTC,55990,28.8727,29.4988
39261,28255,2016-02-13 06:31:40.000000 UTC,52510,28.8727,30.3642
29093,16111,2016-02-04 11:25:00.000000 UTC,30430,28.8729,29.5913
16111,39261,2016-02-07 22:15:00.000000 UTC,50710,28.8729,30.218
39261,16111,2016-02-13 22:25:00.000000 UTC,55150,28.8737,30.9185
29093,28255,2016-02-05 00:50:00.000000 UTC,21850,28.8739,28.6814
29093,16111,2016-02-02 14:16:40.000000 UTC,25690,28.874,28.8151
28255,39261,2016-02-18 06:40:00.000000 UTC,30730,28.8742,29.2376
39261,16111,2016-02-16 21:20:00.000000 UTC,30670,28.8743,29.8286
28255,39261,2016-02-18 13:31:40.000000 UTC,3970,28.8744,28.8769
28255,39261,2016-02-20 04:01:40.000000 UTC,49150,28.8744,29.7869
16111,29093,2016-02-10 16:01:40.000000 UTC,10390,28.8746,29.2598
29093,39261,2016-02-01 18:30:00.000000 UTC,52210,28.8755,30.3499
16111,39261,2016-02-11 11:15:00.000000 UTC,49030,28.8756,29.8182
39261,29093,2016-02-12 14:46:40.000000 UTC,46810,28.8759,30.0555
39261,28255,2016-02-17 04:45:00.000000 UTC,14650,28.876,27.9282
28255,16111,2016-02-19 02:10:00.000000 UTC,20470,28.8765,30.2085
29093,39261,2016-02-02 20:20:00.000000 UTC,21970,28.8767,28.7758
28255,29093,2016-02-18 05:30:00.000000 UTC,49510,28.877,30.1916
29093,39261,2016-02-01 12:55:00.000000 UTC,26050,28.8772,28.7855
16111,39261,2016-02-07 13:01:40.000000 UTC,58870,28.8774,30.7053
16111,29093,2016-02-10 04:55:00.000000 UTC,16090,28.8778,29.8744
39261,28255,2016-02-13 07:35:00.000000 UTC,35950,28.878,29.1327
16111,29093,2016-02-11 13:46:40.000000 UTC,22510,28.8782,29.5877
39261,16111,2016-02-12 18:01:40.000000 UTC,22930,28.8785,29.3578
39261,16111,2016-02-12 22:16:40.000000 UTC,51550,28.8788,29.777
28255,29093,2016-02-23 13:50:00.000000 UTC,23830,28.879,29.4903
29093,39261,2016-02-01 09:01:40.000000 UTC,9670,28.8792,27.9342
16111,29093,2016-02-06 20:25:00.000000 UTC,44290,28.8794,29.1028
28255,29093,2016-02-19 03:16:40.000000 UTC,39610,28.8794,29.9681
29093,16111,2016-02-01 02:31:40.000000 UTC,1750,28.8796,26.8374
39261,28255,2016-02-15 00:25:00.000000 UTC,56710,28.8798,30.4803
28255,16111,2016-02-19 10:31:40.000000 UTC,46150,28.8799,30.3182
29093,39261,2016-02-02 21:55:00.000000 UTC,34630,28.8804,29.1816
16111,39261,2016-02-06 21:16:40.000000 UTC,49750,28.8804,30.0202
28255,16111,2016-02-18 12:10:00.000000 UTC,23170,28.8805,29.9868
16111,29093,2016-02-06 17:30:00.000000 UTC,10690,28.8807,27.9876
39261,28255,2016-02-17 17:40:00.000000 UTC,53830,28.8808,30.1992
28255,16111,2016-02-18 04:30:00.000000 UTC,35890,28.881,29.5985
29093,39261,2016-02-04 18:00:00.000000 UTC,53770,28.8813,30.1524
29093,39261,2016-02-05 20:16:40.000000 UTC,54910,28.8814,29.281
28255,29093,2016-02-18 08:16:40.000000 UTC,50770,28.8817,29.4675
16111,28255,2016-02-08 03:31:40.000000 UTC,53890,28.8823,28.749
29093,28255,2016-02-04 22:31:40.000000 UTC,53530,28.8824,29.4442
16111,29093,2016-02-06 23:55:00.000000 UTC,13630,28.8826,28.4409
16111,29093,2016-02-08 03:31:40.000000 UTC,43570,28.8832,31.1312
29093,16111,2016-02-05 10:20:00.000000 UTC,12430,28.8833,27.4879
29093,39261,2016-02-05 20:16:40.000000 UTC,16270,28.8833,28.9232
29093,39261,2016-02-01 00:25:00.000000 UTC,16810,28.8835,28.9976
16111,39261,2016-02-10 20:40:00.000000 UTC,50950,28.8837,29.857
16111,39261,2016-02-06 20:01:40.000000 UTC,42070,28.8849,30.3569
29093,39261,2016-02-02 15:45:00.000000 UTC,2530,28.8852,28.6751
29093,28255,2016-02-01 03:20:00.000000 UTC,20950,28.8854,30.2243
39261,28255,2016-02-12 22:16:40.000000 UTC,42010,28.8855,29.7594
29093,28255,2016-02-02 15:45:00.000000 UTC,21370,28.8856,27.5164
16111,28255,2016-02-07 23:31:40.000000 UTC,14230,28.8856,27.9729
28255,29093,2016-02-19 04:25:00.000000 UTC,22270,28.8857,29.3908
39261,28255,2016-02-13 21:01:40.000000 UTC,41290,28.8859,29.3555
16111,39261,2016-02-10 23:01:40.000000 UTC,28030,28.8861,30.1654
28255,16111,2016-02-18 19:10:00.000000 UTC,43990,28.8863,30.2257
29093,39261,2016-02-01 07:40:00.000000 UTC,57370,28.8865,29.0701
39261,28255,2016-02-12 11:46:40.000000 UTC,35110,28.887,29.2393
28255,29093,2016-02-22 14:50:00.000000 UTC,22690,28.8873,29.2313
28255,16111,2016-02-18 05:05:00.000000 UTC,4630,28.8879,27.3622
39261,29093,2016-02-13 08:40:00.000000 UTC,24250,28.8882,29.7735
16111,28255,2016-02-11 21:31:40.000000 UTC,25210,28.8885,29.1534
29093,16111,2016-02-01 03:20:00.000000 UTC,45550,28.8888,29.8748
16111,28255,2016-02-06 21:45:00.000000 UTC,56530,28.8896,30.3545
39261,29093,2016-02-14 02:45:00.000000 UTC,25270,28.8899,28.867
28255,29093,2016-02-19 04:25:00.000000 UTC,4030,28.89,28.9121
28255,16111,2016-02-23 16:31:40.000000 UTC,23050,28.8902,29.4971
16111,39261,2016-02-12 02:50:00.000000 UTC,16990,28.8904,28.9874
16111,28255,2016-02-08 22:01:40.000000 UTC,4990,28.8905,27.2277
16111,28255,2016-02-07 19:46:40.000000 UTC,57910,28.8908,29.0863
28255,39261,2016-02-21 01:31:40.000000 UTC,33670,28.8909,29.0934
39261,16111,2016-02-14 10:31:40.000000 UTC,58870,28.8911,29.7256
16111,29093,2016-02-09 01:30:00.000000 UTC,15250,28.8912,29.4987
28255,39261,2016-02-20 19:46:40.000000 UTC,43390,28.8912,28.8068
16111,28255,2016-02-07 06:25:00.000000 UTC,54790,28.8914,28.8187
16111,39261,2016-02-11 01:25:00.000000 UTC,1030,28.8917,28.8521
16111,39261,2016-02-08 20:20:00.000000 UTC,24610,28.892,27.8737
29093,16111,2016-02-04 11:25:00.000000 UTC,13450,28.8921,29.1108
39261,16111,2016-02-12 20:45:00.000000 UTC,51910,28.8925,29.8916
16111,28255,2016-02-11 11:15:00.000000 UTC,16510,28.8932,28.782
28255,16111,2016-02-23 00:46:40.000000 UTC,37630,28.8935,29.2333
29093,16111,2016-02-04 03:01:40.000000 UTC,42490,28.8936,31.0064
29093,16111,2016-02-03 02:50:00.000000 UTC,790,28.8939,28.9609
28255,39261,2016-02-20 02:25:00.000000 UTC,42550,28.894,28.5274
29093,16111,2016-02-02 02:16:40.000000 UTC,45310,28.8945,28.9152
28255,39261,2016-02-23 22:00:00.000000 UTC,52990,28.8947,29.8675
28255,16111,2016-02-22 17:16:40.000000 UTC,45370,28.8948,30.4137
28255,39261,2016-02-22 17:16:40.000000 UTC,27070,28.895,28.0806
16111,28255,2016-02-10 04:55:00.000000 UTC,45790,28.8957,30.4635
28255,39261,2016-02-18 04:40:00.000000 UTC,41050,28.8962,29.4595
29093,28255,2016-02-05 22:50:00.000000 UTC,2530,28.8963,28.71
16111,39261,2016-02-12 08:15:00.000000 UTC,31390,28.8964,29.9952
39261,28255,2016-02-12 11:25:00.000000 UTC,18970,28.8964,29.1254
39261,28255,2016-02-14 02:45:00.000000 UTC,3070,28.8968,28.8578
28255,39261,2016-02-18 04:31:40.000000 UTC,53230,28.897,30.0184
39261,29093,2016-02-12 14:20:00.000000 UTC,34390,28.8972,29.8373
28255,16111,2016-02-18 11:31:40.000000 UTC,51070,28.8974,30.0053
28255,16111,2016-02-18 08:16:40.000000 UTC,36310,28.8975,30.0615
29093,28255,2016-02-06 01:25:00.000000 UTC,45490,28.8978,30.2252
39261,16111,2016-02-15 00:25:00.000000 UTC,42670,28.8978,30.5053
28255,16111,2016-02-18 17:25:00.000000 UTC,27370,28.8979,29.4289
29093,39261,2016-02-02 15:45:00.000000 UTC,59650,28.8982,28.911
39261,16111,2016-02-13 14:30:00.000000 UTC,28870,28.8987,29.6246
29093,39261,2016-02-05 05:31:40.000000 UTC,57250,28.8998,29.0675
39261,29093,2016-02-14 10:31:40.000000 UTC,23590,28.8998,29.5232
16111,39261,2016-02-06 18:45:00.000000 UTC,22990,28.9003,28.929
16111,28255,2016-02-10 04:55:00.000000 UTC,21370,28.9003,29.0217
29093,28255,2016-02-02 08:40:00.000000 UTC,52150,28.9004,29.8757
29093,16111,2016-02-01 07:01:40.000000 UTC,56830,28.901,29.6754
16111,39261,2016-02-09 18:30:00.000000 UTC,25570,28.9011,29.5524
39261,16111,2016-02-17 12:25:00.000000 UTC,11470,28.9011,29.2165
29093,28255,2016-02-01 04:45:00.000000 UTC,5230,28.9013,27.921
39261,16111,2016-02-13 07:35:00.000000 UTC,5050,28.9014,27.5083
39261,28255,2016-02-12 22:16:40.000000 UTC,52330,28.9021,29.4001
29093,28255,2016-02-03 15:16:40.000000 UTC,58990,28.9023,29.2677
29093,28255,2016-02-03 15:16:40.000000 UTC,5830,28.9027,27.4354
39261,28255,2016-02-17 23:01:40.000000 UTC,1930,28.903,29.0359
29093,16111,2016-02-01 15:35:00.000000 UTC,21010,28.9036,29.5753
39261,29093,2016-02-12 13:10:00.000000 UTC,51790,28.9037,30.7727
39261,28255,2016-02-14 13:50:00.000000 UTC,2830,28.9038,28.8381
39261,28255,2016-02-12 16:16:40.000000 UTC,13450,28.9045,27.3562
28255,39261,2016-02-21 22:30:00.000000 UTC,10750,28.9046,28.4318
28255,29093,2016-02-19 10:31:40.000000 UTC,43870,28.9054,30.1086
28255,29093,2016-02-18 06:40:00.000000 UTC,56950,28.9062,29.0168
39261,28255,2016-02-14 05:46:40.000000 UTC,27730,28.9064,29.7202
28255,29093,2016-02-21 13:46:40.000000 UTC,33370,28.9066,29.2349
28255,16111,2016-02-18 19:10:00.000000 UTC,49810,28.9067,30.7563
29093,28255,2016-02-03 13:25:00.000000 UTC,20530,28.9068,29.2051
39261,28255,2016-02-17 20:20:00.000000 UTC,25990,28.9068,27.6942
29093,39261,2016-02-01 22:46:40.000000 UTC,31390,28.9074,27.6537
16111,29093,2016-02-07 04:46:40.000000 UTC,19570,28.9074,28.9231
16111,28255,2016-02-07 05:35:00.000000 UTC,22570,28.9075,29.6629
16111,28255,2016-02-07 01:10:00.000000 UTC,14770,28.9078,27.6301
16111,28255,2016-02-07 22:15:00.000000 UTC,14290,28.9081,28.9599
29093,28255,2016-02-01 04:15:00.000000 UTC,26470,28.9084,29.2334
28255,39261,2016-02-22 03:01:40.000000 UTC,11170,28.9088,27.7803
28255,16111,2016-02-20 12:30:00.000000 UTC,23350,28.909,29.6198
28255,39261,2016-02-18 06:20:00.000000 UTC,54490,28.9091,30.2233
16111,39261,2016-02-10 11:30:00.000000 UTC,24430,28.9092,29.9342
39261,29093,2016-02-16 02:46:40.000000 UTC,53350,28.9093,29.8535
28255,39261,2016-02-18 04:46:40.000000 UTC,28570,28.9096,28.3727
16111,39261,2016-02-08 06:20:00.000000 UTC,27610,28.9099,29.9399
16111,28255,2016-02-11 01:25:00.000000 UTC,45910,28.9102,30.1886
16111,28255,2016-02-06 20:01:40.000000 UTC,32830,28.9103,30.295
39261,28255,2016-02-14 12:10:00.000000 UTC,32830,28.9103,28.6948
29093,39261,2016-02-01 07:40:00.000000 UTC,57310,28.9106,29.2163
16111,28255,2016-02-07 23:31:40.000000 UTC,32770,28.911,29.533
28255,29093,2016-02-20 19:46:40.000000 UTC,31870,28.9114,29.9239
28255,39261,2016-02-21 15:55:00.000000 UTC,44890,28.9126,29.9991
28255,16111,2016-02-19 10:31:40.000000 UTC,46210,28.9131,30.4208
16111,29093,2016-02-11 08:45:00.000000 UTC,56350,28.9133,30.6291
28255,39261,2016-02-18 14:15:00.000000 UTC,4030,28.9133,28.904
29093,28255,2016-02-06 04:01:40.000000 UTC,3190,28.9134,28.8894
39261,29093,2016-02-17 02:15:00.000000 UTC,5110,28.9144,27.5616
39261,16111,2016-02-15 16:05:00.000000 UTC,33610,28.915,30.1642
28255,29093,2016-02-22 07:40:00.000000 UTC,41230,28.915,29.854
29093,28255,2016-02-01 18:30:00.000000 UTC,35650,28.9151,29.663
16111,28255,2016-02-06 17:35:00.000000 UTC,25690,28.9151,29.5093
39261,16111,2016-02-13 06:31:40.000000 UTC,13870,28.9151,28.8751
39261,28255,2016-02-15 00:25:00.000000 UTC,5110,28.9154,27.4931
39261,16111,2016-02-16 02:46:40.000000 UTC,46810,28.9154,30.4558
28255,29093,2016-02-18 06:01:40.000000 UTC,17350,28.9154,29.1485
28255,16111,2016-02-18 20:05:00.000000 UTC,27070,28.9155,29.9228
39261,28255,2016-02-12 11:35:00.000000 UTC,4090,28.9158,28.943
16111,29093,2016-02-10 04:55:00.000000 UTC,16030,28.916,29.7314
28255,16111,2016-02-20 14:16:40.000000 UTC,23110,28.9163,29.8987
29093,28255,2016-02-05 07:55:00.000000 UTC,55570,28.9166,29.3373
29093,16111,2016-02-01 12:55:00.000000 UTC,1330,28.9172,28.9926
39261,28255,2016-02-13 00:46:40.000000 UTC,58210,28.9175,29.4615
29093,39261,2016-02-01 16:31:40.000000 UTC,5650,28.9179,27.9324
29093,28255,2016-02-06 17:30:00.000000 UTC,56830,28.9186,28.9119
16111,29093,2016-02-09 03:16:40.000000 UTC,26770,28.9188,29.7984
16111,28255,2016-02-06 18:45:00.000000 UTC,10750,28.9192,26.7651
29093,28255,2016-02-01 03:20:00.000000 UTC,1570,28.9193,26.6358
16111,39261,2016-02-08 10:45:00.000000 UTC,22390,28.9195,29.3218
29093,16111,2016-02-01 12:05:00.000000 UTC,6910,28.9198,27.1885
28255,29093,2016-02-20 23:35:00.000000 UTC,25270,28.9198,29.9169
28255,16111,2016-02-18 11:31:40.000000 UTC,45190,28.92,29.1847
39261,28255,2016-02-12 23:55:00.000000 UTC,36130,28.9201,29.3824
28255,39261,2016-02-22 12:25:00.000000 UTC,5710,28.9201,27.455
39261,29093,2016-02-18 04:30:00.000000 UTC,7390,28.9202,28.5418
39261,16111,2016-02-16 11:50:00.000000 UTC,57310,28.9204,29.1532
28255,29093,2016-02-20 04:01:40.000000 UTC,17410,28.9204,29.2786
28255,16111,2016-02-20 19:46:40.000000 UTC,7450,28.9214,26.8538
16111,39261,2016-02-06 21:45:00.000000 UTC,36670,28.9222,30.2904
28255,29093,2016-02-20 19:46:40.000000 UTC,27130,28.9224,29.8659
28255,16111,2016-02-20 12:30:00.000000 UTC,23410,28.9225,29.7398
16111,29093,2016-02-10 00:40:00.000000 UTC,39010,28.9226,30.7862
39261,28255,2016-02-13 23:50:00.000000 UTC,850,28.923,28.8685
28255,39261,2016-02-23 03:20:00.000000 UTC,4810,28.9233,28.6205
39261,29093,2016-02-13 03:31:40.000000 UTC,31390,28.9235,29.922
29093,39261,2016-02-05 10:20:00.000000 UTC,4510,28.9237,27.6046
16111,39261,2016-02-06 19:20:00.000000 UTC,47770,28.9245,30.3651
39261,28255,2016-02-15 14:01:40.000000 UTC,14350,28.9246,29.5945
28255,39261,2016-02-23 00:46:40.000000 UTC,40510,28.9247,30.0846
39261,29093,2016-02-12 11:10:00.000000 UTC,23710,28.9248,29.6819
28255,29093,2016-02-22 05:20:00.000000 UTC,26710,28.9248,28.6887
28255,39261,2016-02-23 19:15:00.000000 UTC,34810,28.9248,29.3467
29093,16111,2016-02-01 13:46:40.000000 UTC,45550,28.9251,29.1435
16111,29093,2016-02-06 18:05:00.000000 UTC,44230,28.9252,29.1963
39261,28255,2016-02-13 22:25:00.000000 UTC,29410,28.9262,29.0552
28255,16111,2016-02-23 13:50:00.000000 UTC,9370,28.9267,27.1778
28255,29093,2016-02-23 08:31:40.000000 UTC,15670,28.9271,28.5688
29093,28255,2016-02-03 19:05:00.000000 UTC,53590,28.9273,29.607
29093,28255,2016-02-02 03:30:00.000000 UTC,21430,28.9278,29.1476
29093,28255,2016-02-02 17:15:00.000000 UTC,54370,28.9279,29.1427
28255,39261,2016-02-18 04:30:00.000000 UTC,59290,28.9283,30.2052
28255,39261,2016-02-19 06:46:40.000000 UTC,2050,28.9293,29.0816
16111,39261,2016-02-10 04:55:00.000000 UTC,52870,28.9298,30.5705
28255,16111,2016-02-20 04:01:40.000000 UTC,25210,28.9302,29.354
16111,28255,2016-02-07 23:31:40.000000 UTC,20590,28.9303,29.0268
29093,39261,2016-02-02 18:46:40.000000 UTC,21850,28.9305,29.3852
39261,29093,2016-02-17 02:15:00.000000 UTC,53950,28.9309,30.8934
29093,39261,2016-02-02 02:16:40.000000 UTC,23650,28.931,29.2212
16111,28255,2016-02-12 08:15:00.000000 UTC,34030,28.9315,29.7986
28255,39261,2016-02-18 05:16:40.000000 UTC,25690,28.9317,26.2757
16111,39261,2016-02-07 04:00:00.000000 UTC,38170,28.932,30.0085
16111,29093,2016-02-07 09:05:00.000000 UTC,10990,28.932,28.3429
39261,29093,2016-02-14 17:15:00.000000 UTC,45610,28.932,30.55
29093,39261,2016-02-02 15:45:00.000000 UTC,59590,28.9326,29.0632
16111,39261,2016-02-09 03:16:40.000000 UTC,57610,28.9329,30.6298
28255,39261,2016-02-18 13:31:40.000000 UTC,1630,28.933,28.9897
39261,16111,2016-02-13 18:20:00.000000 UTC,34810,28.9333,29.8453
39261,16111,2016-02-15 22:25:00.000000 UTC,42190,28.9334,30.0437
16111,39261,2016-02-08 04:55:00.000000 UTC,45250,28.9337,30.2836
39261,29093,2016-02-12 23:55:00.000000 UTC,26110,28.9337,29.0185
39261,29093,2016-02-14 13:50:00.000000 UTC,41170,28.9339,29.8777
28255,29093,2016-02-19 03:16:40.000000 UTC,16570,28.934,28.8355
29093,16111,2016-02-04 11:25:00.000000 UTC,58810,28.9343,31.2556
28255,39261,2016-02-21 11:40:00.000000 UTC,8350,28.9346,29.3793
39261,29093,2016-02-13 22:25:00.000000 UTC,26950,28.9348,30.0992
28255,39261,2016-02-18 05:30:00.000000 UTC,30190,28.9351,29.8976
16111,28255,2016-02-08 03:31:40.000000 UTC,53590,28.9354,29.4908
28255,16111,2016-02-19 13:10:00.000000 UTC,45130,28.9354,29.3765
29093,16111,2016-02-01 07:40:00.000000 UTC,45730,28.9359,29.078
16111,29093,2016-02-08 22:01:40.000000 UTC,21070,28.9361,30.0538
28255,39261,2016-02-22 05:20:00.000000 UTC,45550,28.9361,30.17
39261,16111,2016-02-12 12:00:00.000000 UTC,4690,28.9362,27.1225
28255,39261,2016-02-18 16:35:00.000000 UTC,47170,28.9362,28.7474
29093,39261,2016-02-03 11:35:00.000000 UTC,4570,28.9366,27.7702
29093,39261,2016-02-02 04:45:00.000000 UTC,24190,28.9367,29.0334
16111,39261,2016-02-10 16:01:40.000000 UTC,43510,28.937,29.4635
39261,29093,2016-02-16 21:20:00.000000 UTC,32470,28.9375,29.9048
28255,29093,2016-02-22 10:01:40.000000 UTC,36970,28.9376,28.9892
39261,28255,2016-02-16 16:31:40.000000 UTC,48730,28.9382,29.7077
29093,16111,2016-02-01 12:05:00.000000 UTC,43810,28.9385,30.5693
29093,39261,2016-02-01 00:35:00.000000 UTC,49030,28.9389,30.0208
28255,16111,2016-02-19 21:45:00.000000 UTC,1270,28.9389,28.9733
28255,39261,2016-02-21 13:46:40.000000 UTC,2290,28.9389,29.1956
28255,39261,2016-02-23 03:20:00.000000 UTC,33610,28.9391,28.2873
16111,28255,2016-02-07 11:00:00.000000 UTC,55750,28.9393,29.1765
39261,29093,2016-02-15 08:01:40.000000 UTC,35530,28.9396,29.8092
29093,39261,2016-02-04 03:01:40.000000 UTC,8530,28.94,27.6159
16111,39261,2016-02-08 03:31:40.000000 UTC,58870,28.9406,29.0623
39261,28255,2016-02-14 19:00:00.000000 UTC,22810,28.9408,28.5572
29093,28255,2016-02-01 13:46:40.000000 UTC,3610,28.9409,28.9307
16111,39261,2016-02-11 06:16:40.000000 UTC,4030,28.9412,28.9931
29093,39261,2016-02-02 02:16:40.000000 UTC,36130,28.9415,29.8544
29093,39261,2016-02-01 03:46:40.000000 UTC,49630,28.9416,30.3892
29093,28255,2016-02-02 15:45:00.000000 UTC,53890,28.9416,29.524
16111,39261,2016-02-06 20:25:00.000000 UTC,56050,28.9416,29.1005
28255,16111,2016-02-20 09:01:40.000000 UTC,12610,28.9418,28.611
16111,28255,2016-02-06 20:25:00.000000 UTC,32170,28.9424,29.2256
29093,28255,2016-02-01 21:40:00.000000 UTC,30130,28.9426,29.1386
16111,29093,2016-02-10 07:05:00.000000 UTC,33310,28.9427,30.1555
16111,28255,2016-02-09 08:46:40.000000 UTC,1510,28.9429,29.0324
29093,39261,2016-02-06 12:01:40.000000 UTC,38590,28.9431,29.3366
39261,29093,2016-02-13 21:01:40.000000 UTC,20710,28.9432,28.1976
29093,39261,2016-02-01 11:16:40.000000 UTC,56410,28.9433,30.691
28255,29093,2016-02-23 19:15:00.000000 UTC,22690,28.9433,29.3787
16111,28255,2016-02-06 17:55:00.000000 UTC,37870,28.9435,30.0717
39261,28255,2016-02-13 13:16:40.000000 UTC,24310,28.9436,27.8759
39261,16111,2016-02-16 23:46:40.000000 UTC,41290,28.9438,30.3017
28255,39261,2016-02-18 13:31:40.000000 UTC,41590,28.9439,29.7239
39261,16111,2016-02-14 02:45:00.000000 UTC,20470,28.9441,30.1201
39261,29093,2016-02-16 09:31:40.000000 UTC,23530,28.9445,29.3256
28255,29093,2016-02-20 05:40:00.000000 UTC,35710,28.9445,29.731
28255,16111,2016-02-21 11:40:00.000000 UTC,30670,28.9446,30.0843
28255,39261,2016-02-21 11:40:00.000000 UTC,26710,28.9454,29.6561
28255,16111,2016-02-20 14:16:40.000000 UTC,22990,28.9455,29.6746
16111,39261,2016-02-07 15:10:00.000000 UTC,48850,28.9456,29.9228
16111,29093,2016-02-06 17:30:00.000000 UTC,49510,28.946,30.0231
16111,39261,2016-02-07 13:01:40.000000 UTC,46810,28.9462,30.4041
16111,28255,2016-02-08 06:20:00.000000 UTC,52570,28.9462,30.6354
28255,29093,2016-02-18 06:40:00.000000 UTC,26950,28.9467,29.8117
16111,28255,2016-02-07 17:25:00.000000 UTC,3850,28.9472,27.9853
39261,28255,2016-02-13 07:35:00.000000 UTC,1210,28.9472,28.9837
39261,29093,2016-02-12 18:01:40.000000 UTC,33430,28.9477,29.6878
16111,29093,2016-02-10 13:45:00.000000 UTC,49810,28.948,29.4025
28255,39261,2016-02-21 11:40:00.000000 UTC,50590,28.948,29.9753
28255,29093,2016-02-19 09:15:00.000000 UTC,57010,28.9487,29.7318
28255,29093,2016-02-18 08:16:40.000000 UTC,43030,28.9488,29.1835
39261,28255,2016-02-12 11:25:00.000000 UTC,4090,28.949,28.9566
39261,28255,2016-02-13 15:45:00.000000 UTC,1030,28.949,28.9058
39261,16111,2016-02-12 11:10:00.000000 UTC,58630,28.9493,30.662
16111,28255,2016-02-09 14:31:40.000000 UTC,49630,28.9496,30.1338
39261,29093,2016-02-13 00:46:40.000000 UTC,42850,28.9499,29.5427
29093,28255,2016-02-01 00:35:00.000000 UTC,55450,28.9505,29.9178
16111,39261,2016-02-09 06:55:00.000000 UTC,35830,28.9515,29.8244
16111,29093,2016-02-09 08:46:40.000000 UTC,45970,28.9516,28.8558
29093,16111,2016-02-01 03:46:40.000000 UTC,45850,28.9518,29.1089
16111,39261,2016-02-07 04:46:40.000000 UTC,32530,28.9521,30.0196
28255,16111,2016-02-18 06:20:00.000000 UTC,15190,28.9521,28.3536
29093,39261,2016-02-04 13:35:00.000000 UTC,57310,28.9523,30.4971
29093,39261,2016-02-01 00:25:00.000000 UTC,59950,28.9526,31.1985
16111,39261,2016-02-11 01:25:00.000000 UTC,58030,28.9528,29.3278
29093,28255,2016-02-02 20:20:00.000000 UTC,35110,28.9533,29.8314
16111,29093,2016-02-10 23:01:40.000000 UTC,55630,28.9535,29.3951
39261,28255,2016-02-18 04:30:00.000000 UTC,35890,28.9536,29.9866
28255,39261,2016-02-20 12:30:00.000000 UTC,3430,28.9536,27.9219
39261,16111,2016-02-14 12:10:00.000000 UTC,28750,28.9539,29.5833
28255,16111,2016-02-18 06:40:00.000000 UTC,35710,28.9539,30.0556
28255,29093,2016-02-18 05:16:40.000000 UTC,49990,28.9543,30.9331
28255,39261,2016-02-19 09:15:00.000000 UTC,4330,28.9548,28.6709
28255,16111,2016-02-23 05:55:00.000000 UTC,42550,28.9553,30.2936
39261,16111,2016-02-13 13:16:40.000000 UTC,36070,28.9554,29.9759
39261,16111,2016-02-14 15:31:40.000000 UTC,57550,28.9558,29.7125
16111,29093,2016-02-06 18:30:00.000000 UTC,7810,28.9562,28.2633
39261,16111,2016-02-12 11:46:40.000000 UTC,7210,28.9563,27.5179
39261,29093,2016-02-13 01:40:00.000000 UTC,31330,28.9563,29.0157
16111,29093,2016-02-07 01:50:00.000000 UTC,19630,28.9565,29.2387
29093,39261,2016-02-05 17:45:00.000000 UTC,40270,28.9567,29.8126
16111,39261,2016-02-07 06:25:00.000000 UTC,58870,28.9569,29.1194
28255,39261,2016-02-22 22:15:00.000000 UTC,30070,28.9569,27.8239
28255,29093,2016-02-22 17:16:40.000000 UTC,16210,28.9575,28.5221
29093,16111,2016-02-04 03:01:40.000000 UTC,31030,28.9576,30.1374
29093,39261,2016-02-01 05:50:00.000000 UTC,20650,28.9579,28.67
16111,28255,2016-02-06 22:46:40.000000 UTC,58870,28.9579,29.0829
39261,28255,2016-02-17 15:01:40.000000 UTC,4450,28.9584,28.994
28255,29093,2016-02-18 11:31:40.000000 UTC,54370,28.9584,30.8224
16111,28255,2016-02-07 21:00:00.000000 UTC,38290,28.9586,29.9724
39261,29093,2016-02-12 21:30:00.000000 UTC,38410,28.9586,30.1416
16111,39261,2016-02-07 04:46:40.000000 UTC,50110,28.9588,29.804
39261,28255,2016-02-13 09:46:40.000000 UTC,3550,28.9592,28.9519
29093,28255,2016-02-02 07:20:00.000000 UTC,27970,28.9594,29.579
39261,29093,2016-02-13 04:30:00.000000 UTC,21490,28.9596,28.6373
28255,39261,2016-02-18 22:00:00.000000 UTC,4210,28.9596,28.964
29093,39261,2016-02-01 05:16:40.000000 UTC,18310,28.9601,29.368
29093,28255,2016-02-01 00:25:00.000000 UTC,26470,28.9602,30.065
28255,29093,2016-02-18 14:15:00.000000 UTC,19930,28.9605,29.891
16111,29093,2016-02-10 16:01:40.000000 UTC,16270,28.9606,29.6704
39261,16111,2016-02-12 13:55:00.000000 UTC,40750,28.9607,29.4901
39261,16111,2016-02-15 00:25:00.000000 UTC,48250,28.9607,30.6809
16111,29093,2016-02-10 23:01:40.000000 UTC,22270,28.9614,29.885
29093,16111,2016-02-03 13:25:00.000000 UTC,42850,28.9616,31.1913
39261,29093,2016-02-15 10:00:00.000000 UTC,13510,28.9616,30.4214
16111,29093,2016-02-10 11:30:00.000000 UTC,33850,28.9617,30.7338
16111,39261,2016-02-11 21:31:40.000000 UTC,3070,28.9618,28.9017
28255,16111,2016-02-18 04:55:00.000000 UTC,30430,28.9619,29.8358
28255,16111,2016-02-22 17:16:40.000000 UTC,52690,28.9622,29.1302
28255,29093,2016-02-18 20:05:00.000000 UTC,48730,28.9624,28.5827
28255,29093,2016-02-18 13:31:40.000000 UTC,5110,28.9625,27.8742
39261,16111,2016-02-15 18:10:00.000000 UTC,25990,28.9631,28.3834
39261,29093,2016-02-14 02:45:00.000000 UTC,42430,28.9635,29.7694
39261,16111,2016-02-13 02:35:00.000000 UTC,28330,28.9637,28.679
28255,29093,2016-02-19 15:55:00.000000 UTC,25630,28.9638,29.269
39261,29093,2016-02-14 04:15:00.000000 UTC,7630,28.9639,27.8521
29093,28255,2016-02-01 00:46:40.000000 UTC,10390,28.964,27.7522
39261,16111,2016-02-16 11:50:00.000000 UTC,23530,28.964,29.2261
29093,16111,2016-02-03 13:25:00.000000 UTC,48310,28.9642,31.1933
28255,39261,2016-02-19 10:31:40.000000 UTC,48790,28.9644,30.3541
28255,39261,2016-02-22 22:15:00.000000 UTC,3130,28.9648,28.8861
29093,39261,2016-02-01 22:46:40.000000 UTC,12790,28.9653,29.1917
28255,39261,2016-02-20 14:16:40.000000 UTC,43450,28.9655,29.4197
29093,39261,2016-02-04 18:00:00.000000 UTC,3130,28.9656,28.9392
28255,39261,2016-02-21 05:30:00.000000 UTC,7390,28.9656,27.8792
28255,29093,2016-02-21 18:05:00.000000 UTC,3430,28.9659,28.9027
16111,28255,2016-02-07 02:31:40.000000 UTC,53650,28.9661,29.3792
28255,16111,2016-02-19 21:45:00.000000 UTC,32530,28.9664,29.9144
28255,16111,2016-02-18 04:55:00.000000 UTC,12790,28.9667,27.743
28255,16111,2016-02-20 07:20:00.000000 UTC,24670,28.9667,29.7261
16111,28255,2016-02-07 12:00:00.000000 UTC,55930,28.9668,29.3667
29093,16111,2016-02-03 23:00:00.000000 UTC,13690,28.9669,28.9104
28255,29093,2016-02-22 07:40:00.000000 UTC,1450,28.9669,29.2988
29093,16111,2016-02-02 14:16:40.000000 UTC,2890,28.9672,28.9191
29093,39261,2016-02-01 05:16:40.000000 UTC,56590,28.9676,29.5224
39261,16111,2016-02-15 22:25:00.000000 UTC,55030,28.9681,29.6546
39261,28255,2016-02-13 07:35:00.000000 UTC,18610,28.9684,27.8567
39261,16111,2016-02-12 23:55:00.000000 UTC,21190,28.9685,28.9179
16111,28255,2016-02-07 21:00:00.000000 UTC,3190,28.9686,28.9411
16111,29093,2016-02-09 16:30:00.000000 UTC,15610,28.9687,29.4525
39261,29093,2016-02-14 13:50:00.000000 UTC,40030,28.9687,30.173
29093,39261,2016-02-06 04:01:40.000000 UTC,55390,28.9688,31.101
29093,39261,2016-02-02 03:30:00.000000 UTC,4330,28.9701,29.1483
28255,16111,2016-02-20 14:16:40.000000 UTC,22930,28.9711,29.5519
39261,16111,2016-02-12 11:10:00.000000 UTC,4810,28.9713,27.5941
29093,39261,2016-02-05 07:55:00.000000 UTC,12550,28.972,26.9179
16111,28255,2016-02-08 23:45:00.000000 UTC,58510,28.972,29.3397
39261,28255,2016-02-12 14:46:40.000000 UTC,52630,28.9722,29.2482
28255,29093,2016-02-20 23:35:00.000000 UTC,25450,28.9722,30.1308
39261,16111,2016-02-12 13:10:00.000000 UTC,59890,28.9723,29.0698
28255,16111,2016-02-23 13:50:00.000000 UTC,23710,28.9725,29.663
29093,39261,2016-02-05 07:55:00.000000 UTC,18850,28.9729,27.8473
29093,28255,2016-02-01 14:40:00.000000 UTC,3670,28.973,29.0034
39261,16111,2016-02-12 16:16:40.000000 UTC,51850,28.9746,30.7579
28255,29093,2016-02-19 17:20:00.000000 UTC,19090,28.9747,27.4892
29093,39261,2016-02-01 21:40:00.000000 UTC,3550,28.9749,28.9598
28255,39261,2016-02-18 06:01:40.000000 UTC,25030,28.9749,28.4664
29093,16111,2016-02-02 04:45:00.000000 UTC,45190,28.9755,29.1542
16111,28255,2016-02-11 01:25:00.000000 UTC,39850,28.9759,30.1236
28255,29093,2016-02-22 14:50:00.000000 UTC,56770,28.9762,30.3927
39261,16111,2016-02-13 15:45:00.000000 UTC,28330,28.9766,29.1391
28255,16111,2016-02-18 23:00:00.000000 UTC,31870,28.9768,29.6774
29093,28255,2016-02-01 00:35:00.000000 UTC,4450,28.9769,27.546
16111,39261,2016-02-08 09:15:00.000000 UTC,41290,28.9769,30.5334
29093,39261,2016-02-05 00:50:00.000000 UTC,23110,28.9772,27.7506
29093,39261,2016-02-01 12:05:00.000000 UTC,4450,28.9776,27.9037
29093,39261,2016-02-05 07:55:00.000000 UTC,13210,28.9778,28.896
39261,16111,2016-02-14 10:31:40.000000 UTC,53050,28.9786,30.1015
28255,16111,2016-02-23 08:31:40.000000 UTC,24670,28.9787,28.8934
28255,16111,2016-02-23 16:31:40.000000 UTC,39970,28.979,29.8828
16111,29093,2016-02-11 01:25:00.000000 UTC,46810,28.9796,29.3699
29093,16111,2016-02-02 17:15:00.000000 UTC,14590,28.98,29.3659
16111,39261,2016-02-06 22:46:40.000000 UTC,17530,28.98,27.2734
39261,16111,2016-02-14 19:00:00.000000 UTC,26830,28.9802,29.2779
29093,39261,2016-02-03 13:25:00.000000 UTC,1690,28.9803,26.8903
29093,39261,2016-02-01 03:20:00.000000 UTC,4150,28.9804,28.7739
16111,29093,2016-02-09 05:05:00.000000 UTC,15190,28.9805,29.0437
29093,28255,2016-02-02 21:55:00.000000 UTC,55330,28.981,29.2205
39261,16111,2016-02-14 15:31:40.000000 UTC,27850,28.9811,29.5157
39261,28255,2016-02-17 12:25:00.000000 UTC,4570,28.9811,29.0257
29093,28255,2016-02-02 15:45:00.000000 UTC,15610,28.9812,28.444
39261,29093,2016-02-16 11:50:00.000000 UTC,52930,28.9814,29.9416
29093,16111,2016-02-01 04:15:00.000000 UTC,43990,28.9819,30.5439
16111,39261,2016-02-07 04:00:00.000000 UTC,1270,28.982,29.3605
39261,28255,2016-02-15 02:16:40.000000 UTC,44110,28.9822,29.0524
28255,16111,2016-02-19 00:01:40.000000 UTC,19810,28.9833,28.1227
16111,39261,2016-02-10 18:20:00.000000 UTC,4570,28.9835,27.6647
28255,16111,2016-02-18 08:45:00.000000 UTC,3730,28.9839,27.5591
39261,16111,2016-02-12 14:46:40.000000 UTC,9790,28.9841,26.0633
28255,29093,2016-02-19 18:46:40.000000 UTC,5050,28.9841,27.3682
39261,28255,2016-02-16 02:46:40.000000 UTC,15550,28.9844,28.4291
28255,39261,2016-02-20 02:25:00.000000 UTC,38470,28.9855,29.5707
29093,39261,2016-02-03 02:50:00.000000 UTC,4390,28.9863,29.4301
16111,28255,2016-02-10 11:30:00.000000 UTC,22450,28.9863,27.3938
16111,29093,2016-02-07 08:10:00.000000 UTC,50230,28.9864,29.3672
39261,28255,2016-02-12 11:16:40.000000 UTC,4090,28.9864,28.9872
39261,28255,2016-02-13 06:31:40.000000 UTC,12610,28.9864,28.2217
39261,29093,2016-02-15 22:25:00.000000 UTC,49270,28.9867,30.6927
16111,29093,2016-02-06 19:40:00.000000 UTC,430,28.9872,28.9147
28255,39261,2016-02-19 23:16:40.000000 UTC,15190,28.9872,27.1055
39261,29093,2016-02-12 20:45:00.000000 UTC,32830,28.9878,29.6815
29093,28255,2016-02-06 12:01:40.000000 UTC,55450,28.9879,29.5267
29093,28255,2016-02-02 04:45:00.000000 UTC,39370,28.988,29.7407
39261,28255,2016-02-12 21:30:00.000000 UTC,58150,28.9883,28.998
28255,39261,2016-02-22 12:25:00.000000 UTC,5590,28.9883,27.8035
28255,16111,2016-02-18 07:25:00.000000 UTC,51970,28.9887,29.9777
39261,29093,2016-02-16 05:00:00.000000 UTC,7330,28.9896,28.0557
29093,28255,2016-02-01 07:40:00.000000 UTC,52690,28.9897,30.1657
28255,39261,2016-02-21 15:55:00.000000 UTC,46090,28.99,29.7849
16111,29093,2016-02-09 10:40:00.000000 UTC,57130,28.9901,29.4342
29093,28255,2016-02-03 08:00:00.000000 UTC,55750,28.9904,30.7257
28255,29093,2016-02-18 07:25:00.000000 UTC,20590,28.991,28.8025
39261,29093,2016-02-12 22:16:40.000000 UTC,56710,28.9911,29.4872
39261,16111,2016-02-12 21:30:00.000000 UTC,57610,28.9913,29.2692
28255,16111,2016-02-22 19:45:00.000000 UTC,44830,28.9913,30.3958
28255,39261,2016-02-22 12:25:00.000000 UTC,45910,28.9917,30.2636
39261,29093,2016-02-12 15:45:00.000000 UTC,28330,28.9919,29.6508
39261,16111,2016-02-16 00:35:00.000000 UTC,58750,28.9919,31.0531
29093,28255,2016-02-01 01:31:40.000000 UTC,58030,28.9921,28.876
28255,16111,2016-02-22 07:40:00.000000 UTC,19630,28.9923,29.9305
29093,16111,2016-02-05 07:55:00.000000 UTC,1930,28.9933,29.5082
39261,29093,2016-02-17 12:25:00.000000 UTC,28390,28.9934,29.2668
29093,39261,2016-02-04 11:25:00.000000 UTC,32470,28.9935,29.6925
28255,16111,2016-02-22 12:25:00.000000 UTC,52210,28.9939,30.8208
39261,16111,2016-02-12 19:20:00.000000 UTC,27970,28.9941,28.7783
39261,16111,2016-02-14 07:20:00.000000 UTC,29890,28.9946,29.2243
29093,39261,2016-02-02 21:55:00.000000 UTC,16330,28.9951,28.8389
16111,29093,2016-02-07 17:25:00.000000 UTC,44710,28.9957,29.5387
39261,28255,2016-02-16 05:00:00.000000 UTC,9910,28.9958,27.2275
29093,39261,2016-02-01 10:30:00.000000 UTC,14650,28.9961,28.9489
29093,16111,2016-02-02 03:30:00.000000 UTC,28150,28.9962,29.5713
16111,29093,2016-02-09 05:05:00.000000 UTC,9130,28.9963,27.9354
16111,28255,2016-02-06 18:05:00.000000 UTC,51250,28.9968,30.1121
28255,16111,2016-02-21 11:40:00.000000 UTC,24010,28.9969,30.1009
16111,28255,2016-02-07 12:00:00.000000 UTC,55870,28.9975,29.506
29093,28255,2016-02-04 22:31:40.000000 UTC,15130,28.9979,28.1245
28255,29093,2016-02-18 12:10:00.000000 UTC,59770,28.9982,31.0306
28255,16111,2016-02-20 02:25:00.000000 UTC,13630,28.9989,27.1994
39261,28255,2016-02-12 20:45:00.000000 UTC,34930,28.999,29.5972
39261,28255,2016-02-14 20:46:40.000000 UTC,33190,28.999,29.743
28255,16111,2016-02-19 10:31:40.000000 UTC,45790,28.9991,29.5773
39261,28255,2016-02-13 21:01:40.000000 UTC,6250,28.9992,27.7341
28255,39261,2016-02-19 18:46:40.000000 UTC,54850,28.9994,30.0279
16111,39261,2016-02-07 17:25:00.000000 UTC,14230,29,26.9567
16111,29093,2016-02-12 08:15:00.000000 UTC,11530,29.0003,29.6644
29093,16111,2016-02-01 10:30:00.000000 UTC,55870,29.0004,31.2928
28255,39261,2016-02-22 00:45:00.000000 UTC,1690,29.0009,26.0836
28255,16111,2016-02-19 00:01:40.000000 UTC,55870,29.0018,29.2352
28255,29093,2016-02-18 12:10:00.000000 UTC,54070,29.0019,30.7867
16111,39261,2016-02-07 05:35:00.000000 UTC,38650,29.002,30.0733
39261,29093,2016-02-12 23:55:00.000000 UTC,26830,29.0022,30.0783
16111,29093,2016-02-06 17:35:00.000000 UTC,48370,29.0024,31.2878
28255,16111,2016-02-18 06:40:00.000000 UTC,18010,29.0025,27.7921
29093,28255,2016-02-01 03:46:40.000000 UTC,52030,29.0029,30.0092
16111,28255,2016-02-08 18:40:00.000000 UTC,13630,29.0032,29.7302
16111,29093,2016-02-06 19:01:40.000000 UTC,24970,29.0033,28.9992
29093,39261,2016-02-01 23:55:00.000000 UTC,47650,29.0034,30.5835
39261,28255,2016-02-12 12:31:40.000000 UTC,4030,29.0045,29.0213
39261,16111,2016-02-12 11:25:00.000000 UTC,18490,29.0048,27.4904
28255,16111,2016-02-19 04:25:00.000000 UTC,1450,29.0048,25.4458
39261,16111,2016-02-16 18:55:00.000000 UTC,48010,29.0049,30.2356
29093,16111,2016-02-01 02:55:00.000000 UTC,21310,29.0051,29.5069
39261,29093,2016-02-12 13:10:00.000000 UTC,40510,29.0055,30.3669
28255,16111,2016-02-18 17:25:00.000000 UTC,34450,29.0056,29.8378
28255,16111,2016-02-22 19:45:00.000000 UTC,50410,29.0056,30.5473
29093,16111,2016-02-02 23:31:40.000000 UTC,26350,29.006,30.5864
28255,29093,2016-02-18 17:25:00.000000 UTC,23830,29.006,27.4555
39261,16111,2016-02-17 17:40:00.000000 UTC,41890,29.0063,29.8342
16111,28255,2016-02-06 23:20:00.000000 UTC,550,29.0069,29.0276
39261,29093,2016-02-14 02:45:00.000000 UTC,26530,29.0069,30.0943
28255,16111,2016-02-22 10:01:40.000000 UTC,1930,29.0073,29.3414
39261,16111,2016-02-12 20:01:40.000000 UTC,51550,29.0082,30.7994
16111,39261,2016-02-09 06:55:00.000000 UTC,1030,29.0083,29.0673
28255,39261,2016-02-23 19:15:00.000000 UTC,12970,29.0087,27.5652
39261,16111,2016-02-12 13:10:00.000000 UTC,59830,29.0091,29.2317
28255,16111,2016-02-18 15:00:00.000000 UTC,28090,29.0098,29.7886
28255,16111,2016-02-18 05:30:00.000000 UTC,58270,29.0099,30.7141
29093,39261,2016-02-04 03:01:40.000000 UTC,56110,29.0105,29.9366
28255,39261,2016-02-20 00:50:00.000000 UTC,43210,29.0106,29.9712
39261,16111,2016-02-14 07:20:00.000000 UTC,37390,29.012,29.102
39261,29093,2016-02-13 06:31:40.000000 UTC,26590,29.0123,28.864
16111,28255,2016-02-11 11:15:00.000000 UTC,58990,29.0126,30.8599
29093,39261,2016-02-01 11:16:40.000000 UTC,7630,29.0127,28.963
16111,39261,2016-02-09 22:35:00.000000 UTC,44950,29.0133,30.2015
16111,29093,2016-02-06 17:31:40.000000 UTC,55090,29.0139,30.2612
39261,29093,2016-02-13 01:40:00.000000 UTC,20830,29.0139,30.1463
29093,39261,2016-02-03 13:25:00.000000 UTC,5170,29.0146,27.4857
16111,39261,2016-02-07 05:35:00.000000 UTC,44770,29.0147,30.4274
29093,28255,2016-02-02 17:15:00.000000 UTC,22330,29.0148,29.488
29093,39261,2016-02-06 12:01:40.000000 UTC,50590,29.0149,29.5298
39261,16111,2016-02-12 12:31:40.000000 UTC,2050,29.0151,29.3396
16111,29093,2016-02-12 02:50:00.000000 UTC,47650,29.0154,28.9782
39261,29093,2016-02-17 12:25:00.000000 UTC,51910,29.0156,30.8553
28255,16111,2016-02-20 19:46:40.000000 UTC,27310,29.0156,29.4921
28255,16111,2016-02-19 18:46:40.000000 UTC,21490,29.0157,29.0258
16111,28255,2016-02-08 15:25:00.000000 UTC,54850,29.0167,30.8848
39261,16111,2016-02-13 09:46:40.000000 UTC,2950,29.0169,28.9405
39261,28255,2016-02-13 06:31:40.000000 UTC,36190,29.0174,28.7569
28255,39261,2016-02-19 06:46:40.000000 UTC,42430,29.0175,29.921
29093,28255,2016-02-02 18:46:40.000000 UTC,54490,29.0181,29.6291
16111,39261,2016-02-11 11:15:00.000000 UTC,55150,29.0184,30.1378
16111,39261,2016-02-09 01:30:00.000000 UTC,20590,29.0188,29.3138
28255,16111,2016-02-19 10:31:40.000000 UTC,40450,29.0192,29.94
39261,16111,2016-02-12 12:00:00.000000 UTC,13390,29.0202,29.3793
39261,16111,2016-02-12 21:30:00.000000 UTC,44950,29.0202,30.6424
29093,16111,2016-02-05 17:45:00.000000 UTC,46810,29.0209,30.6733
29093,39261,2016-02-01 00:00:00.000000 UTC,29290,29.0212,29.7611
29093,39261,2016-02-02 12:50:00.000000 UTC,7870,29.0215,28.2886
16111,28255,2016-02-06 17:55:00.000000 UTC,14290,29.0216,30.1142
16111,39261,2016-02-09 14:31:40.000000 UTC,8830,29.0219,27.3157
16111,39261,2016-02-08 04:55:00.000000 UTC,5470,29.022,27.1302
29093,28255,2016-02-05 00:50:00.000000 UTC,3430,29.0223,29.0049
39261,28255,2016-02-14 13:50:00.000000 UTC,17110,29.0225,28.4715
28255,39261,2016-02-22 19:45:00.000000 UTC,58090,29.0226,30.2973
16111,28255,2016-02-08 09:15:00.000000 UTC,19390,29.0228,28.47
16111,28255,2016-02-10 09:16:40.000000 UTC,3610,29.0235,29.0487
29093,28255,2016-02-04 22:31:40.000000 UTC,59590,29.0236,29.3293
39261,16111,2016-02-13 07:35:00.000000 UTC,5110,29.0239,27.3002
28255,16111,2016-02-19 08:00:00.000000 UTC,18190,29.024,28.5715
28255,16111,2016-02-22 00:45:00.000000 UTC,14530,29.0241,27.595
16111,28255,2016-02-09 06:55:00.000000 UTC,22210,29.0245,29.3542
28255,29093,2016-02-19 05:35:00.000000 UTC,1810,29.0248,29.1336
39261,28255,2016-02-14 13:50:00.000000 UTC,39010,29.0251,29.4196
28255,39261,2016-02-18 23:00:00.000000 UTC,30430,29.0252,29.9803
28255,29093,2016-02-19 00:01:40.000000 UTC,58870,29.0254,29.5485
16111,29093,2016-02-07 22:15:00.000000 UTC,55930,29.0256,30.2476
39261,28255,2016-02-13 19:40:00.000000 UTC,11950,29.0258,28.452
29093,39261,2016-02-05 03:10:00.000000 UTC,42850,29.0264,30.4908
39261,28255,2016-02-13 14:30:00.000000 UTC,6430,29.0264,28.0312
39261,28255,2016-02-12 12:31:40.000000 UTC,7630,29.0275,27.5042
39261,28255,2016-02-15 00:25:00.000000 UTC,21130,29.0275,29.8464
29093,16111,2016-02-02 11:25:00.000000 UTC,37570,29.0279,30.2947
16111,39261,2016-02-09 08:46:40.000000 UTC,22570,29.0279,29.2237
29093,39261,2016-02-06 09:20:00.000000 UTC,28630,29.028,27.0727
39261,28255,2016-02-15 10:00:00.000000 UTC,10570,29.0281,27.7184
16111,29093,2016-02-09 12:35:00.000000 UTC,55450,29.0282,30.9931
28255,39261,2016-02-18 19:10:00.000000 UTC,35710,29.0282,29.3957
16111,29093,2016-02-07 14:05:00.000000 UTC,49210,29.0288,31.3204
16111,28255,2016-02-07 05:35:00.000000 UTC,22390,29.03,29.3094
16111,39261,2016-02-07 04:00:00.000000 UTC,26350,29.0306,30.0497
28255,16111,2016-02-23 05:55:00.000000 UTC,2650,29.0309,28.8742
29093,39261,2016-02-02 12:50:00.000000 UTC,38830,29.0311,30.0771
16111,29093,2016-02-12 05:31:40.000000 UTC,52930,29.0316,30.0628
29093,39261,2016-02-01 00:46:40.000000 UTC,41710,29.0324,30.2761
28255,29093,2016-02-18 17:25:00.000000 UTC,30190,29.0332,29.4559
28255,39261,2016-02-18 23:00:00.000000 UTC,35710,29.0338,29.12
39261,16111,2016-02-17 23:01:40.000000 UTC,17530,29.0339,27.9832
29093,28255,2016-02-02 18:46:40.000000 UTC,22630,29.0343,29.4643
16111,39261,2016-02-08 12:16:40.000000 UTC,3670,29.0349,29.0486
29093,16111,2016-02-01 02:10:00.000000 UTC,45790,29.0351,29.3864
29093,28255,2016-02-01 13:46:40.000000 UTC,1390,29.0351,29.0272
39261,28255,2016-02-14 13:50:00.000000 UTC,5470,29.0351,27.8271
29093,28255,2016-02-01 12:55:00.000000 UTC,39910,29.0357,28.9039
29093,28255,2016-02-01 01:15:00.000000 UTC,56110,29.0362,30.6862
16111,39261,2016-02-07 21:00:00.000000 UTC,49030,29.0363,30.3885
28255,29093,2016-02-20 21:40:00.000000 UTC,7930,29.0369,27.9811
16111,39261,2016-02-10 16:01:40.000000 UTC,6910,29.037,28.0461
39261,16111,2016-02-12 12:50:00.000000 UTC,4450,29.0374,27.2492
29093,28255,2016-02-02 15:45:00.000000 UTC,3310,29.0375,29.0324
28255,39261,2016-02-19 13:10:00.000000 UTC,37990,29.0375,29.4342
39261,28255,2016-02-13 13:16:40.000000 UTC,46030,29.0378,29.8089
39261,29093,2016-02-14 05:46:40.000000 UTC,10330,29.0378,27.1156
39261,28255,2016-02-13 15:45:00.000000 UTC,35290,29.0379,29.565
39261,29093,2016-02-15 02:16:40.000000 UTC,18910,29.038,26.3681
28255,29093,2016-02-20 12:30:00.000000 UTC,27130,29.0383,29.3027
28255,39261,2016-02-23 08:31:40.000000 UTC,24370,29.0383,28.0974
29093,16111,2016-02-01 00:00:00.000000 UTC,21670,29.0385,30.1465
16111,39261,2016-02-07 12:00:00.000000 UTC,970,29.0394,29.0298
39261,29093,2016-02-13 00:46:40.000000 UTC,48730,29.04,30.2262
39261,28255,2016-02-14 02:45:00.000000 UTC,26830,29.0402,27.6865
16111,39261,2016-02-08 13:50:00.000000 UTC,23230,29.0403,29.3013
39261,16111,2016-02-12 11:46:40.000000 UTC,48070,29.0412,30.7453
16111,28255,2016-02-09 16:30:00.000000 UTC,24490,29.0413,29.1666
16111,28255,2016-02-09 22:35:00.000000 UTC,44110,29.0413,30.1471
29093,28255,2016-02-05 20:16:40.000000 UTC,5050,29.0419,27.3635
39261,16111,2016-02-16 11:50:00.000000 UTC,17770,29.0422,29.6023
16111,39261,2016-02-08 04:55:00.000000 UTC,26470,29.0425,28.4788
28255,16111,2016-02-18 18:16:40.000000 UTC,27130,29.0433,29.3383
28255,39261,2016-02-19 01:05:00.000000 UTC,54250,29.0433,30.2532
39261,29093,2016-02-17 09:50:00.000000 UTC,19810,29.0438,28.745
29093,28255,2016-02-03 02:50:00.000000 UTC,55930,29.0447,30.1585
16111,39261,2016-02-07 02:31:40.000000 UTC,25270,29.0449,29.0306
29093,39261,2016-02-03 02:50:00.000000 UTC,48490,29.045,30.5046
29093,16111,2016-02-02 08:40:00.000000 UTC,32350,29.0451,30.421
28255,39261,2016-02-23 03:20:00.000000 UTC,52570,29.0452,30.4593
29093,16111,2016-02-05 20:16:40.000000 UTC,36010,29.0454,31.0084
16111,28255,2016-02-11 01:25:00.000000 UTC,58450,29.0454,29.2462
39261,28255,2016-02-12 23:55:00.000000 UTC,28570,29.046,29.2216
39261,29093,2016-02-13 21:01:40.000000 UTC,44050,29.046,30.3352
29093,39261,2016-02-01 05:16:40.000000 UTC,36250,29.0463,29.1201
28255,16111,2016-02-21 07:31:40.000000 UTC,30310,29.0463,29.4883
16111,29093,2016-02-07 23:31:40.000000 UTC,44650,29.0464,29.9895
16111,28255,2016-02-07 03:15:00.000000 UTC,59950,29.0468,29.0455
28255,39261,2016-02-19 17:20:00.000000 UTC,42430,29.0469,29.14
29093,28255,2016-02-01 00:00:00.000000 UTC,19870,29.047,29.6196
28255,39261,2016-02-22 00:45:00.000000 UTC,3670,29.047,28.5515
16111,28255,2016-02-06 18:45:00.000000 UTC,19570,29.0472,28.6039
39261,28255,2016-02-12 22:16:40.000000 UTC,6910,29.0478,28.6478
16111,28255,2016-02-08 09:15:00.000000 UTC,23050,29.0479,29.4721
16111,29093,2016-02-08 02:10:00.000000 UTC,20770,29.0482,30.3229
39261,29093,2016-02-17 23:01:40.000000 UTC,26410,29.0487,30.0492
16111,29093,2016-02-09 22:35:00.000000 UTC,1510,29.049,29.1747
29093,16111,2016-02-04 07:10:00.000000 UTC,13570,29.0492,29.0106
28255,39261,2016-02-19 09:15:00.000000 UTC,36430,29.0493,29.5634
29093,39261,2016-02-02 15:45:00.000000 UTC,2590,29.0494,28.8433
16111,28255,2016-02-06 18:16:40.000000 UTC,31870,29.0499,29.678
39261,16111,2016-02-14 15:31:40.000000 UTC,51550,29.0502,30.4082
16111,39261,2016-02-07 23:31:40.000000 UTC,57250,29.0507,30.0616
28255,39261,2016-02-18 07:50:00.000000 UTC,36790,29.0507,29.2453
28255,39261,2016-02-18 19:10:00.000000 UTC,4210,29.051,29.0551
28255,39261,2016-02-19 11:50:00.000000 UTC,4570,29.0525,29.0233
28255,39261,2016-02-22 00:45:00.000000 UTC,39070,29.0525,29.6017
29093,16111,2016-02-02 23:31:40.000000 UTC,38590,29.0527,30.2064
28255,16111,2016-02-18 04:40:00.000000 UTC,10210,29.0529,27.6208
16111,29093,2016-02-08 04:55:00.000000 UTC,53830,29.0532,29.1482
39261,28255,2016-02-16 14:10:00.000000 UTC,50590,29.0532,29.3594
16111,29093,2016-02-06 19:20:00.000000 UTC,7870,29.0533,28.4658
16111,29093,2016-02-09 22:35:00.000000 UTC,50110,29.0541,31.029
39261,29093,2016-02-15 02:16:40.000000 UTC,2590,29.0541,28.856
16111,28255,2016-02-09 08:46:40.000000 UTC,28810,29.0542,29.6702
16111,28255,2016-02-09 05:05:00.000000 UTC,15310,29.0543,28.0959
28255,29093,2016-02-18 06:20:00.000000 UTC,49510,29.0545,30.3148
29093,16111,2016-02-01 14:40:00.000000 UTC,12670,29.0551,26.1197
28255,29093,2016-02-18 12:50:00.000000 UTC,2290,29.0555,28.0583
29093,28255,2016-02-02 03:30:00.000000 UTC,33190,29.0558,29.4648
29093,28255,2016-02-01 09:01:40.000000 UTC,27490,29.056,29.2725
29093,16111,2016-02-04 20:15:00.000000 UTC,19090,29.0567,29.5853
28255,29093,2016-02-20 02:25:00.000000 UTC,36490,29.057,29.5064
16111,28255,2016-02-11 01:25:00.000000 UTC,19990,29.0571,28.1167
39261,16111,2016-02-12 12:00:00.000000 UTC,52750,29.0571,30.4432
28255,39261,2016-02-18 19:10:00.000000 UTC,35650,29.0572,29.2965
29093,16111,2016-02-01 02:10:00.000000 UTC,45730,29.0576,29.5423
28255,39261,2016-02-22 12:25:00.000000 UTC,33250,29.0579,28.9035
39261,29093,2016-02-12 12:31:40.000000 UTC,29290,29.058,30.0413
39261,28255,2016-02-13 08:40:00.000000 UTC,28750,29.0581,29.8493
28255,39261,2016-02-20 23:35:00.000000 UTC,3670,29.0582,28.5969
39261,16111,2016-02-17 20:20:00.000000 UTC,58210,29.0589,30.6824
16111,29093,2016-02-10 16:01:40.000000 UTC,46510,29.059,29.5367
39261,28255,2016-02-17 12:25:00.000000 UTC,2170,29.0596,29.2142
28255,39261,2016-02-18 04:40:00.000000 UTC,54430,29.0598,30.2076
39261,28255,2016-02-13 13:16:40.000000 UTC,3490,29.0599,29.0486
39261,16111,2016-02-15 22:25:00.000000 UTC,41530,29.0611,28.4543
28255,39261,2016-02-18 20:05:00.000000 UTC,54130,29.0611,30.3819
29093,16111,2016-02-06 14:45:00.000000 UTC,23470,29.0615,29.4007
39261,16111,2016-02-16 14:10:00.000000 UTC,26590,29.0618,29.101
29093,39261,2016-02-02 18:46:40.000000 UTC,34090,29.0619,29.6634
28255,39261,2016-02-18 10:55:00.000000 UTC,35290,29.0622,29.2717
29093,39261,2016-02-06 14:45:00.000000 UTC,5530,29.0632,28.4507
16111,29093,2016-02-10 20:40:00.000000 UTC,16390,29.0632,29.6807
28255,29093,2016-02-18 12:10:00.000000 UTC,5530,29.0634,27.3409
39261,16111,2016-02-12 11:25:00.000000 UTC,2410,29.0637,29.4484
39261,29093,2016-02-15 02:16:40.000000 UTC,37090,29.0642,30.0769
28255,39261,2016-02-22 05:20:00.000000 UTC,39430,29.0642,29.8269
29093,28255,2016-02-01 05:16:40.000000 UTC,14110,29.0644,27.7139
16111,28255,2016-02-06 17:55:00.000000 UTC,43870,29.0646,30.346
28255,39261,2016-02-20 17:55:00.000000 UTC,10210,29.0647,26.2021
29093,28255,2016-02-05 22:50:00.000000 UTC,58510,29.0657,29.7934
39261,28255,2016-02-18 04:30:00.000000 UTC,4210,29.0662,29.0928
39261,28255,2016-02-13 15:45:00.000000 UTC,45970,29.0668,29.7899
39261,28255,2016-02-12 16:16:40.000000 UTC,18730,29.0671,29.187
28255,29093,2016-02-23 08:31:40.000000 UTC,2410,29.0671,29.4429
28255,29093,2016-02-19 18:46:40.000000 UTC,30850,29.0673,29.5006
28255,39261,2016-02-19 05:35:00.000000 UTC,17410,29.0677,27.9435
29093,28255,2016-02-01 10:30:00.000000 UTC,57970,29.0678,30.6482
16111,39261,2016-02-08 23:45:00.000000 UTC,40150,29.0679,29.3875
28255,16111,2016-02-19 01:05:00.000000 UTC,20590,29.0684,30.1394
29093,28255,2016-02-05 03:10:00.000000 UTC,54250,29.0693,30.0162
39261,29093,2016-02-13 07:35:00.000000 UTC,15310,29.0701,28.0921
29093,16111,2016-02-04 18:00:00.000000 UTC,26950,29.0704,28.5066
16111,28255,2016-02-06 21:16:40.000000 UTC,34210,29.0716,29.5251
16111,39261,2016-02-06 19:01:40.000000 UTC,29530,29.0718,29.8656
16111,29093,2016-02-07 15:10:00.000000 UTC,55990,29.0718,29.4665
39261,28255,2016-02-13 15:45:00.000000 UTC,40270,29.0722,29.965
29093,28255,2016-02-04 18:00:00.000000 UTC,5290,29.0724,27.9921
28255,16111,2016-02-20 04:01:40.000000 UTC,20170,29.0724,30.0667
39261,29093,2016-02-16 23:46:40.000000 UTC,6010,29.0726,26.3503
28255,39261,2016-02-18 09:46:40.000000 UTC,41350,29.0728,29.5981
16111,39261,2016-02-11 08:45:00.000000 UTC,38470,29.0729,28.8219
29093,16111,2016-02-05 17:45:00.000000 UTC,41170,29.0732,30.4028
39261,29093,2016-02-15 08:01:40.000000 UTC,9730,29.0734,26.8157
28255,16111,2016-02-20 21:40:00.000000 UTC,26950,29.0735,29.5858
29093,16111,2016-02-04 03:01:40.000000 UTC,42910,29.0738,31.0188
39261,16111,2016-02-14 10:31:40.000000 UTC,29350,29.0742,29.914
29093,28255,2016-02-01 10:30:00.000000 UTC,46150,29.0743,30.4915
16111,39261,2016-02-08 04:55:00.000000 UTC,27130,29.0748,29.8106
29093,39261,2016-02-03 15:16:40.000000 UTC,5590,29.0752,27.7781
16111,39261,2016-02-11 11:15:00.000000 UTC,9370,29.0754,27.5418
16111,28255,2016-02-08 06:20:00.000000 UTC,52090,29.0755,29.7008
39261,16111,2016-02-12 11:35:00.000000 UTC,42490,29.0756,30.6091
16111,29093,2016-02-07 01:10:00.000000 UTC,55690,29.0758,29.3002
39261,28255,2016-02-15 00:25:00.000000 UTC,22450,29.0758,28.8365
39261,29093,2016-02-15 08:01:40.000000 UTC,29830,29.0768,29.6416
29093,39261,2016-02-01 00:10:00.000000 UTC,59770,29.0773,30.9883
28255,16111,2016-02-18 14:15:00.000000 UTC,45250,29.0774,30.5268
29093,28255,2016-02-03 13:25:00.000000 UTC,2350,29.0775,28.6915
29093,28255,2016-02-01 04:15:00.000000 UTC,5230,29.0781,27.5762
39261,28255,2016-02-13 09:46:40.000000 UTC,1150,29.0781,29.0254
39261,29093,2016-02-13 23:50:00.000000 UTC,16630,29.0781,29.4107
16111,29093,2016-02-07 08:10:00.000000 UTC,26050,29.079,30.3573
28255,16111,2016-02-18 09:15:00.000000 UTC,9130,29.0793,27.7896
28255,16111,2016-02-18 05:30:00.000000 UTC,31690,29.0795,29.5576
28255,29093,2016-02-20 07:20:00.000000 UTC,28330,29.0798,29.7374
16111,29093,2016-02-11 11:15:00.000000 UTC,16750,29.08,29.5837
16111,39261,2016-02-08 04:55:00.000000 UTC,14590,29.0801,28.9616
28255,39261,2016-02-19 21:45:00.000000 UTC,36910,29.0803,29.5352
16111,39261,2016-02-07 14:05:00.000000 UTC,3550,29.0804,29.0618
28255,29093,2016-02-20 02:25:00.000000 UTC,34870,29.0805,29.5896
29093,16111,2016-02-03 02:50:00.000000 UTC,20170,29.0806,29.7811
16111,29093,2016-02-06 19:40:00.000000 UTC,13450,29.0807,28.153
39261,28255,2016-02-15 02:16:40.000000 UTC,4750,29.0807,28.277
39261,16111,2016-02-15 10:00:00.000000 UTC,28570,29.0815,29.5317
29093,39261,2016-02-01 00:46:40.000000 UTC,54910,29.0818,30.4816
39261,16111,2016-02-15 00:25:00.000000 UTC,5530,29.0822,27.4453
16111,28255,2016-02-07 01:10:00.000000 UTC,27610,29.0823,29.7418
28255,16111,2016-02-21 05:30:00.000000 UTC,48790,29.0823,30.4736
16111,28255,2016-02-11 16:20:00.000000 UTC,49210,29.083,30.6571
28255,16111,2016-02-21 05:30:00.000000 UTC,5170,29.0831,27.5038
28255,39261,2016-02-18 23:00:00.000000 UTC,4270,29.0832,29.0689
16111,28255,2016-02-07 04:00:00.000000 UTC,21970,29.0834,29.2032
29093,39261,2016-02-03 13:25:00.000000 UTC,28390,29.0835,29.6364
29093,28255,2016-02-03 21:01:40.000000 UTC,1210,29.0835,29.1377
28255,16111,2016-02-18 16:35:00.000000 UTC,17350,29.0838,29.4861
16111,28255,2016-02-10 11:30:00.000000 UTC,3970,29.0845,29.1244
39261,28255,2016-02-13 06:31:40.000000 UTC,47230,29.0845,30.2742
16111,39261,2016-02-11 13:46:40.000000 UTC,19030,29.0853,27.8181
28255,39261,2016-02-19 00:01:40.000000 UTC,1870,29.0853,29.1168
39261,29093,2016-02-12 15:45:00.000000 UTC,22030,29.0858,27.8704
16111,39261,2016-02-06 19:40:00.000000 UTC,1750,29.0859,29.1767
16111,29093,2016-02-09 20:31:40.000000 UTC,33490,29.086,30.635
29093,39261,2016-02-01 00:25:00.000000 UTC,1570,29.0862,29.1352
39261,16111,2016-02-16 11:50:00.000000 UTC,56950,29.0863,30.011
28255,16111,2016-02-19 00:01:40.000000 UTC,43930,29.0863,30.4151
28255,16111,2016-02-19 15:55:00.000000 UTC,28210,29.0863,29.953
28255,29093,2016-02-20 07:20:00.000000 UTC,34090,29.0871,29.9068
29093,16111,2016-02-01 14:40:00.000000 UTC,54310,29.0874,29.6526
16111,29093,2016-02-07 09:05:00.000000 UTC,19990,29.0875,29.7174
28255,39261,2016-02-18 05:16:40.000000 UTC,41230,29.0875,29.7029
16111,29093,2016-02-07 07:16:40.000000 UTC,55570,29.0876,30.0561
29093,16111,2016-02-05 15:15:00.000000 UTC,24550,29.088,30.2803
28255,39261,2016-02-22 22:15:00.000000 UTC,3190,29.0882,29.0189
39261,28255,2016-02-15 08:01:40.000000 UTC,10570,29.0888,27.9779
29093,28255,2016-02-01 00:46:40.000000 UTC,25690,29.0889,29.2274
16111,29093,2016-02-07 17:25:00.000000 UTC,730,29.0889,29.0737
28255,39261,2016-02-18 12:10:00.000000 UTC,35530,29.0894,29.5748
28255,29093,2016-02-18 20:05:00.000000 UTC,29650,29.0896,29.4255
16111,39261,2016-02-11 21:31:40.000000 UTC,3130,29.0908,29.0541
29093,39261,2016-02-01 00:25:00.000000 UTC,23050,29.0911,29.3889
28255,29093,2016-02-23 00:46:40.000000 UTC,26290,29.0924,28.9926
28255,16111,2016-02-18 05:45:00.000000 UTC,2050,29.0925,29.4116
29093,28255,2016-02-01 06:25:00.000000 UTC,5590,29.0927,27.9685
16111,39261,2016-02-07 13:01:40.000000 UTC,36370,29.0928,29.2384
29093,16111,2016-02-02 04:45:00.000000 UTC,14590,29.0931,28.4624
29093,16111,2016-02-01 07:40:00.000000 UTC,15190,29.0932,28.4926
28255,29093,2016-02-18 19:10:00.000000 UTC,29830,29.0932,29.4204
39261,29093,2016-02-13 13:16:40.000000 UTC,34450,29.0933,29.6024
39261,16111,2016-02-12 12:31:40.000000 UTC,13210,29.0938,29.2984
28255,16111,2016-02-19 01:05:00.000000 UTC,27610,29.094,28.9055
29093,28255,2016-02-01 21:40:00.000000 UTC,9070,29.0942,26.6978
29093,16111,2016-02-05 12:46:40.000000 UTC,53950,29.0942,30.2535
16111,29093,2016-02-08 12:16:40.000000 UTC,20770,29.0943,29.8624
28255,16111,2016-02-20 00:50:00.000000 UTC,27190,29.0946,30.0257
28255,16111,2016-02-19 23:16:40.000000 UTC,32290,29.095,29.9929
29093,16111,2016-02-01 01:15:00.000000 UTC,33790,29.0955,30.4444
39261,29093,2016-02-12 11:00:00.000000 UTC,11770,29.0957,27.3619
28255,39261,2016-02-20 12:30:00.000000 UTC,37510,29.0957,29.5157
29093,16111,2016-02-05 20:16:40.000000 UTC,29830,29.0958,30.051
29093,39261,2016-02-01 00:10:00.000000 UTC,29290,29.0962,29.7733
29093,28255,2016-02-01 10:30:00.000000 UTC,33850,29.0962,29.4607
28255,16111,2016-02-20 00:50:00.000000 UTC,19870,29.0963,28.1848
39261,16111,2016-02-13 06:31:40.000000 UTC,20170,29.0964,30.0652
28255,39261,2016-02-20 05:40:00.000000 UTC,49330,29.0965,29.9872
28255,29093,2016-02-18 09:15:00.000000 UTC,6010,29.0984,27.7721
39261,28255,2016-02-16 09:31:40.000000 UTC,3250,29.0988,28.6777
29093,28255,2016-02-01 10:30:00.000000 UTC,51970,29.099,30.4404
28255,29093,2016-02-21 07:31:40.000000 UTC,29170,29.0995,29.7046
29093,39261,2016-02-02 20:20:00.000000 UTC,28330,29.1004,29.4724
39261,28255,2016-02-16 09:31:40.000000 UTC,43570,29.1007,30.1555
39261,16111,2016-02-12 17:25:00.000000 UTC,40210,29.1009,30.1932
16111,39261,2016-02-11 16:20:00.000000 UTC,58150,29.1011,30.4177
39261,29093,2016-02-13 12:05:00.000000 UTC,34750,29.1014,29.7244
28255,16111,2016-02-20 10:45:00.000000 UTC,29710,29.1016,30.1793
16111,29093,2016-02-11 13:46:40.000000 UTC,16810,29.102,29.6639
28255,29093,2016-02-22 05:20:00.000000 UTC,30610,29.102,29.9223
29093,39261,2016-02-02 23:31:40.000000 UTC,1570,29.1026,29.1409
16111,39261,2016-02-07 23:31:40.000000 UTC,25150,29.1026,29.0196
28255,16111,2016-02-18 06:20:00.000000 UTC,52450,29.1026,30.4847
16111,39261,2016-02-07 05:35:00.000000 UTC,52030,29.1027,30.2654
29093,16111,2016-02-03 08:00:00.000000 UTC,38050,29.1033,30.5458
16111,29093,2016-02-06 18:05:00.000000 UTC,2230,29.1035,28.6633
28255,39261,2016-02-19 09:15:00.000000 UTC,48730,29.1036,30.2977
28255,29093,2016-02-18 05:16:40.000000 UTC,49870,29.1042,30.7439
16111,29093,2016-02-09 10:40:00.000000 UTC,21430,29.1043,30.1214
39261,28255,2016-02-12 11:46:40.000000 UTC,41170,29.1046,29.6103
29093,28255,2016-02-02 15:45:00.000000 UTC,30130,29.105,28.8216
28255,29093,2016-02-19 05:35:00.000000 UTC,55870,29.1054,29.9361
29093,39261,2016-02-05 00:50:00.000000 UTC,4210,29.1056,29.136
16111,39261,2016-02-08 23:45:00.000000 UTC,20290,29.1056,29.622
16111,28255,2016-02-10 02:46:40.000000 UTC,58870,29.1057,29.5788
39261,16111,2016-02-16 18:55:00.000000 UTC,25510,29.1057,29.452
28255,39261,2016-02-21 07:31:40.000000 UTC,56770,29.1057,30.5528
29093,28255,2016-02-02 11:25:00.000000 UTC,27010,29.106,29.1658
39261,16111,2016-02-13 10:55:00.000000 UTC,31450,29.106,29.3315
39261,28255,2016-02-13 06:31:40.000000 UTC,57910,29.1061,29.429
28255,16111,2016-02-19 02:10:00.000000 UTC,42190,29.1062,29.7405
39261,29093,2016-02-12 20:45:00.000000 UTC,34330,29.1063,29.4756
29093,28255,2016-02-01 05:16:40.000000 UTC,5470,29.1064,27.6105
29093,16111,2016-02-01 10:30:00.000000 UTC,43810,29.1064,30.503
39261,29093,2016-02-15 02:16:40.000000 UTC,47830,29.1066,29.4119
28255,39261,2016-02-22 07:40:00.000000 UTC,2770,29.1068,28.9641
29093,16111,2016-02-01 01:00:00.000000 UTC,55330,29.1075,31.0322
16111,28255,2016-02-09 05:05:00.000000 UTC,59710,29.1075,29.4963
28255,39261,2016-02-21 11:40:00.000000 UTC,56890,29.1077,30.5401
28255,29093,2016-02-22 10:01:40.000000 UTC,29770,29.1077,30.1051
16111,29093,2016-02-07 11:00:00.000000 UTC,19990,29.1078,29.5454
39261,28255,2016-02-14 12:10:00.000000 UTC,3010,29.1078,29.1147
28255,16111,2016-02-20 05:40:00.000000 UTC,13690,29.1079,29.4174
29093,39261,2016-02-05 00:50:00.000000 UTC,1870,29.1082,29.2394
28255,39261,2016-02-18 04:55:00.000000 UTC,46570,29.1082,28.4883
16111,39261,2016-02-07 14:05:00.000000 UTC,46690,29.1085,29.6619
16111,28255,2016-02-07 08:10:00.000000 UTC,3910,29.1091,29.1526
28255,39261,2016-02-21 15:55:00.000000 UTC,38530,29.1091,29.277
29093,39261,2016-02-01 00:16:40.000000 UTC,3850,29.1092,29.141
16111,28255,2016-02-10 00:40:00.000000 UTC,5170,29.1099,27.909
29093,28255,2016-02-01 16:31:40.000000 UTC,35290,29.11,29.8631
29093,16111,2016-02-03 01:10:00.000000 UTC,20350,29.1106,30.0847
29093,39261,2016-02-05 05:31:40.000000 UTC,56650,29.1106,30.3138
28255,16111,2016-02-19 05:35:00.000000 UTC,35890,29.1112,29.6399
39261,29093,2016-02-17 12:25:00.000000 UTC,24730,29.1113,28.8541
29093,16111,2016-02-02 20:20:00.000000 UTC,59710,29.1117,31.0856
29093,28255,2016-02-01 03:46:40.000000 UTC,2110,29.1119,28.4488
28255,16111,2016-02-20 00:50:00.000000 UTC,27610,29.1122,29.5052
39261,28255,2016-02-13 03:31:40.000000 UTC,3670,29.1126,28.9752
39261,28255,2016-02-15 06:05:00.000000 UTC,27190,29.1132,29.3246
29093,39261,2016-02-05 10:20:00.000000 UTC,10510,29.1133,27.7074
16111,28255,2016-02-06 17:55:00.000000 UTC,8590,29.1133,29.6036
16111,29093,2016-02-07 17:25:00.000000 UTC,43270,29.1133,30.9619
29093,39261,2016-02-04 15:46:40.000000 UTC,45730,29.1135,30.2283
29093,16111,2016-02-06 12:01:40.000000 UTC,17770,29.1137,28.9498
39261,28255,2016-02-13 01:40:00.000000 UTC,1330,29.1142,29.1699
28255,39261,2016-02-19 04:25:00.000000 UTC,48310,29.1142,30.0176
28255,29093,2016-02-22 22:15:00.000000 UTC,39430,29.1146,30.1747
16111,28255,2016-02-08 09:15:00.000000 UTC,7630,29.1151,28.0491
28255,16111,2016-02-18 19:10:00.000000 UTC,26950,29.1151,29.353
16111,28255,2016-02-06 17:55:00.000000 UTC,20230,29.1152,30.0961
16111,39261,2016-02-07 03:15:00.000000 UTC,37870,29.1153,29.9088
29093,16111,2016-02-01 04:15:00.000000 UTC,27010,29.1155,29.7889
29093,28255,2016-02-05 03:10:00.000000 UTC,3670,29.1161,29.1271
16111,29093,2016-02-06 20:01:40.000000 UTC,31510,29.1163,30.5573
39261,29093,2016-02-13 15:45:00.000000 UTC,24370,29.1163,28.8921
29093,16111,2016-02-02 23:31:40.000000 UTC,48010,29.1166,29.8494
39261,28255,2016-02-12 11:10:00.000000 UTC,1690,29.1166,29.0972
29093,39261,2016-02-01 00:35:00.000000 UTC,3850,29.1169,29.1486
16111,39261,2016-02-11 11:15:00.000000 UTC,43270,29.1169,30.1531
28255,39261,2016-02-18 11:31:40.000000 UTC,4030,29.1171,29.1215
39261,29093,2016-02-13 18:20:00.000000 UTC,33130,29.118,29.3656
28255,39261,2016-02-22 12:25:00.000000 UTC,2950,29.1187,29.0608
28255,39261,2016-02-20 10:45:00.000000 UTC,21790,29.1188,26.8395
16111,29093,2016-02-06 22:46:40.000000 UTC,30550,29.1191,28.4996
39261,28255,2016-02-12 11:05:00.000000 UTC,1690,29.1194,29.1163
29093,16111,2016-02-02 08:40:00.000000 UTC,42910,29.1196,29.7693
16111,29093,2016-02-09 14:31:40.000000 UTC,51610,29.1197,29.4628
29093,16111,2016-02-02 11:25:00.000000 UTC,11410,29.12,29.0535
16111,39261,2016-02-09 12:35:00.000000 UTC,42070,29.1201,30.0687
39261,28255,2016-02-12 11:01:40.000000 UTC,1690,29.1203,29.1259
39261,16111,2016-02-13 02:35:00.000000 UTC,3310,29.1203,29.0941
39261,28255,2016-02-12 11:00:00.000000 UTC,1690,29.1204,29.1297
39261,16111,2016-02-15 08:01:40.000000 UTC,29050,29.1205,29.4545
29093,16111,2016-02-04 03:01:40.000000 UTC,42970,29.1206,30.9844
16111,28255,2016-02-08 04:55:00.000000 UTC,28090,29.1208,29.5294
39261,28255,2016-02-12 23:55:00.000000 UTC,17890,29.121,29.8414
16111,39261,2016-02-06 18:45:00.000000 UTC,35410,29.1213,29.6842
39261,16111,2016-02-15 22:25:00.000000 UTC,26950,29.1214,29.3974
16111,29093,2016-02-07 12:00:00.000000 UTC,50230,29.1219,29.4831
16111,28255,2016-02-09 12:35:00.000000 UTC,29530,29.1223,29.193
16111,29093,2016-02-06 17:35:00.000000 UTC,25450,29.1226,30.0864
28255,29093,2016-02-19 15:55:00.000000 UTC,31450,29.1227,29.6253
16111,39261,2016-02-06 20:25:00.000000 UTC,49330,29.1231,30.3572
29093,28255,2016-02-01 05:50:00.000000 UTC,490,29.1235,29.0927
29093,39261,2016-02-04 11:25:00.000000 UTC,25990,29.1236,28.8021
39261,29093,2016-02-14 08:55:00.000000 UTC,29710,29.1236,29.6548
29093,16111,2016-02-05 20:16:40.000000 UTC,51550,29.124,29.1293
16111,29093,2016-02-07 22:15:00.000000 UTC,20230,29.124,29.4414
29093,39261,2016-02-03 02:50:00.000000 UTC,55570,29.1248,30.6085
28255,29093,2016-02-18 23:00:00.000000 UTC,40630,29.1259,30.1395
29093,39261,2016-02-03 19:05:00.000000 UTC,58150,29.1266,29.6034
16111,28255,2016-02-08 09:15:00.000000 UTC,3910,29.1269,29.1632
16111,29093,2016-02-07 19:46:40.000000 UTC,50410,29.1272,29.5361
29093,16111,2016-02-01 02:55:00.000000 UTC,21250,29.1273,29.3667
16111,39261,2016-02-12 02:50:00.000000 UTC,23230,29.1273,29.3661
29093,28255,2016-02-01 00:05:00.000000 UTC,3970,29.1274,28.5702
28255,29093,2016-02-18 18:16:40.000000 UTC,51910,29.1286,28.3464
28255,16111,2016-02-19 18:46:40.000000 UTC,23650,29.1289,28.8585
39261,29093,2016-02-13 09:46:40.000000 UTC,57910,29.129,30.4662
16111,28255,2016-02-06 19:01:40.000000 UTC,19630,29.1291,28.5453
39261,28255,2016-02-15 04:10:00.000000 UTC,22270,29.1291,28.9004
39261,28255,2016-02-12 22:16:40.000000 UTC,18430,29.1293,29.2594
29093,39261,2016-02-01 21:40:00.000000 UTC,52870,29.1294,30.1041
28255,29093,2016-02-18 09:15:00.000000 UTC,33610,29.131,29.0737
28255,29093,2016-02-19 05:35:00.000000 UTC,33490,29.1313,29.5662
29093,16111,2016-02-03 04:31:40.000000 UTC,53770,29.1314,30.5546
39261,16111,2016-02-15 04:10:00.000000 UTC,30010,29.1316,29.2738
28255,39261,2016-02-22 14:50:00.000000 UTC,5530,29.1319,28.2151
16111,28255,2016-02-06 17:31:40.000000 UTC,7030,29.1321,27.5387
16111,29093,2016-02-08 20:20:00.000000 UTC,49210,29.1322,30.5931
16111,28255,2016-02-09 14:31:40.000000 UTC,30130,29.1327,29.4914
39261,29093,2016-02-13 09:46:40.000000 UTC,12130,29.1334,28.0611
16111,39261,2016-02-10 23:01:40.000000 UTC,53170,29.1337,30.3854
29093,39261,2016-02-01 21:40:00.000000 UTC,34330,29.1342,28.6391
29093,16111,2016-02-05 07:55:00.000000 UTC,4510,29.1342,27.5872
39261,29093,2016-02-17 23:01:40.000000 UTC,42490,29.1342,28.864
16111,29093,2016-02-11 11:15:00.000000 UTC,16690,29.1351,29.439
28255,16111,2016-02-20 02:25:00.000000 UTC,26110,29.1351,30.0485
29093,16111,2016-02-01 03:46:40.000000 UTC,54370,29.1358,29.0162
28255,39261,2016-02-21 22:30:00.000000 UTC,39070,29.1358,29.6949
29093,28255,2016-02-05 22:50:00.000000 UTC,51010,29.1365,30.4658
39261,28255,2016-02-14 05:46:40.000000 UTC,21790,29.1381,29.7763
39261,29093,2016-02-15 10:00:00.000000 UTC,35230,29.1381,29.9891
39261,28255,2016-02-13 18:20:00.000000 UTC,27370,29.1384,28.2545
16111,39261,2016-02-07 01:50:00.000000 UTC,43150,29.1388,29.4245
29093,28255,2016-02-01 09:45:00.000000 UTC,51790,29.1395,30.5496
16111,39261,2016-02-06 18:45:00.000000 UTC,29290,29.1396,29.5582
29093,28255,2016-02-01 21:40:00.000000 UTC,42190,29.1397,29.735
29093,16111,2016-02-05 00:50:00.000000 UTC,48910,29.1397,29.5161
39261,16111,2016-02-13 17:01:40.000000 UTC,39790,29.1397,30.4483
39261,28255,2016-02-13 21:01:40.000000 UTC,6070,29.1398,28.2242
28255,29093,2016-02-18 16:35:00.000000 UTC,4390,29.1401,28.1564
29093,16111,2016-02-02 11:25:00.000000 UTC,54250,29.1403,30.6162
16111,39261,2016-02-10 07:05:00.000000 UTC,3790,29.1404,29.1454
29093,28255,2016-02-01 08:20:00.000000 UTC,59230,29.1405,29.5655
39261,28255,2016-02-13 12:05:00.000000 UTC,22030,29.1414,29.0735
28255,39261,2016-02-18 05:30:00.000000 UTC,3910,29.1415,29.1034
28255,29093,2016-02-19 06:46:40.000000 UTC,27550,29.1415,29.5327
28255,39261,2016-02-19 10:31:40.000000 UTC,2110,29.1415,29.2282
39261,16111,2016-02-14 12:10:00.000000 UTC,13930,29.1417,28.5624
28255,39261,2016-02-18 21:01:40.000000 UTC,42130,29.1418,30.0633
29093,16111,2016-02-02 10:01:40.000000 UTC,48970,29.1422,30.9402
39261,28255,2016-02-12 13:10:00.000000 UTC,4150,29.1422,29.1552
39261,29093,2016-02-12 17:25:00.000000 UTC,33910,29.1422,30.1091
28255,16111,2016-02-19 01:05:00.000000 UTC,31330,29.1423,29.5437
39261,29093,2016-02-17 09:50:00.000000 UTC,29170,29.1424,29.6607
28255,29093,2016-02-19 10:31:40.000000 UTC,55210,29.1424,30.5591
16111,29093,2016-02-07 04:46:40.000000 UTC,59830,29.1425,31.3971
28255,29093,2016-02-18 13:31:40.000000 UTC,31270,29.1425,29.947
39261,29093,2016-02-16 11:50:00.000000 UTC,12250,29.1435,30.8145
28255,39261,2016-02-18 07:01:40.000000 UTC,3490,29.1448,27.934
29093,39261,2016-02-01 00:01:40.000000 UTC,29050,29.1449,29.321
39261,29093,2016-02-12 15:15:00.000000 UTC,13870,29.145,27.1431
29093,39261,2016-02-01 01:00:00.000000 UTC,3970,29.1451,29.1604
39261,28255,2016-02-12 21:30:00.000000 UTC,3970,29.1456,29.173
29093,28255,2016-02-03 09:46:40.000000 UTC,2110,29.1458,29.419
28255,16111,2016-02-18 04:35:00.000000 UTC,8770,29.1458,29.2729
28255,29093,2016-02-18 15:46:40.000000 UTC,10330,29.1459,27.5429
16111,29093,2016-02-06 19:40:00.000000 UTC,49930,29.146,29.2741
16111,39261,2016-02-11 21:31:40.000000 UTC,45730,29.1461,29.2644
16111,39261,2016-02-10 02:46:40.000000 UTC,39970,29.1463,29.8382
39261,28255,2016-02-16 21:20:00.000000 UTC,49630,29.1463,30.3476
16111,39261,2016-02-06 17:30:00.000000 UTC,3730,29.1465,29.1427
28255,39261,2016-02-18 06:40:00.000000 UTC,7030,29.1465,28.6629
29093,16111,2016-02-01 00:35:00.000000 UTC,15670,29.147,29.5658
28255,29093,2016-02-21 15:55:00.000000 UTC,33250,29.147,29.8407
16111,28255,2016-02-10 00:40:00.000000 UTC,34270,29.1471,29.5436
16111,39261,2016-02-07 09:05:00.000000 UTC,27310,29.1474,29.4824
29093,28255,2016-02-02 20:20:00.000000 UTC,29050,29.1477,29.6918
16111,29093,2016-02-08 02:10:00.000000 UTC,20410,29.1477,29.6972
28255,16111,2016-02-20 17:55:00.000000 UTC,22570,29.1477,30.274
29093,28255,2016-02-04 13:35:00.000000 UTC,2890,29.1479,29.2635
29093,39261,2016-02-06 01:25:00.000000 UTC,4330,29.148,29.2283
29093,16111,2016-02-02 15:45:00.000000 UTC,50530,29.1483,29.2005
16111,29093,2016-02-08 10:45:00.000000 UTC,20710,29.1483,29.8229
16111,28255,2016-02-11 03:50:00.000000 UTC,46810,29.1486,29.6486
39261,16111,2016-02-13 07:35:00.000000 UTC,58510,29.1486,29.9358
29093,16111,2016-02-04 09:16:40.000000 UTC,32170,29.1488,29.9009
39261,29093,2016-02-14 04:15:00.000000 UTC,53470,29.1496,30.3208
28255,39261,2016-02-21 15:55:00.000000 UTC,10810,29.1497,27.5131
16111,28255,2016-02-07 02:31:40.000000 UTC,4690,29.1501,29.8307
39261,29093,2016-02-17 15:01:40.000000 UTC,4090,29.1507,29.1632
16111,39261,2016-02-07 10:01:40.000000 UTC,51970,29.151,30.5065
28255,29093,2016-02-18 13:31:40.000000 UTC,3670,29.1512,28.3683
29093,39261,2016-02-03 02:50:00.000000 UTC,30130,29.1515,29.5528
39261,29093,2016-02-13 02:35:00.000000 UTC,5290,29.1515,28.1041
29093,16111,2016-02-02 15:45:00.000000 UTC,42730,29.1523,29.9703
29093,39261,2016-02-01 01:15:00.000000 UTC,1690,29.1529,29.2154
28255,29093,2016-02-23 05:55:00.000000 UTC,42610,29.1543,30.2384
39261,16111,2016-02-12 22:16:40.000000 UTC,38650,29.1544,29.6337
16111,29093,2016-02-10 11:30:00.000000 UTC,40270,29.1555,30.3657
16111,29093,2016-02-07 11:00:00.000000 UTC,20410,29.1558,30.2526
16111,28255,2016-02-06 22:46:40.000000 UTC,11170,29.156,28.5772
28255,29093,2016-02-22 22:15:00.000000 UTC,1330,29.1562,29.1485
39261,29093,2016-02-13 02:35:00.000000 UTC,20590,29.1564,30.1442
29093,39261,2016-02-01 04:45:00.000000 UTC,4570,29.1566,29.3085
16111,39261,2016-02-06 17:30:00.000000 UTC,53770,29.1566,31.2186
39261,28255,2016-02-15 18:10:00.000000 UTC,31450,29.1569,28.4217
16111,29093,2016-02-07 13:01:40.000000 UTC,26290,29.1574,30.5595
28255,39261,2016-02-23 05:55:00.000000 UTC,33730,29.1574,28.3275
39261,29093,2016-02-14 08:55:00.000000 UTC,41230,29.1576,30.2287
16111,28255,2016-02-09 08:46:40.000000 UTC,22570,29.1578,29.1529
29093,39261,2016-02-01 17:30:00.000000 UTC,6010,29.1579,27.5748
16111,29093,2016-02-06 19:40:00.000000 UTC,13390,29.1582,27.9556
29093,39261,2016-02-02 15:45:00.000000 UTC,5590,29.1584,27.818
29093,28255,2016-02-01 12:55:00.000000 UTC,28390,29.1587,29.6403
16111,29093,2016-02-07 00:31:40.000000 UTC,42910,29.1588,31.1145
39261,28255,2016-02-12 16:16:40.000000 UTC,42070,29.1588,29.9518
39261,29093,2016-02-15 02:16:40.000000 UTC,37030,29.1588,29.9857
29093,16111,2016-02-01 01:00:00.000000 UTC,44110,29.1589,30.6549
16111,29093,2016-02-06 18:05:00.000000 UTC,49870,29.1589,29.3127
28255,39261,2016-02-20 14:16:40.000000 UTC,43390,29.1592,29.3011
28255,39261,2016-02-18 05:16:40.000000 UTC,3910,29.1593,29.1438
28255,39261,2016-02-19 08:00:00.000000 UTC,38170,29.1593,28.6992
29093,16111,2016-02-04 05:05:00.000000 UTC,24850,29.1595,29.2329
28255,16111,2016-02-19 10:31:40.000000 UTC,57310,29.1597,30.5645
16111,28255,2016-02-08 06:20:00.000000 UTC,36310,29.1598,29.2084
16111,28255,2016-02-08 23:45:00.000000 UTC,1750,29.1598,26.4312
39261,16111,2016-02-12 11:16:40.000000 UTC,58390,29.1601,30.2267
28255,39261,2016-02-23 13:50:00.000000 UTC,18430,29.1601,28.4925
16111,28255,2016-02-06 19:40:00.000000 UTC,4750,29.1603,27.7332
29093,28255,2016-02-01 16:31:40.000000 UTC,3970,29.1605,29.2096
28255,29093,2016-02-18 13:31:40.000000 UTC,31150,29.1607,29.7795
39261,16111,2016-02-14 01:16:40.000000 UTC,27850,29.1608,28.9642
16111,39261,2016-02-08 20:20:00.000000 UTC,49210,29.161,29.6148
28255,29093,2016-02-23 05:55:00.000000 UTC,25750,29.1612,29.8478
29093,39261,2016-02-06 17:30:00.000000 UTC,33670,29.1616,28.3211
28255,16111,2016-02-18 10:55:00.000000 UTC,29110,29.1622,30.0041
28255,29093,2016-02-20 05:40:00.000000 UTC,24970,29.1624,28.5349
29093,16111,2016-02-01 00:05:00.000000 UTC,44350,29.1625,31.0437
16111,39261,2016-02-06 18:30:00.000000 UTC,3850,29.1625,29.1778
39261,16111,2016-02-17 23:01:40.000000 UTC,40150,29.1628,29.044
29093,16111,2016-02-02 10:01:40.000000 UTC,49150,29.1631,31.224
28255,16111,2016-02-18 23:00:00.000000 UTC,4690,29.1631,28.8514
39261,29093,2016-02-14 01:16:40.000000 UTC,19450,29.1635,27.2687
28255,16111,2016-02-19 04:25:00.000000 UTC,4870,29.1635,27.8948
16111,39261,2016-02-09 10:40:00.000000 UTC,29530,29.164,29.9443
39261,29093,2016-02-13 02:35:00.000000 UTC,42190,29.1641,28.9617
39261,16111,2016-02-15 04:10:00.000000 UTC,9970,29.1644,27.8838
39261,16111,2016-02-12 17:25:00.000000 UTC,28810,29.1645,29.6502
39261,28255,2016-02-13 23:50:00.000000 UTC,45430,29.1645,29.4669
39261,16111,2016-02-15 10:00:00.000000 UTC,19330,29.1647,28.6645
16111,29093,2016-02-07 08:10:00.000000 UTC,55870,29.1657,29.4674
29093,16111,2016-02-01 07:40:00.000000 UTC,1390,29.1659,29.2223
28255,29093,2016-02-23 19:15:00.000000 UTC,58270,29.1665,30.0462
28255,29093,2016-02-21 18:05:00.000000 UTC,40330,29.1666,28.4548
16111,39261,2016-02-11 13:46:40.000000 UTC,10210,29.1669,27.2483
39261,29093,2016-02-12 11:25:00.000000 UTC,35290,29.1669,30.1442
39261,29093,2016-02-12 11:35:00.000000 UTC,52510,29.167,31.1335
39261,29093,2016-02-15 06:05:00.000000 UTC,8470,29.167,30.0174
29093,16111,2016-02-02 02:16:40.000000 UTC,14650,29.1672,28.2489
16111,29093,2016-02-08 17:01:40.000000 UTC,14830,29.1674,28.882
16111,28255,2016-02-07 13:01:40.000000 UTC,20470,29.1675,28.6539
16111,28255,2016-02-12 08:15:00.000000 UTC,35710,29.1675,29.3302
16111,29093,2016-02-07 12:00:00.000000 UTC,56050,29.1676,29.0855
16111,29093,2016-02-09 18:30:00.000000 UTC,12070,29.1681,29.5226
29093,39261,2016-02-01 14:40:00.000000 UTC,50890,29.1684,29.9073
39261,29093,2016-02-13 15:45:00.000000 UTC,1990,29.1684,29.3288
16111,39261,2016-02-06 17:55:00.000000 UTC,47410,29.1695,30.4181
16111,29093,2016-02-11 06:16:40.000000 UTC,34270,29.17,30.6495
28255,16111,2016-02-23 03:20:00.000000 UTC,37450,29.1702,29.9853
16111,29093,2016-02-12 05:31:40.000000 UTC,46990,29.1703,30.5334
39261,16111,2016-02-12 22:16:40.000000 UTC,55330,29.1703,29.8763
39261,29093,2016-02-12 14:20:00.000000 UTC,4510,29.1712,29.2822
28255,29093,2016-02-18 19:10:00.000000 UTC,41170,29.172,29.8643
16111,28255,2016-02-11 21:31:40.000000 UTC,6970,29.1721,28.3003
28255,29093,2016-02-23 03:20:00.000000 UTC,32950,29.1721,29.7876
29093,16111,2016-02-04 03:01:40.000000 UTC,2350,29.1724,28.8729
16111,29093,2016-02-06 18:30:00.000000 UTC,5410,29.1726,27.0514
16111,39261,2016-02-06 22:15:00.000000 UTC,4510,29.1726,29.3076
28255,39261,2016-02-21 18:05:00.000000 UTC,21550,29.1727,29.5615
28255,39261,2016-02-19 00:01:40.000000 UTC,37930,29.1728,28.4032
39261,29093,2016-02-13 13:16:40.000000 UTC,34390,29.173,29.4971
28255,16111,2016-02-22 07:40:00.000000 UTC,4810,29.1732,27.8074
28255,39261,2016-02-21 22:30:00.000000 UTC,39010,29.1733,29.6103
16111,29093,2016-02-08 02:10:00.000000 UTC,26770,29.1735,30.6561
28255,16111,2016-02-18 07:25:00.000000 UTC,6610,29.1735,27.5334
28255,39261,2016-02-22 00:45:00.000000 UTC,38890,29.1735,29.2835
39261,29093,2016-02-17 20:20:00.000000 UTC,22690,29.1736,29.2161
16111,29093,2016-02-09 12:35:00.000000 UTC,55390,29.1739,30.8854
29093,16111,2016-02-02 15:45:00.000000 UTC,50470,29.1741,29.3661
29093,39261,2016-02-03 08:00:00.000000 UTC,55810,29.1741,30.508
16111,29093,2016-02-07 03:15:00.000000 UTC,59710,29.1745,31.2628
39261,28255,2016-02-12 11:16:40.000000 UTC,59170,29.175,30.252
39261,29093,2016-02-12 20:01:40.000000 UTC,1450,29.175,29.23
28255,39261,2016-02-18 23:00:00.000000 UTC,35650,29.1753,29.007
16111,39261,2016-02-07 15:10:00.000000 UTC,11350,29.1756,30.7096
16111,39261,2016-02-08 15:25:00.000000 UTC,42790,29.1761,30.7952
29093,39261,2016-02-03 11:35:00.000000 UTC,33910,29.1765,29.6722
16111,39261,2016-02-07 15:10:00.000000 UTC,29170,29.1769,29.7826
39261,29093,2016-02-17 12:25:00.000000 UTC,51430,29.1769,30.6719
28255,39261,2016-02-18 09:15:00.000000 UTC,4030,29.1771,29.1586
39261,16111,2016-02-14 17:15:00.000000 UTC,7030,29.1776,28.8786
16111,28255,2016-02-06 21:16:40.000000 UTC,49930,29.1777,29.0784
28255,16111,2016-02-20 04:01:40.000000 UTC,490,29.1781,29.1212
28255,16111,2016-02-19 02:10:00.000000 UTC,53410,29.1782,30.1208
29093,39261,2016-02-01 00:25:00.000000 UTC,22990,29.1784,29.2585
16111,28255,2016-02-08 03:31:40.000000 UTC,39250,29.1786,28.6954
39261,29093,2016-02-13 22:25:00.000000 UTC,6550,29.1793,26.6869
16111,28255,2016-02-07 17:25:00.000000 UTC,12730,29.1794,27.7175
16111,29093,2016-02-06 21:16:40.000000 UTC,49810,29.1796,29.7105
39261,16111,2016-02-16 14:10:00.000000 UTC,54730,29.1797,30.1333
28255,39261,2016-02-18 05:05:00.000000 UTC,3910,29.1797,29.1718
16111,29093,2016-02-07 14:05:00.000000 UTC,19990,29.1803,29.3792
28255,29093,2016-02-20 17:55:00.000000 UTC,11350,29.1806,28.468
28255,39261,2016-02-21 09:35:00.000000 UTC,8650,29.1808,29.7882
39261,28255,2016-02-12 18:01:40.000000 UTC,47890,29.181,30.1555
39261,16111,2016-02-14 07:20:00.000000 UTC,26230,29.1817,28.9491
28255,16111,2016-02-22 00:45:00.000000 UTC,32050,29.1817,29.5198
39261,28255,2016-02-15 22:25:00.000000 UTC,2350,29.1818,29.7708
29093,28255,2016-02-06 12:01:40.000000 UTC,47350,29.1819,29.6797
39261,28255,2016-02-12 21:30:00.000000 UTC,16810,29.1819,29.3424
29093,16111,2016-02-04 05:05:00.000000 UTC,19390,29.1823,29.568
16111,28255,2016-02-06 20:25:00.000000 UTC,57910,29.1824,30.0012
29093,28255,2016-02-01 00:00:00.000000 UTC,43870,29.1825,30.2647
39261,16111,2016-02-15 04:10:00.000000 UTC,48070,29.1825,30.5765
28255,39261,2016-02-18 04:55:00.000000 UTC,12670,29.1826,29.124
29093,39261,2016-02-04 22:31:40.000000 UTC,22450,29.1834,27.6937
39261,28255,2016-02-12 13:55:00.000000 UTC,28390,29.1837,27.6524
28255,16111,2016-02-20 14:16:40.000000 UTC,28690,29.1849,29.8083
16111,39261,2016-02-06 19:01:40.000000 UTC,19450,29.185,28.5392
16111,39261,2016-02-10 04:55:00.000000 UTC,58570,29.185,30.0781
39261,29093,2016-02-12 11:35:00.000000 UTC,46390,29.1852,30.3638
28255,29093,2016-02-19 20:15:00.000000 UTC,30250,29.1858,28.8992
28255,16111,2016-02-18 06:40:00.000000 UTC,6850,29.186,27.8506
28255,39261,2016-02-19 20:15:00.000000 UTC,30610,29.1862,29.1033
28255,29093,2016-02-21 18:05:00.000000 UTC,38470,29.187,30.152
29093,28255,2016-02-05 07:55:00.000000 UTC,4270,29.1871,29.2703
16111,39261,2016-02-09 22:35:00.000000 UTC,4930,29.1872,28.028
28255,29093,2016-02-18 05:05:00.000000 UTC,43990,29.1872,29.9543
28255,39261,2016-02-22 10:01:40.000000 UTC,57910,29.1872,30.5881
16111,29093,2016-02-07 03:15:00.000000 UTC,2470,29.1875,28.9498
29093,16111,2016-02-02 02:16:40.000000 UTC,50710,29.1879,29.5647
16111,29093,2016-02-09 06:55:00.000000 UTC,21190,29.188,29.7657
16111,28255,2016-02-09 16:30:00.000000 UTC,36670,29.1883,29.821
28255,39261,2016-02-18 09:15:00.000000 UTC,41110,29.1883,29.2002
39261,16111,2016-02-16 05:00:00.000000 UTC,28930,29.1884,28.9915
28255,16111,2016-02-19 13:10:00.000000 UTC,39550,29.1893,29.2381
39261,29093,2016-02-12 15:45:00.000000 UTC,33970,29.1898,29.6315
28255,39261,2016-02-21 11:40:00.000000 UTC,56950,29.1904,30.6127
16111,28255,2016-02-06 21:45:00.000000 UTC,14590,29.1905,29.3023
16111,29093,2016-02-10 07:05:00.000000 UTC,44710,29.1906,30.7974
39261,16111,2016-02-12 11:25:00.000000 UTC,53770,29.1907,30.9317
39261,28255,2016-02-13 18:20:00.000000 UTC,29950,29.1914,28.1955
29093,39261,2016-02-01 23:55:00.000000 UTC,22990,29.1916,29.312
16111,28255,2016-02-06 17:46:40.000000 UTC,20230,29.1916,30.1478
16111,28255,2016-02-08 13:50:00.000000 UTC,37630,29.1918,30.0542
39261,29093,2016-02-12 13:31:40.000000 UTC,28690,29.1918,29.3449
28255,16111,2016-02-18 19:10:00.000000 UTC,50770,29.192,30.4112
28255,29093,2016-02-18 21:01:40.000000 UTC,36550,29.1927,29.7733
28255,39261,2016-02-23 08:31:40.000000 UTC,40630,29.1929,29.9171
29093,16111,2016-02-01 19:31:40.000000 UTC,56470,29.1934,29.7733
39261,16111,2016-02-12 15:45:00.000000 UTC,46870,29.194,30.9261
16111,29093,2016-02-06 18:45:00.000000 UTC,43750,29.1941,30.3309
29093,28255,2016-02-04 18:00:00.000000 UTC,26770,29.1943,29.5522
39261,28255,2016-02-12 12:31:40.000000 UTC,15790,29.1946,24.6137
39261,16111,2016-02-12 18:40:00.000000 UTC,56590,29.1952,30.5334
28255,39261,2016-02-18 05:05:00.000000 UTC,41410,29.1954,29.9429
16111,28255,2016-02-06 23:20:00.000000 UTC,5890,29.1957,27.0789
16111,29093,2016-02-06 18:45:00.000000 UTC,19510,29.1958,29.4542
29093,16111,2016-02-04 05:05:00.000000 UTC,59470,29.196,31.8426
16111,39261,2016-02-06 18:05:00.000000 UTC,11410,29.1961,30.7246
29093,28255,2016-02-03 09:46:40.000000 UTC,19210,29.1962,27.4927
29093,39261,2016-02-05 12:46:40.000000 UTC,2290,29.1965,28.7425
29093,16111,2016-02-01 22:46:40.000000 UTC,20950,29.1969,29.9114
39261,16111,2016-02-13 10:55:00.000000 UTC,18490,29.198,29.2202
16111,39261,2016-02-06 18:16:40.000000 UTC,22870,29.1981,29.1341
28255,16111,2016-02-23 19:15:00.000000 UTC,39430,29.1981,29.9807
28255,29093,2016-02-20 23:35:00.000000 UTC,1750,29.1983,27.2762
28255,39261,2016-02-18 13:31:40.000000 UTC,35110,29.1989,28.6939
16111,29093,2016-02-08 10:45:00.000000 UTC,970,29.1994,29.1744
16111,29093,2016-02-07 01:50:00.000000 UTC,49930,29.2,29.6674
39261,28255,2016-02-12 21:30:00.000000 UTC,18910,29.2,28.23
16111,28255,2016-02-07 19:46:40.000000 UTC,4390,29.2002,28.1495
39261,16111,2016-02-14 01:16:40.000000 UTC,31810,29.2004,29.8449
16111,29093,2016-02-07 13:01:40.000000 UTC,13870,29.2007,28.0676
29093,28255,2016-02-01 04:15:00.000000 UTC,56530,29.2009,30.3974
28255,29093,2016-02-19 08:00:00.000000 UTC,21190,29.2009,28.4736
16111,39261,2016-02-06 17:35:00.000000 UTC,29170,29.2012,29.9362
39261,28255,2016-02-12 22:16:40.000000 UTC,3910,29.2014,29.2191
39261,29093,2016-02-15 14:01:40.000000 UTC,51250,29.2014,30.7042
29093,39261,2016-02-02 02:16:40.000000 UTC,4270,29.2022,29.2252
39261,28255,2016-02-12 13:31:40.000000 UTC,35350,29.2024,29.7139
28255,16111,2016-02-19 15:55:00.000000 UTC,39370,29.2024,30.1038
16111,39261,2016-02-06 17:55:00.000000 UTC,47350,29.2029,30.3214
29093,39261,2016-02-01 01:00:00.000000 UTC,43510,29.203,29.0162
39261,28255,2016-02-13 00:46:40.000000 UTC,3910,29.204,29.2134
39261,16111,2016-02-13 01:40:00.000000 UTC,3430,29.204,29.2006
28255,39261,2016-02-18 19:10:00.000000 UTC,48130,29.2044,30.3228
39261,16111,2016-02-13 15:45:00.000000 UTC,8470,29.2047,27.4279
39261,29093,2016-02-13 07:35:00.000000 UTC,47290,29.2054,30.4912
16111,29093,2016-02-07 06:25:00.000000 UTC,53890,29.2059,30.6421
16111,29093,2016-02-07 05:35:00.000000 UTC,2530,29.2062,29.0033
28255,16111,2016-02-18 06:40:00.000000 UTC,35770,29.2062,30.1223
39261,28255,2016-02-13 00:46:40.000000 UTC,21850,29.2066,27.1571
29093,28255,2016-02-01 02:10:00.000000 UTC,37810,29.2069,29.25
16111,28255,2016-02-06 21:45:00.000000 UTC,50410,29.2069,29.9001
28255,29093,2016-02-20 09:01:40.000000 UTC,50350,29.2075,29.8636
28255,39261,2016-02-21 22:30:00.000000 UTC,51190,29.2078,30.1698
29093,16111,2016-02-03 21:01:40.000000 UTC,25930,29.208,30.6236
29093,39261,2016-02-03 19:05:00.000000 UTC,58270,29.2087,29.8686
28255,29093,2016-02-23 08:31:40.000000 UTC,4510,29.2091,28.328
39261,28255,2016-02-14 12:10:00.000000 UTC,5350,29.2096,28.3388
16111,28255,2016-02-09 22:35:00.000000 UTC,10570,29.2099,28.0354
16111,28255,2016-02-08 22:01:40.000000 UTC,31750,29.2105,28.5359
28255,16111,2016-02-21 03:30:00.000000 UTC,31270,29.2105,29.5877
28255,16111,2016-02-23 16:31:40.000000 UTC,39730,29.2113,29.3709
28255,39261,2016-02-22 05:20:00.000000 UTC,45070,29.212,29.3636
29093,28255,2016-02-04 01:00:00.000000 UTC,1690,29.2124,29.2415
28255,16111,2016-02-20 21:40:00.000000 UTC,1390,29.2124,29.2426
39261,28255,2016-02-16 05:00:00.000000 UTC,21550,29.2126,28.0859
29093,16111,2016-02-02 08:40:00.000000 UTC,38590,29.213,30.6438
39261,29093,2016-02-14 10:31:40.000000 UTC,35050,29.2133,29.7638
29093,16111,2016-02-05 10:20:00.000000 UTC,35830,29.2135,30.3565
16111,29093,2016-02-07 10:01:40.000000 UTC,37150,29.2135,30.3424
16111,29093,2016-02-07 05:35:00.000000 UTC,14230,29.2137,29.6704
28255,29093,2016-02-23 16:31:40.000000 UTC,34990,29.2138,30.1083
28255,39261,2016-02-23 19:15:00.000000 UTC,6910,29.2143,28.0225
28255,39261,2016-02-22 05:20:00.000000 UTC,39070,29.2145,29.2419
29093,28255,2016-02-02 18:46:40.000000 UTC,3730,29.2149,29.2195
28255,39261,2016-02-18 16:35:00.000000 UTC,1630,29.2157,29.5394
16111,29093,2016-02-06 17:55:00.000000 UTC,25630,29.2159,30.2387
28255,39261,2016-02-19 00:01:40.000000 UTC,4330,29.2159,29.0726
16111,28255,2016-02-07 19:46:40.000000 UTC,4510,29.2162,27.7912
39261,16111,2016-02-13 08:40:00.000000 UTC,36970,29.2162,30.3512
28255,16111,2016-02-22 14:50:00.000000 UTC,34510,29.2163,29.6333
39261,28255,2016-02-13 15:45:00.000000 UTC,3550,29.2167,29.2046
39261,28255,2016-02-18 01:45:00.000000 UTC,4390,29.2169,29.2576
39261,16111,2016-02-14 04:15:00.000000 UTC,5050,29.2171,28.0181
39261,28255,2016-02-12 20:01:40.000000 UTC,1450,29.2172,29.2818
39261,28255,2016-02-13 07:35:00.000000 UTC,22330,29.2173,29.1974
29093,39261,2016-02-03 21:01:40.000000 UTC,28690,29.2174,29.5744
39261,29093,2016-02-13 13:16:40.000000 UTC,57130,29.2174,30.5593
29093,39261,2016-02-04 18:00:00.000000 UTC,910,29.2178,29.241
28255,39261,2016-02-23 19:15:00.000000 UTC,41050,29.2179,29.8606
39261,28255,2016-02-16 16:31:40.000000 UTC,36070,29.2181,27.5479
16111,39261,2016-02-08 02:10:00.000000 UTC,45130,29.2183,30.853
16111,39261,2016-02-11 11:15:00.000000 UTC,36730,29.2183,28.9472
16111,29093,2016-02-10 11:30:00.000000 UTC,51910,29.2192,29.9084
28255,39261,2016-02-18 04:46:40.000000 UTC,53470,29.2194,30.371
29093,16111,2016-02-02 02:16:40.000000 UTC,26590,29.2195,29.9973
16111,29093,2016-02-07 19:46:40.000000 UTC,56170,29.2217,29.3137
39261,28255,2016-02-17 23:01:40.000000 UTC,36970,29.2219,29.5305
28255,16111,2016-02-19 05:35:00.000000 UTC,47470,29.2219,30.6808
16111,29093,2016-02-11 03:50:00.000000 UTC,22270,29.2221,29.6384
39261,28255,2016-02-13 06:31:40.000000 UTC,46390,29.2223,29.9424
28255,29093,2016-02-18 23:00:00.000000 UTC,30850,29.2225,29.194
39261,29093,2016-02-13 04:30:00.000000 UTC,21370,29.2232,28.9245
28255,29093,2016-02-22 07:40:00.000000 UTC,30010,29.2232,29.7775
28255,29093,2016-02-22 19:45:00.000000 UTC,38890,29.2235,29.8624
29093,28255,2016-02-05 22:50:00.000000 UTC,56410,29.2238,29.5318
16111,28255,2016-02-11 01:25:00.000000 UTC,57970,29.2238,30.2618
29093,16111,2016-02-01 02:55:00.000000 UTC,55030,29.2239,30.4678
39261,16111,2016-02-16 07:15:00.000000 UTC,34810,29.224,30.3287
28255,39261,2016-02-18 17:25:00.000000 UTC,22870,29.2242,27.6863
39261,28255,2016-02-12 12:15:00.000000 UTC,1630,29.2243,29.2823
28255,16111,2016-02-18 18:16:40.000000 UTC,1570,29.2245,29.2749
16111,39261,2016-02-09 05:05:00.000000 UTC,12190,29.2246,27.273
39261,29093,2016-02-16 23:46:40.000000 UTC,10930,29.225,28.8821
28255,16111,2016-02-19 05:35:00.000000 UTC,35950,29.2251,29.7519
16111,39261,2016-02-08 06:20:00.000000 UTC,57730,29.2253,30.6412
16111,29093,2016-02-10 04:55:00.000000 UTC,38650,29.2253,29.9746
16111,39261,2016-02-10 23:01:40.000000 UTC,51490,29.2257,29.6546
39261,29093,2016-02-12 22:16:40.000000 UTC,1150,29.226,29.2206
28255,39261,2016-02-21 07:31:40.000000 UTC,21970,29.227,28.8349
39261,16111,2016-02-12 19:20:00.000000 UTC,35470,29.2273,29.5567
29093,28255,2016-02-01 07:01:40.000000 UTC,39370,29.2275,30.2174
28255,39261,2016-02-23 05:55:00.000000 UTC,40270,29.2275,29.5317
29093,39261,2016-02-04 11:25:00.000000 UTC,14230,29.2277,29.463
16111,28255,2016-02-08 10:45:00.000000 UTC,4150,29.2279,29.3047
28255,29093,2016-02-21 03:30:00.000000 UTC,30010,29.2279,29.8121
28255,29093,2016-02-20 04:01:40.000000 UTC,25150,29.228,28.925
29093,16111,2016-02-03 23:00:00.000000 UTC,25150,29.2281,29.5826
28255,29093,2016-02-18 07:25:00.000000 UTC,1090,29.229,29.1959
28255,29093,2016-02-20 17:55:00.000000 UTC,43390,29.229,30.332
28255,29093,2016-02-21 15:55:00.000000 UTC,20950,29.2291,26.9333
16111,29093,2016-02-10 20:40:00.000000 UTC,33490,29.2293,29.9469
39261,29093,2016-02-12 12:31:40.000000 UTC,40510,29.2299,30.1451
28255,16111,2016-02-21 18:05:00.000000 UTC,18430,29.23,29.5302
29093,28255,2016-02-01 12:05:00.000000 UTC,58270,29.2302,30.5906
28255,39261,2016-02-21 09:35:00.000000 UTC,21850,29.2302,29.2822
39261,28255,2016-02-14 04:15:00.000000 UTC,39490,29.2303,29.672
16111,28255,2016-02-09 08:46:40.000000 UTC,58870,29.2305,30.7772
28255,29093,2016-02-18 13:31:40.000000 UTC,36970,29.2311,30.2666
29093,39261,2016-02-01 09:01:40.000000 UTC,37570,29.2317,29.6368
16111,39261,2016-02-10 09:16:40.000000 UTC,19690,29.2318,28.805
16111,39261,2016-02-07 01:50:00.000000 UTC,56890,29.2327,30.4885
39261,28255,2016-02-15 22:25:00.000000 UTC,3610,29.2331,28.8879
29093,39261,2016-02-01 00:05:00.000000 UTC,3910,29.2332,29.243
39261,16111,2016-02-14 12:10:00.000000 UTC,34750,29.234,30.1755
39261,28255,2016-02-15 04:10:00.000000 UTC,3010,29.2341,29.7488
29093,28255,2016-02-01 02:55:00.000000 UTC,4750,29.2344,28.0979
39261,28255,2016-02-17 09:50:00.000000 UTC,49750,29.2345,29.3864
28255,29093,2016-02-20 00:50:00.000000 UTC,40630,29.2347,29.3675
28255,29093,2016-02-21 22:30:00.000000 UTC,31750,29.2351,29.4758
16111,29093,2016-02-09 01:30:00.000000 UTC,3250,29.2358,29.229
16111,29093,2016-02-08 20:20:00.000000 UTC,37630,29.236,29.5169
39261,29093,2016-02-13 18:20:00.000000 UTC,23410,29.2364,29.6735
28255,29093,2016-02-18 06:20:00.000000 UTC,26530,29.2371,28.8892
28255,29093,2016-02-18 21:01:40.000000 UTC,9070,29.2371,28.2075
29093,28255,2016-02-01 05:50:00.000000 UTC,44950,29.2374,30.1043
39261,16111,2016-02-12 11:10:00.000000 UTC,14530,29.2381,29.6211
29093,16111,2016-02-06 04:01:40.000000 UTC,57970,29.2383,31.5791
29093,39261,2016-02-05 22:50:00.000000 UTC,41650,29.2384,30.059
16111,29093,2016-02-07 05:35:00.000000 UTC,14530,29.2385,30.2699
39261,29093,2016-02-16 02:46:40.000000 UTC,10510,29.2386,28.1367
28255,29093,2016-02-19 05:35:00.000000 UTC,45070,29.2388,30.4729
28255,39261,2016-02-22 19:45:00.000000 UTC,23470,29.2388,28.9193
28255,39261,2016-02-18 09:46:40.000000 UTC,28930,29.2392,28.7612
28255,16111,2016-02-23 03:20:00.000000 UTC,3130,29.2394,29.173
39261,16111,2016-02-12 22:16:40.000000 UTC,12550,29.2395,29.188
16111,39261,2016-02-07 14:05:00.000000 UTC,13090,29.24,27.5783
16111,29093,2016-02-09 16:30:00.000000 UTC,57370,29.2401,29.3172
39261,29093,2016-02-16 21:20:00.000000 UTC,28390,29.2402,28.7242
29093,39261,2016-02-04 22:31:40.000000 UTC,3850,29.2403,29.2628
16111,29093,2016-02-09 05:05:00.000000 UTC,15010,29.2404,28.5335
29093,28255,2016-02-01 02:10:00.000000 UTC,19570,29.2405,28.1317
16111,39261,2016-02-07 04:00:00.000000 UTC,33370,29.2408,29.9061
29093,39261,2016-02-01 11:16:40.000000 UTC,1810,29.2411,29.5148
39261,28255,2016-02-15 14:01:40.000000 UTC,2650,29.2415,29.7263
29093,39261,2016-02-03 17:10:00.000000 UTC,10210,29.2417,30.335
39261,28255,2016-02-15 08:01:40.000000 UTC,3070,29.2417,29.6378
29093,39261,2016-02-01 12:05:00.000000 UTC,8110,29.2428,29.3477
16111,39261,2016-02-08 23:45:00.000000 UTC,31750,29.2432,28.2855
39261,28255,2016-02-12 12:50:00.000000 UTC,1630,29.2432,29.2549
29093,28255,2016-02-02 23:31:40.000000 UTC,23350,29.2433,28.6082
39261,28255,2016-02-12 12:31:40.000000 UTC,1630,29.2435,29.295
28255,29093,2016-02-21 22:30:00.000000 UTC,37390,29.2437,29.6783
28255,16111,2016-02-19 05:35:00.000000 UTC,58690,29.2442,31.0369
28255,39261,2016-02-23 19:15:00.000000 UTC,3790,29.2446,29.2384
39261,29093,2016-02-12 19:20:00.000000 UTC,50350,29.2447,30.8331
29093,39261,2016-02-06 01:25:00.000000 UTC,30250,29.2449,29.8775
39261,28255,2016-02-15 20:16:40.000000 UTC,15730,29.2453,28.6522
29093,28255,2016-02-03 02:50:00.000000 UTC,42970,29.2456,30.5519
28255,16111,2016-02-18 06:01:40.000000 UTC,26170,29.246,29.1109
28255,16111,2016-02-20 19:46:40.000000 UTC,38470,29.2465,29.61
39261,28255,2016-02-12 23:05:00.000000 UTC,30310,29.2466,29.2145
29093,28255,2016-02-01 00:35:00.000000 UTC,27730,29.247,29.1121
39261,29093,2016-02-12 20:45:00.000000 UTC,56410,29.2474,30.808
39261,28255,2016-02-13 04:30:00.000000 UTC,40270,29.2478,29.2255
28255,16111,2016-02-19 11:50:00.000000 UTC,34990,29.2478,30.2726
29093,28255,2016-02-04 07:10:00.000000 UTC,42430,29.2485,29.9372
28255,29093,2016-02-19 15:55:00.000000 UTC,31330,29.2488,29.4053
28255,29093,2016-02-18 13:31:40.000000 UTC,36850,29.2494,30.0884
39261,29093,2016-02-13 07:35:00.000000 UTC,47410,29.2499,30.6728
39261,28255,2016-02-15 22:25:00.000000 UTC,31270,29.2499,28.5413
28255,16111,2016-02-23 11:10:00.000000 UTC,41110,29.2503,29.8205
16111,29093,2016-02-08 04:55:00.000000 UTC,20470,29.2507,29.6906
16111,39261,2016-02-06 17:31:40.000000 UTC,3790,29.2514,29.2791
28255,39261,2016-02-18 23:00:00.000000 UTC,54130,29.2516,30.2103
29093,39261,2016-02-01 08:20:00.000000 UTC,31030,29.252,29.0476
29093,16111,2016-02-01 08:20:00.000000 UTC,51310,29.2521,29.2814
29093,39261,2016-02-03 08:00:00.000000 UTC,19090,29.2522,28.8012
39261,28255,2016-02-17 12:25:00.000000 UTC,4690,29.2527,29.2823
39261,28255,2016-02-13 01:40:00.000000 UTC,3850,29.2531,29.2632
28255,16111,2016-02-18 08:16:40.000000 UTC,11890,29.2532,27.1474
29093,39261,2016-02-03 23:00:00.000000 UTC,3850,29.2534,29.2595
39261,28255,2016-02-12 11:10:00.000000 UTC,41230,29.2538,29.6833
29093,28255,2016-02-01 00:25:00.000000 UTC,19570,29.254,29.0745
28255,29093,2016-02-18 05:30:00.000000 UTC,27010,29.2545,29.7188
28255,16111,2016-02-22 22:15:00.000000 UTC,1570,29.2549,29.2609
29093,39261,2016-02-02 02:16:40.000000 UTC,42010,29.2552,29.837
16111,28255,2016-02-06 17:46:40.000000 UTC,14170,29.2552,30.0536
39261,29093,2016-02-17 04:45:00.000000 UTC,43210,29.2555,29.8016
28255,29093,2016-02-18 09:15:00.000000 UTC,31870,29.2555,29.5262
28255,39261,2016-02-22 12:25:00.000000 UTC,3010,29.2555,29.1798
39261,29093,2016-02-12 20:01:40.000000 UTC,33070,29.2556,29.8047
39261,28255,2016-02-12 20:01:40.000000 UTC,21550,29.2558,25.0054
29093,39261,2016-02-01 09:01:40.000000 UTC,15550,29.2561,28.3735
28255,39261,2016-02-20 21:40:00.000000 UTC,9970,29.2561,27.6352
29093,16111,2016-02-04 13:35:00.000000 UTC,36010,29.2568,29.6624
39261,29093,2016-02-12 15:45:00.000000 UTC,44830,29.2568,29.0968
28255,39261,2016-02-19 15:55:00.000000 UTC,55090,29.2569,30.5392
28255,39261,2016-02-23 00:46:40.000000 UTC,45970,29.2574,29.5261
16111,39261,2016-02-06 17:35:00.000000 UTC,3790,29.2578,29.2682
29093,16111,2016-02-04 09:16:40.000000 UTC,54970,29.2583,29.4757
28255,39261,2016-02-18 15:00:00.000000 UTC,1630,29.2584,29.2591
29093,28255,2016-02-01 21:40:00.000000 UTC,41830,29.2585,28.9737
39261,16111,2016-02-13 13:16:40.000000 UTC,36610,29.2587,28.9554
16111,39261,2016-02-10 18:20:00.000000 UTC,19570,29.259,28.0229
28255,39261,2016-02-18 13:31:40.000000 UTC,4150,29.2594,29.264
28255,39261,2016-02-18 13:31:40.000000 UTC,59350,29.2595,29.5573
29093,16111,2016-02-02 11:25:00.000000 UTC,43090,29.2599,30.361
16111,29093,2016-02-09 16:30:00.000000 UTC,55570,29.2599,31.1634
28255,16111,2016-02-20 00:50:00.000000 UTC,25510,29.2605,28.3135
28255,16111,2016-02-19 06:46:40.000000 UTC,30250,29.2606,30.0476
39261,28255,2016-02-13 01:40:00.000000 UTC,58150,29.2607,29.527
16111,28255,2016-02-09 01:30:00.000000 UTC,20650,29.2609,28.5454
28255,39261,2016-02-18 17:25:00.000000 UTC,4270,29.2609,29.2651
28255,16111,2016-02-18 04:30:00.000000 UTC,42430,29.2615,30.7139
39261,28255,2016-02-14 04:15:00.000000 UTC,21910,29.2619,29.874
16111,28255,2016-02-07 04:46:40.000000 UTC,3550,29.262,29.2556
28255,39261,2016-02-18 06:20:00.000000 UTC,3970,29.262,29.2203
28255,29093,2016-02-18 16:35:00.000000 UTC,2290,29.2621,29.5271
16111,29093,2016-02-08 23:45:00.000000 UTC,56830,29.2624,29.4881
29093,16111,2016-02-03 01:10:00.000000 UTC,14110,29.2631,28.53
39261,28255,2016-02-12 16:16:40.000000 UTC,58570,29.2631,29.4945
39261,28255,2016-02-14 02:45:00.000000 UTC,3250,29.2631,29.2465
28255,29093,2016-02-21 11:40:00.000000 UTC,27490,29.2631,27.3055
28255,16111,2016-02-19 01:05:00.000000 UTC,21970,29.2633,29.0317
39261,16111,2016-02-12 11:25:00.000000 UTC,24190,29.2634,27.857
16111,39261,2016-02-07 14:05:00.000000 UTC,1270,29.2635,29.3094
39261,29093,2016-02-14 08:55:00.000000 UTC,53110,29.2637,30.9382
29093,28255,2016-02-02 17:15:00.000000 UTC,24190,29.2638,29.5516
16111,39261,2016-02-06 17:55:00.000000 UTC,29110,29.2638,29.7079
28255,39261,2016-02-23 08:31:40.000000 UTC,46570,29.2641,30.0029
28255,39261,2016-02-18 07:25:00.000000 UTC,1450,29.2647,29.2476
16111,39261,2016-02-06 21:16:40.000000 UTC,1990,29.265,29.4168
28255,39261,2016-02-18 04:55:00.000000 UTC,52870,29.265,29.2639
16111,39261,2016-02-06 18:05:00.000000 UTC,7150,29.2651,28.8607
28255,39261,2016-02-18 14:15:00.000000 UTC,25030,29.2654,29.2671
28255,29093,2016-02-22 05:20:00.000000 UTC,20950,29.2654,29.029
28255,16111,2016-02-21 03:30:00.000000 UTC,2830,29.2656,29.1411
16111,39261,2016-02-08 20:20:00.000000 UTC,49630,29.2657,30.4301
28255,39261,2016-02-22 12:25:00.000000 UTC,45850,29.2659,30.1916
28255,39261,2016-02-23 08:31:40.000000 UTC,58750,29.2659,30.4951
16111,39261,2016-02-12 08:15:00.000000 UTC,49090,29.266,30.0308
28255,16111,2016-02-22 22:15:00.000000 UTC,38590,29.2662,30.0511
29093,39261,2016-02-06 17:30:00.000000 UTC,3370,29.2664,29.2401
29093,16111,2016-02-01 02:10:00.000000 UTC,38710,29.2665,30.9262
16111,28255,2016-02-12 11:00:00.000000 UTC,3670,29.2665,29.3096
29093,16111,2016-02-05 03:10:00.000000 UTC,30010,29.2667,29.5272
28255,39261,2016-02-18 14:15:00.000000 UTC,53770,29.2669,30.2369
16111,28255,2016-02-08 20:20:00.000000 UTC,27850,29.2673,28.8641
39261,28255,2016-02-12 19:20:00.000000 UTC,18730,29.2673,28.956
16111,39261,2016-02-07 02:31:40.000000 UTC,31450,29.2677,29.3323
16111,28255,2016-02-06 23:20:00.000000 UTC,5650,29.2679,27.8454
39261,28255,2016-02-14 04:15:00.000000 UTC,730,29.2681,29.2243
16111,29093,2016-02-11 13:46:40.000000 UTC,52750,29.2682,29.5546
16111,28255,2016-02-06 21:45:00.000000 UTC,38710,29.2687,29.9641
16111,28255,2016-02-07 11:00:00.000000 UTC,4390,29.2687,29.3534
39261,29093,2016-02-17 07:16:40.000000 UTC,35650,29.2688,29.9713
28255,16111,2016-02-19 23:16:40.000000 UTC,31990,29.2691,29.5952
28255,29093,2016-02-21 15:55:00.000000 UTC,3850,29.2691,29.2716
39261,28255,2016-02-12 11:46:40.000000 UTC,30970,29.2694,28.8595
39261,28255,2016-02-15 18:10:00.000000 UTC,26050,29.2696,29.4477
28255,16111,2016-02-18 06:20:00.000000 UTC,15310,29.2698,27.9849
28255,29093,2016-02-18 19:10:00.000000 UTC,29950,29.2706,29.7901
39261,28255,2016-02-14 20:46:40.000000 UTC,44350,29.2708,28.9836
16111,29093,2016-02-06 21:16:40.000000 UTC,55570,29.2709,29.5072
39261,28255,2016-02-12 16:50:00.000000 UTC,12970,29.2711,28.7942
39261,28255,2016-02-15 14:01:40.000000 UTC,49870,29.2711,29.7958
28255,39261,2016-02-22 14:50:00.000000 UTC,28690,29.2712,29.666
16111,39261,2016-02-09 20:31:40.000000 UTC,32110,29.2717,29.4856
28255,29093,2016-02-19 17:20:00.000000 UTC,37150,29.2718,30.1818
16111,39261,2016-02-07 12:00:00.000000 UTC,23890,29.2721,29.4861
16111,29093,2016-02-07 12:00:00.000000 UTC,43030,29.2723,30.9142
16111,29093,2016-02-07 04:46:40.000000 UTC,10690,29.2724,28.9478
29093,28255,2016-02-01 00:25:00.000000 UTC,14110,29.273,29.9628
28255,39261,2016-02-18 04:40:00.000000 UTC,42610,29.2735,29.5105
29093,39261,2016-02-05 20:16:40.000000 UTC,30250,29.2738,29.8586
28255,39261,2016-02-19 15:55:00.000000 UTC,42910,29.2738,30.0199
28255,16111,2016-02-22 07:40:00.000000 UTC,53290,29.2739,30.8848
28255,39261,2016-02-18 06:01:40.000000 UTC,18910,29.2744,28.7616
28255,29093,2016-02-19 17:20:00.000000 UTC,5230,29.2746,27.8027
39261,16111,2016-02-13 14:30:00.000000 UTC,19630,29.2747,28.5431
29093,16111,2016-02-02 10:01:40.000000 UTC,37570,29.2748,30.1814
28255,16111,2016-02-22 22:15:00.000000 UTC,49990,29.2748,30.7628
29093,16111,2016-02-02 04:45:00.000000 UTC,20590,29.275,29.5502
29093,28255,2016-02-02 21:55:00.000000 UTC,43030,29.2751,29.762
39261,28255,2016-02-13 03:31:40.000000 UTC,41590,29.2754,29.9604
29093,16111,2016-02-05 07:55:00.000000 UTC,54430,29.2758,29.4207
29093,16111,2016-02-01 09:01:40.000000 UTC,12370,29.276,27.9881
29093,16111,2016-02-03 01:10:00.000000 UTC,59830,29.276,31.4955
28255,39261,2016-02-18 12:50:00.000000 UTC,1570,29.276,29.2726
28255,39261,2016-02-23 00:46:40.000000 UTC,30010,29.276,28.2673
39261,28255,2016-02-13 10:55:00.000000 UTC,30190,29.2761,28.4136
16111,28255,2016-02-06 20:01:40.000000 UTC,32230,29.2765,29.5911
16111,28255,2016-02-06 22:15:00.000000 UTC,5170,29.2766,28.4044
29093,16111,2016-02-04 09:16:40.000000 UTC,2230,29.2774,28.8517
28255,39261,2016-02-20 00:50:00.000000 UTC,49450,29.2777,30.434
29093,28255,2016-02-01 09:01:40.000000 UTC,6190,29.2787,27.8605
39261,16111,2016-02-12 11:35:00.000000 UTC,41830,29.2787,30.3345
28255,29093,2016-02-22 05:20:00.000000 UTC,41590,29.2787,29.767
28255,16111,2016-02-18 09:15:00.000000 UTC,29290,29.2791,29.6936
28255,39261,2016-02-19 23:16:40.000000 UTC,43150,29.2794,29.9693
29093,39261,2016-02-02 02:16:40.000000 UTC,35410,29.2795,28.4292
28255,16111,2016-02-18 16:35:00.000000 UTC,33370,29.2797,29.8039
39261,28255,2016-02-14 20:46:40.000000 UTC,370,29.2801,29.2428
28255,39261,2016-02-22 12:25:00.000000 UTC,550,29.2803,29.1453
39261,16111,2016-02-12 21:30:00.000000 UTC,26950,29.2806,27.1591
16111,28255,2016-02-10 20:40:00.000000 UTC,38770,29.2808,30.0184
39261,16111,2016-02-12 17:25:00.000000 UTC,34870,29.2808,30.285
39261,16111,2016-02-16 14:10:00.000000 UTC,23470,29.2808,27.4937
16111,29093,2016-02-07 12:00:00.000000 UTC,55930,29.2814,29.4228
29093,39261,2016-02-05 10:20:00.000000 UTC,2110,29.2818,29.4912
39261,16111,2016-02-14 17:15:00.000000 UTC,38710,29.2818,29.9188
28255,39261,2016-02-19 00:01:40.000000 UTC,48130,29.2822,30.0499
28255,29093,2016-02-18 12:50:00.000000 UTC,10990,29.2823,27.404
39261,16111,2016-02-16 23:46:40.000000 UTC,35770,29.2831,30.1727
16111,39261,2016-02-07 04:46:40.000000 UTC,25930,29.2834,29.1681
39261,28255,2016-02-12 12:50:00.000000 UTC,19030,29.2834,28.9074
16111,29093,2016-02-08 03:31:40.000000 UTC,26710,29.2836,30.6516
16111,29093,2016-02-11 11:15:00.000000 UTC,50410,29.2836,29.5578
28255,39261,2016-02-19 13:10:00.000000 UTC,30130,29.2837,28.7154
16111,39261,2016-02-11 11:15:00.000000 UTC,49330,29.2839,30.3802
16111,29093,2016-02-07 22:15:00.000000 UTC,2890,29.284,29.2394
16111,28255,2016-02-08 06:20:00.000000 UTC,28450,29.2842,29.6202
29093,39261,2016-02-01 15:35:00.000000 UTC,2710,29.2843,29.1693
29093,28255,2016-02-01 21:40:00.000000 UTC,29770,29.2843,28.2809
29093,28255,2016-02-02 23:31:40.000000 UTC,4330,29.2844,29.3669
28255,16111,2016-02-20 23:35:00.000000 UTC,39310,29.2845,29.6409
16111,28255,2016-02-12 05:31:40.000000 UTC,11710,29.2847,28.1646
28255,39261,2016-02-20 19:46:40.000000 UTC,30910,29.2848,27.3313
28255,29093,2016-02-18 05:16:40.000000 UTC,39970,29.2849,29.5249
28255,39261,2016-02-19 08:00:00.000000 UTC,31990,29.285,28.9361
16111,39261,2016-02-10 02:46:40.000000 UTC,6190,29.2852,27.9127
28255,29093,2016-02-18 08:45:00.000000 UTC,6130,29.2854,27.7557
28255,29093,2016-02-18 11:31:40.000000 UTC,42370,29.2855,29.1288
28255,39261,2016-02-18 10:20:00.000000 UTC,4090,29.2856,29.2679
39261,28255,2016-02-13 14:30:00.000000 UTC,17890,29.2857,28.9565
39261,16111,2016-02-12 22:16:40.000000 UTC,39070,29.2859,30.3483
39261,28255,2016-02-15 00:25:00.000000 UTC,2290,29.2862,28.4023
16111,29093,2016-02-06 21:45:00.000000 UTC,53530,29.2866,30.4513
39261,29093,2016-02-13 13:16:40.000000 UTC,22870,29.2867,29.0601
39261,16111,2016-02-14 15:31:40.000000 UTC,18790,29.2869,28.0876
39261,28255,2016-02-15 08:01:40.000000 UTC,45370,29.2874,30.004
16111,29093,2016-02-07 05:35:00.000000 UTC,59770,29.2875,31.4209
16111,29093,2016-02-07 00:31:40.000000 UTC,49450,29.2885,30.6819
16111,29093,2016-02-11 13:46:40.000000 UTC,45070,29.2885,30.0613
39261,28255,2016-02-12 12:31:40.000000 UTC,54010,29.2887,30.4539
28255,29093,2016-02-19 09:15:00.000000 UTC,32770,29.2887,29.6245
39261,16111,2016-02-12 20:01:40.000000 UTC,28510,29.2888,30.1709
29093,16111,2016-02-01 10:30:00.000000 UTC,55030,29.2891,30.88
28255,39261,2016-02-20 09:01:40.000000 UTC,27010,29.2891,28.9351
29093,16111,2016-02-02 08:40:00.000000 UTC,42970,29.2892,29.908
16111,39261,2016-02-06 18:16:40.000000 UTC,1510,29.2896,29.3034
28255,39261,2016-02-19 15:55:00.000000 UTC,2230,29.2898,29.3893
16111,28255,2016-02-07 00:31:40.000000 UTC,27490,29.2899,29.8805
39261,16111,2016-02-12 15:45:00.000000 UTC,3730,29.2903,26.9507
39261,16111,2016-02-12 13:55:00.000000 UTC,46270,29.2904,29.4835
16111,29093,2016-02-08 03:31:40.000000 UTC,19990,29.2906,28.4991
16111,39261,2016-02-06 18:45:00.000000 UTC,3970,29.291,29.2984
16111,39261,2016-02-11 03:50:00.000000 UTC,3730,29.2919,29.299
28255,39261,2016-02-20 14:16:40.000000 UTC,43990,29.2919,30.2184
39261,16111,2016-02-13 14:30:00.000000 UTC,34570,29.292,29.7792
16111,29093,2016-02-06 18:05:00.000000 UTC,2290,29.2921,28.8526
39261,28255,2016-02-12 11:35:00.000000 UTC,4270,29.2923,29.3159
29093,16111,2016-02-03 15:16:40.000000 UTC,20050,29.2925,30.1524
28255,39261,2016-02-20 07:20:00.000000 UTC,27070,29.2927,28.6581
16111,29093,2016-02-12 02:50:00.000000 UTC,22930,29.2928,29.809
39261,28255,2016-02-12 20:45:00.000000 UTC,40870,29.2936,29.7921
16111,39261,2016-02-06 20:01:40.000000 UTC,47950,29.2941,30.3132
29093,16111,2016-02-02 18:46:40.000000 UTC,20290,29.2943,29.6697
39261,29093,2016-02-13 03:31:40.000000 UTC,59650,29.2952,31.0288
29093,16111,2016-02-01 02:31:40.000000 UTC,44050,29.2953,30.6321
28255,16111,2016-02-21 22:30:00.000000 UTC,23110,29.2953,29.2773
16111,29093,2016-02-09 14:31:40.000000 UTC,57250,29.2954,29.5593
28255,16111,2016-02-21 20:16:40.000000 UTC,1690,29.2955,29.3213
28255,39261,2016-02-19 00:01:40.000000 UTC,31750,29.2957,28.6738
29093,28255,2016-02-04 11:25:00.000000 UTC,13090,29.296,28.7961
16111,29093,2016-02-09 05:05:00.000000 UTC,14950,29.2961,28.3499
16111,28255,2016-02-11 21:31:40.000000 UTC,15370,29.2965,29.0747
28255,39261,2016-02-21 11:40:00.000000 UTC,44890,29.2975,30.2453
29093,16111,2016-02-01 01:15:00.000000 UTC,49810,29.2976,30.9635
16111,39261,2016-02-10 07:05:00.000000 UTC,1450,29.2976,29.3371
39261,29093,2016-02-13 23:50:00.000000 UTC,37570,29.2979,29.8291
16111,28255,2016-02-08 22:01:40.000000 UTC,10750,29.298,27.8459
28255,16111,2016-02-18 04:46:40.000000 UTC,2350,29.298,29.607
16111,29093,2016-02-07 03:15:00.000000 UTC,55750,29.2993,29.3481
29093,39261,2016-02-01 16:31:40.000000 UTC,5410,29.3002,28.5696
28255,16111,2016-02-19 00:01:40.000000 UTC,16630,29.3004,28.9966
28255,16111,2016-02-23 16:31:40.000000 UTC,56650,29.3006,30.1464
28255,16111,2016-02-18 05:05:00.000000 UTC,30430,29.3011,30.0856
16111,28255,2016-02-07 04:00:00.000000 UTC,23890,29.3013,29.5822
16111,39261,2016-02-09 03:16:40.000000 UTC,2710,29.302,29.1352
28255,29093,2016-02-19 23:16:40.000000 UTC,9610,29.302,27.744
29093,16111,2016-02-04 05:05:00.000000 UTC,32290,29.3027,29.9599
16111,39261,2016-02-11 11:15:00.000000 UTC,26290,29.3027,29.9941
28255,16111,2016-02-22 19:45:00.000000 UTC,24190,29.3027,28.5596
39261,29093,2016-02-12 11:16:40.000000 UTC,29290,29.3031,29.5579
16111,39261,2016-02-08 17:01:40.000000 UTC,16450,29.3032,21.171
29093,16111,2016-02-05 07:55:00.000000 UTC,54370,29.3034,29.5809
16111,39261,2016-02-07 06:25:00.000000 UTC,4750,29.3035,28.1315
29093,39261,2016-02-01 18:30:00.000000 UTC,39970,29.3037,29.68
29093,28255,2016-02-02 18:46:40.000000 UTC,28630,29.3041,29.4989
29093,16111,2016-02-03 15:16:40.000000 UTC,55390,29.3041,29.6542
28255,39261,2016-02-19 15:55:00.000000 UTC,4690,29.3045,29.192
39261,16111,2016-02-15 18:10:00.000000 UTC,5890,29.3048,29.2107
29093,28255,2016-02-01 23:55:00.000000 UTC,37090,29.3049,30.3424
28255,29093,2016-02-18 05:30:00.000000 UTC,55150,29.3049,30.345
39261,29093,2016-02-15 22:25:00.000000 UTC,37690,29.305,29.7596
16111,28255,2016-02-11 03:50:00.000000 UTC,58330,29.3052,30.6408
16111,29093,2016-02-11 16:20:00.000000 UTC,22870,29.3053,30.2544
28255,16111,2016-02-21 01:31:40.000000 UTC,43270,29.3063,30.5897
28255,29093,2016-02-21 01:31:40.000000 UTC,19210,29.307,29.8574
28255,39261,2016-02-18 23:00:00.000000 UTC,22810,29.3074,26.7294
28255,39261,2016-02-20 16:05:00.000000 UTC,25630,29.3076,29.4298
16111,28255,2016-02-06 17:31:40.000000 UTC,15790,29.308,28.765
28255,29093,2016-02-18 14:15:00.000000 UTC,31210,29.3081,29.918
28255,16111,2016-02-20 04:01:40.000000 UTC,36550,29.3081,29.8237
29093,28255,2016-02-05 05:31:40.000000 UTC,4090,29.3082,29.3329
28255,16111,2016-02-19 05:35:00.000000 UTC,13630,29.3089,29.6785
28255,39261,2016-02-19 15:55:00.000000 UTC,20650,29.309,27.9626
29093,28255,2016-02-01 02:55:00.000000 UTC,37930,29.3091,28.9618
28255,39261,2016-02-19 23:16:40.000000 UTC,43210,29.3091,30.0484
29093,39261,2016-02-01 23:55:00.000000 UTC,29290,29.3092,29.7836
29093,16111,2016-02-04 11:25:00.000000 UTC,24910,29.3095,29.7525
39261,29093,2016-02-13 14:30:00.000000 UTC,4450,29.3095,29.4097
16111,28255,2016-02-10 09:16:40.000000 UTC,28810,29.3096,29.9089
28255,16111,2016-02-22 19:45:00.000000 UTC,34750,29.31,29.8543
28255,39261,2016-02-18 05:45:00.000000 UTC,4030,29.3102,29.3175
39261,16111,2016-02-15 10:00:00.000000 UTC,19570,29.3103,27.9143
16111,28255,2016-02-09 12:35:00.000000 UTC,41710,29.3104,30.0296
28255,29093,2016-02-18 05:45:00.000000 UTC,38350,29.3108,30.0506
28255,29093,2016-02-19 06:46:40.000000 UTC,1630,29.3115,29.3569
28255,29093,2016-02-20 07:20:00.000000 UTC,33970,29.3115,29.7171
16111,29093,2016-02-09 10:40:00.000000 UTC,32890,29.312,30.3546
28255,16111,2016-02-18 17:25:00.000000 UTC,34870,29.3122,29.0262
29093,39261,2016-02-02 18:46:40.000000 UTC,46090,29.3129,29.9373
29093,16111,2016-02-01 08:20:00.000000 UTC,27010,29.3132,30.1801
28255,29093,2016-02-23 16:31:40.000000 UTC,30310,29.3133,29.9017
28255,39261,2016-02-20 23:35:00.000000 UTC,3490,29.3135,28.9891
28255,16111,2016-02-21 07:31:40.000000 UTC,9730,29.314,29.1152
39261,28255,2016-02-13 15:45:00.000000 UTC,3610,29.3145,29.316
16111,39261,2016-02-07 19:46:40.000000 UTC,49030,29.3153,30.9016
28255,39261,2016-02-22 10:01:40.000000 UTC,45670,29.3155,30.0293
28255,29093,2016-02-19 01:05:00.000000 UTC,56830,29.3157,30.2006
16111,29093,2016-02-08 12:16:40.000000 UTC,11470,29.3161,29.2268
28255,16111,2016-02-20 12:30:00.000000 UTC,35890,29.3161,30.008
16111,29093,2016-02-12 02:50:00.000000 UTC,35950,29.3162,29.7343
16111,28255,2016-02-11 13:46:40.000000 UTC,1870,29.3164,29.448
28255,29093,2016-02-18 04:46:40.000000 UTC,23650,29.3165,28.022
29093,16111,2016-02-06 17:30:00.000000 UTC,53470,29.3166,29.5967
16111,29093,2016-02-08 04:55:00.000000 UTC,48970,29.3166,30.9057
28255,39261,2016-02-20 07:20:00.000000 UTC,49330,29.3166,29.8626
16111,28255,2016-02-06 18:45:00.000000 UTC,4330,29.3172,28.3414
28255,29093,2016-02-23 05:55:00.000000 UTC,2650,29.318,29.1321
28255,16111,2016-02-19 09:15:00.000000 UTC,29530,29.3183,29.7423
28255,16111,2016-02-19 13:10:00.000000 UTC,18910,29.3183,29.8859
16111,29093,2016-02-11 06:16:40.000000 UTC,2050,29.3191,29.1145
29093,16111,2016-02-02 21:55:00.000000 UTC,20170,29.32,29.5727
39261,28255,2016-02-12 11:25:00.000000 UTC,4270,29.3209,29.3282
29093,39261,2016-02-06 09:20:00.000000 UTC,26530,29.321,29.9723
39261,28255,2016-02-12 11:35:00.000000 UTC,24850,29.3214,29.2239
39261,16111,2016-02-12 11:01:40.000000 UTC,8890,29.3218,28.9254
28255,29093,2016-02-18 05:16:40.000000 UTC,38350,29.3224,29.9088
39261,29093,2016-02-14 01:16:40.000000 UTC,37210,29.3227,29.7413
29093,39261,2016-02-02 01:05:00.000000 UTC,4150,29.3231,29.3483
16111,39261,2016-02-08 22:01:40.000000 UTC,14230,29.3232,30.0927
16111,39261,2016-02-12 00:10:00.000000 UTC,3610,29.3236,29.3103
39261,16111,2016-02-12 12:15:00.000000 UTC,46810,29.3242,29.732
16111,28255,2016-02-07 21:00:00.000000 UTC,50170,29.3243,30.2695
16111,29093,2016-02-07 07:16:40.000000 UTC,13690,29.3247,28.0005
16111,29093,2016-02-10 16:01:40.000000 UTC,27970,29.3248,30.3858
39261,28255,2016-02-15 00:25:00.000000 UTC,34210,29.3253,29.1453
29093,39261,2016-02-05 15:15:00.000000 UTC,5590,29.3258,28.3378
39261,28255,2016-02-12 16:16:40.000000 UTC,4150,29.3259,29.345
28255,29093,2016-02-23 03:20:00.000000 UTC,42670,29.3262,29.4299
28255,16111,2016-02-18 21:01:40.000000 UTC,11710,29.3263,29.0324
29093,39261,2016-02-01 01:31:40.000000 UTC,35530,29.3266,29.4044
16111,28255,2016-02-07 23:31:40.000000 UTC,20470,29.3275,28.7343
39261,28255,2016-02-13 10:55:00.000000 UTC,29950,29.3275,28.9532
29093,16111,2016-02-02 07:20:00.000000 UTC,26590,29.3276,30.2833
39261,29093,2016-02-13 03:31:40.000000 UTC,48490,29.3277,30.8871
39261,28255,2016-02-18 04:30:00.000000 UTC,1750,29.3281,29.3524
28255,16111,2016-02-21 03:30:00.000000 UTC,2770,29.3285,28.984
16111,39261,2016-02-07 22:15:00.000000 UTC,55810,29.3287,31.163
29093,39261,2016-02-01 09:45:00.000000 UTC,49690,29.3288,29.9923
28255,16111,2016-02-23 16:31:40.000000 UTC,45310,29.329,29.5117
16111,28255,2016-02-09 01:30:00.000000 UTC,34870,29.3291,29.2574
29093,28255,2016-02-01 05:16:40.000000 UTC,2590,29.3294,29.1699
16111,28255,2016-02-09 12:35:00.000000 UTC,43030,29.3297,30.225
29093,39261,2016-02-05 12:46:40.000000 UTC,4870,29.3298,28.5096
29093,39261,2016-02-02 10:01:40.000000 UTC,21610,29.3299,29.1523
28255,39261,2016-02-18 06:20:00.000000 UTC,30730,29.3312,29.1771
16111,29093,2016-02-06 21:45:00.000000 UTC,32830,29.3316,29.5035
28255,16111,2016-02-19 15:55:00.000000 UTC,39550,29.3316,30.3561
29093,28255,2016-02-01 09:45:00.000000 UTC,4690,29.3318,29.3397
29093,39261,2016-02-01 16:31:40.000000 UTC,33310,29.3319,29.3484
39261,16111,2016-02-13 14:30:00.000000 UTC,51550,29.332,30.7005
28255,39261,2016-02-19 02:10:00.000000 UTC,1870,29.332,29.3779
29093,39261,2016-02-02 08:40:00.000000 UTC,9730,29.3321,27.7617
39261,29093,2016-02-16 11:50:00.000000 UTC,46270,29.3322,30.8881
16111,39261,2016-02-09 20:31:40.000000 UTC,56470,29.3325,30.5982
28255,39261,2016-02-19 21:45:00.000000 UTC,49030,29.3327,30.0245
28255,16111,2016-02-18 19:10:00.000000 UTC,32710,29.333,29.6558
39261,29093,2016-02-13 06:31:40.000000 UTC,47410,29.3331,30.1803
16111,29093,2016-02-08 06:20:00.000000 UTC,43330,29.3333,30.6386
16111,28255,2016-02-06 17:40:00.000000 UTC,43450,29.3337,29.625
39261,28255,2016-02-13 09:46:40.000000 UTC,57910,29.3341,29.7049
16111,28255,2016-02-06 17:46:40.000000 UTC,14290,29.3351,30.1686
39261,28255,2016-02-13 06:31:40.000000 UTC,18250,29.3353,28.9219
29093,39261,2016-02-01 01:15:00.000000 UTC,47710,29.3356,30.0749
16111,39261,2016-02-08 22:01:40.000000 UTC,51910,29.3357,29.2946
39261,29093,2016-02-15 10:00:00.000000 UTC,35050,29.3357,29.7271
16111,28255,2016-02-07 05:35:00.000000 UTC,1330,29.3362,29.3499
28255,29093,2016-02-20 21:40:00.000000 UTC,15610,29.3365,29.8267
39261,28255,2016-02-14 10:31:40.000000 UTC,46750,29.3374,29.3829
29093,28255,2016-02-05 22:50:00.000000 UTC,20650,29.3378,28.9312
16111,29093,2016-02-12 00:10:00.000000 UTC,22810,29.338,29.5685
16111,29093,2016-02-11 11:15:00.000000 UTC,45730,29.3381,31.2061
39261,28255,2016-02-16 09:31:40.000000 UTC,38710,29.3382,29.3481
28255,39261,2016-02-21 07:31:40.000000 UTC,2230,29.339,29.4755
29093,39261,2016-02-01 06:25:00.000000 UTC,26530,29.3392,29.3289
39261,16111,2016-02-16 14:10:00.000000 UTC,28390,29.3392,29.4335
39261,28255,2016-02-15 00:25:00.000000 UTC,2590,29.3393,29.1082
16111,28255,2016-02-06 17:35:00.000000 UTC,21610,29.3403,29.123
16111,28255,2016-02-07 03:15:00.000000 UTC,57730,29.3406,30.1903
16111,29093,2016-02-08 07:46:40.000000 UTC,31810,29.3407,29.615
28255,39261,2016-02-21 13:46:40.000000 UTC,57910,29.3408,30.2696
28255,39261,2016-02-23 00:46:40.000000 UTC,5890,29.3408,28.4323
28255,39261,2016-02-19 21:45:00.000000 UTC,37270,29.3409,29.9395
39261,28255,2016-02-12 11:46:40.000000 UTC,36850,29.3417,29.0442
39261,16111,2016-02-12 15:15:00.000000 UTC,12970,29.3417,30.9541
16111,28255,2016-02-07 13:01:40.000000 UTC,26230,29.3426,29.1356
39261,29093,2016-02-15 22:25:00.000000 UTC,38050,29.3437,30.3268
28255,16111,2016-02-18 17:25:00.000000 UTC,33370,29.3439,30.0326
39261,16111,2016-02-15 00:25:00.000000 UTC,42610,29.344,30.4185
39261,28255,2016-02-12 11:16:40.000000 UTC,53050,29.3441,29.833
29093,16111,2016-02-03 23:00:00.000000 UTC,19390,29.3443,29.1827
16111,28255,2016-02-10 11:30:00.000000 UTC,1690,29.3447,29.4607
39261,28255,2016-02-13 22:25:00.000000 UTC,21910,29.345,29.5204
39261,29093,2016-02-13 10:55:00.000000 UTC,58090,29.3463,31.2597
29093,28255,2016-02-02 10:01:40.000000 UTC,9730,29.3465,29.9885
39261,16111,2016-02-15 14:01:40.000000 UTC,50230,29.347,30.7045
28255,29093,2016-02-18 12:10:00.000000 UTC,54250,29.347,31.0542
16111,28255,2016-02-10 04:55:00.000000 UTC,51670,29.3474,30.5001
28255,29093,2016-02-18 05:05:00.000000 UTC,23290,29.3474,29.012
39261,28255,2016-02-15 12:00:00.000000 UTC,26890,29.3475,29.8542
28255,29093,2016-02-23 08:31:40.000000 UTC,2530,29.3475,29.6342
16111,28255,2016-02-11 01:25:00.000000 UTC,2410,29.3479,29.0439
39261,16111,2016-02-12 18:01:40.000000 UTC,45550,29.3482,30.1427
28255,39261,2016-02-23 08:31:40.000000 UTC,40390,29.3482,29.5717
39261,16111,2016-02-12 18:01:40.000000 UTC,39910,29.3484,29.8671
28255,39261,2016-02-19 18:46:40.000000 UTC,42910,29.3488,29.8899
16111,29093,2016-02-06 22:46:40.000000 UTC,2470,29.3489,29.1325
39261,28255,2016-02-15 20:16:40.000000 UTC,26770,29.3489,29.8581
28255,39261,2016-02-18 06:20:00.000000 UTC,4030,29.3489,29.34
28255,16111,2016-02-19 20:15:00.000000 UTC,3310,29.3491,28.0985
28255,16111,2016-02-18 06:01:40.000000 UTC,35470,29.3494,29.411
29093,39261,2016-02-05 22:50:00.000000 UTC,4090,29.3495,29.3672
39261,28255,2016-02-12 14:46:40.000000 UTC,1570,29.3499,29.3415
39261,28255,2016-02-14 12:10:00.000000 UTC,5530,29.35,27.8657
28255,29093,2016-02-19 13:10:00.000000 UTC,6130,29.3501,27.5948
39261,29093,2016-02-13 05:30:00.000000 UTC,2530,29.3503,29.6846
39261,16111,2016-02-13 19:40:00.000000 UTC,12550,29.3508,29.0722
29093,28255,2016-02-05 22:50:00.000000 UTC,34510,29.3511,29.5048
28255,39261,2016-02-21 07:31:40.000000 UTC,7510,29.3511,27.9811
16111,29093,2016-02-08 12:16:40.000000 UTC,43690,29.3519,30.948
16111,28255,2016-02-10 02:46:40.000000 UTC,20590,29.352,28.3233
29093,16111,2016-02-01 07:01:40.000000 UTC,22990,29.3521,29.8173
28255,29093,2016-02-22 19:45:00.000000 UTC,3910,29.3522,29.3012
16111,39261,2016-02-06 17:30:00.000000 UTC,42490,29.3526,30.1076
16111,29093,2016-02-12 00:10:00.000000 UTC,22930,29.3526,29.9994
39261,16111,2016-02-12 11:25:00.000000 UTC,4510,29.3529,28.2846
39261,28255,2016-02-12 21:30:00.000000 UTC,52090,29.3532,28.6287
29093,39261,2016-02-02 23:31:40.000000 UTC,3910,29.3538,29.3719
39261,28255,2016-02-12 17:25:00.000000 UTC,4090,29.3545,29.3852
16111,29093,2016-02-10 00:40:00.000000 UTC,33430,29.3547,30.5747
28255,39261,2016-02-19 15:55:00.000000 UTC,55030,29.3549,30.4677
28255,16111,2016-02-23 00:46:40.000000 UTC,37870,29.3558,29.7417
29093,28255,2016-02-06 04:01:40.000000 UTC,40150,29.3562,30.3017
28255,29093,2016-02-20 00:50:00.000000 UTC,35350,29.3564,29.8518
16111,39261,2016-02-09 10:40:00.000000 UTC,4030,29.3565,29.3732
29093,28255,2016-02-01 02:31:40.000000 UTC,26770,29.3566,30.1609
16111,39261,2016-02-12 05:31:40.000000 UTC,4510,29.3567,29.4368
28255,16111,2016-02-23 03:20:00.000000 UTC,44890,29.3568,28.8169
28255,16111,2016-02-22 00:45:00.000000 UTC,12010,29.357,27.5121
16111,28255,2016-02-07 02:31:40.000000 UTC,35290,29.3571,29.8054
39261,28255,2016-02-12 16:50:00.000000 UTC,4210,29.3576,29.4469
28255,29093,2016-02-18 09:46:40.000000 UTC,16630,29.3576,29.1458
28255,39261,2016-02-18 04:55:00.000000 UTC,30010,29.3579,29.6509
39261,16111,2016-02-13 12:05:00.000000 UTC,53110,29.3585,30.5843
29093,16111,2016-02-01 05:16:40.000000 UTC,21190,29.359,29.5892
39261,28255,2016-02-14 13:50:00.000000 UTC,5170,29.3593,28.5904
39261,29093,2016-02-12 21:30:00.000000 UTC,43990,29.3594,30.2656
28255,29093,2016-02-21 07:31:40.000000 UTC,34810,29.3594,29.6765
28255,16111,2016-02-18 20:05:00.000000 UTC,1330,29.3595,29.3571
29093,16111,2016-02-01 18:30:00.000000 UTC,43630,29.3597,30.5172
16111,39261,2016-02-06 17:40:00.000000 UTC,40990,29.3599,29.6526
39261,28255,2016-02-13 07:35:00.000000 UTC,3850,29.36,29.3725
39261,29093,2016-02-15 10:00:00.000000 UTC,40510,29.36,29.6038
39261,29093,2016-02-15 18:10:00.000000 UTC,12790,29.36,27.3192
16111,29093,2016-02-12 08:15:00.000000 UTC,8590,29.3603,27.7065
29093,28255,2016-02-03 13:25:00.000000 UTC,45010,29.3606,30.7003
16111,29093,2016-02-07 05:35:00.000000 UTC,48430,29.3606,30.9998
16111,39261,2016-02-07 16:16:40.000000 UTC,7570,29.3609,28.1541
29093,16111,2016-02-03 02:50:00.000000 UTC,43090,29.361,31.0857
28255,39261,2016-02-19 06:46:40.000000 UTC,42370,29.361,29.834
16111,39261,2016-02-09 05:05:00.000000 UTC,6130,29.3614,27.7272
39261,28255,2016-02-13 22:25:00.000000 UTC,57850,29.3615,30.4931
28255,16111,2016-02-19 11:50:00.000000 UTC,34750,29.3615,30.0091
16111,39261,2016-02-06 18:05:00.000000 UTC,3850,29.3621,29.3709
39261,16111,2016-02-14 02:45:00.000000 UTC,30610,29.3622,27.9716
28255,16111,2016-02-21 15:55:00.000000 UTC,34270,29.3623,29.9629
29093,39261,2016-02-01 11:16:40.000000 UTC,25030,29.3624,26.7113
39261,29093,2016-02-17 20:20:00.000000 UTC,11890,29.3627,28.0819
28255,29093,2016-02-20 19:46:40.000000 UTC,8350,29.3628,28.174
28255,39261,2016-02-19 04:25:00.000000 UTC,42130,29.363,29.587
28255,39261,2016-02-22 00:45:00.000000 UTC,28810,29.363,28.7351
39261,29093,2016-02-12 11:46:40.000000 UTC,29170,29.3633,29.4959
29093,28255,2016-02-05 15:15:00.000000 UTC,37090,29.3636,29.4675
28255,16111,2016-02-19 21:45:00.000000 UTC,32650,29.3638,30.049
39261,28255,2016-02-13 02:35:00.000000 UTC,6970,29.3646,28.0088
29093,28255,2016-02-05 17:45:00.000000 UTC,45310,29.3649,29.8352
28255,16111,2016-02-21 18:05:00.000000 UTC,23350,29.3649,29.9912
39261,29093,2016-02-15 00:25:00.000000 UTC,37210,29.366,29.5136
28255,29093,2016-02-19 00:01:40.000000 UTC,24370,29.3669,30.0846
39261,29093,2016-02-12 14:46:40.000000 UTC,4510,29.3673,29.4242
28255,39261,2016-02-20 16:05:00.000000 UTC,15430,29.3674,28.4539
39261,28255,2016-02-12 12:31:40.000000 UTC,25090,29.3675,28.6354
16111,39261,2016-02-11 13:46:40.000000 UTC,43630,29.3677,29.4295
39261,16111,2016-02-12 12:15:00.000000 UTC,18250,29.3677,27.5314
16111,29093,2016-02-06 18:05:00.000000 UTC,55450,29.3682,29.5712
28255,39261,2016-02-18 19:10:00.000000 UTC,29470,29.3685,29.0518
39261,29093,2016-02-13 23:50:00.000000 UTC,43210,29.3686,30.0405
29093,39261,2016-02-02 08:40:00.000000 UTC,37030,29.3693,28.4497
39261,16111,2016-02-12 12:00:00.000000 UTC,25330,29.3694,30.4507
28255,39261,2016-02-18 08:16:40.000000 UTC,47770,29.3695,30.3531
28255,39261,2016-02-18 19:10:00.000000 UTC,41770,29.3702,29.6526
28255,16111,2016-02-20 10:45:00.000000 UTC,51610,29.3704,29.8393
28255,16111,2016-02-20 19:46:40.000000 UTC,49630,29.3706,29.8907
39261,16111,2016-02-12 21:30:00.000000 UTC,44830,29.3707,30.4573
28255,39261,2016-02-23 05:55:00.000000 UTC,52630,29.3707,30.3392
28255,29093,2016-02-22 00:45:00.000000 UTC,2770,29.371,29.2652
28255,29093,2016-02-19 06:46:40.000000 UTC,3910,29.3711,29.3749
39261,16111,2016-02-12 11:25:00.000000 UTC,2530,29.3713,29.6637
28255,29093,2016-02-23 08:31:40.000000 UTC,19570,29.3719,29.7807
39261,16111,2016-02-13 06:31:40.000000 UTC,30790,29.3723,29.1909
28255,29093,2016-02-21 15:55:00.000000 UTC,33070,29.3724,29.5399
28255,39261,2016-02-22 12:25:00.000000 UTC,35110,29.3724,29.1744
28255,16111,2016-02-18 04:55:00.000000 UTC,23890,29.3726,27.4501
28255,29093,2016-02-19 04:25:00.000000 UTC,33730,29.3733,29.71
28255,39261,2016-02-21 15:55:00.000000 UTC,22630,29.3733,28.1857
39261,29093,2016-02-16 09:31:40.000000 UTC,31150,29.3734,28.8363
28255,29093,2016-02-19 06:46:40.000000 UTC,33190,29.3742,29.5228
39261,16111,2016-02-13 10:55:00.000000 UTC,36010,29.3747,30.4315
28255,29093,2016-02-20 19:46:40.000000 UTC,2950,29.3747,29.2926
16111,39261,2016-02-06 17:40:00.000000 UTC,3850,29.3748,29.3969
28255,29093,2016-02-19 01:05:00.000000 UTC,51670,29.3748,30.9317
16111,28255,2016-02-07 07:16:40.000000 UTC,40630,29.3752,29.3149
28255,29093,2016-02-22 22:15:00.000000 UTC,38410,29.3752,30.0276
28255,39261,2016-02-22 00:45:00.000000 UTC,2710,29.3755,29.2513
16111,28255,2016-02-07 14:05:00.000000 UTC,54850,29.3757,30.9786
39261,16111,2016-02-12 19:20:00.000000 UTC,4450,29.3758,29.4598
39261,28255,2016-02-14 02:45:00.000000 UTC,3310,29.3759,29.3594
29093,39261,2016-02-02 03:30:00.000000 UTC,4450,29.376,29.4398
29093,28255,2016-02-01 07:01:40.000000 UTC,11350,29.3763,28.8277
16111,39261,2016-02-07 03:15:00.000000 UTC,19990,29.3763,29.9568
39261,28255,2016-02-15 02:16:40.000000 UTC,3250,29.3764,29.7347
28255,16111,2016-02-19 05:35:00.000000 UTC,47290,29.3764,30.4071
28255,29093,2016-02-18 12:10:00.000000 UTC,36550,29.3766,28.9514
16111,28255,2016-02-12 08:15:00.000000 UTC,3370,29.3771,29.3543
28255,16111,2016-02-18 05:30:00.000000 UTC,52630,29.3771,30.4913
39261,28255,2016-02-12 22:16:40.000000 UTC,1390,29.3772,29.3643
29093,16111,2016-02-03 23:00:00.000000 UTC,19990,29.3773,30.3713
39261,28255,2016-02-13 13:16:40.000000 UTC,12190,29.3775,28.5408
16111,29093,2016-02-11 06:16:40.000000 UTC,29950,29.3776,29.2012
39261,16111,2016-02-13 06:31:40.000000 UTC,42430,29.3779,30.386
39261,29093,2016-02-13 17:01:40.000000 UTC,4150,29.378,29.3922
28255,29093,2016-02-18 05:45:00.000000 UTC,17530,29.3784,28.8704
16111,29093,2016-02-06 21:45:00.000000 UTC,59170,29.3786,30.5888
16111,28255,2016-02-10 18:20:00.000000 UTC,5830,29.3786,25.9362
29093,16111,2016-02-01 01:31:40.000000 UTC,38530,29.3787,30.4802
28255,39261,2016-02-20 12:30:00.000000 UTC,37390,29.379,29.3137
39261,28255,2016-02-12 20:01:40.000000 UTC,4150,29.3792,29.4423
28255,29093,2016-02-20 10:45:00.000000 UTC,12970,29.3798,27.6619
28255,29093,2016-02-19 10:31:40.000000 UTC,28510,29.3799,29.2858
29093,16111,2016-02-03 09:46:40.000000 UTC,55450,29.3805,29.7949
16111,39261,2016-02-07 07:16:40.000000 UTC,14350,29.3805,28.6169
28255,29093,2016-02-22 10:01:40.000000 UTC,35230,29.3806,29.8173
39261,29093,2016-02-12 21:30:00.000000 UTC,43930,29.3813,30.1617
28255,16111,2016-02-20 02:25:00.000000 UTC,21730,29.3815,29.3817
29093,39261,2016-02-02 11:25:00.000000 UTC,4270,29.3818,28.2405
39261,16111,2016-02-14 05:46:40.000000 UTC,1570,29.3819,26.7371
16111,39261,2016-02-09 16:30:00.000000 UTC,20890,29.382,29.0058
29093,39261,2016-02-02 10:01:40.000000 UTC,20470,29.3823,29.9795
16111,39261,2016-02-10 00:40:00.000000 UTC,44590,29.3826,27.9547
28255,39261,2016-02-18 15:46:40.000000 UTC,4390,29.3836,29.5637
28255,16111,2016-02-22 05:20:00.000000 UTC,43330,29.3837,30.5687
39261,29093,2016-02-13 04:30:00.000000 UTC,21130,29.3838,29.4068
28255,39261,2016-02-18 14:15:00.000000 UTC,41530,29.384,29.5943
29093,16111,2016-02-05 00:50:00.000000 UTC,54370,29.3851,29.9659
29093,28255,2016-02-04 11:25:00.000000 UTC,13450,29.3863,29.5719
39261,29093,2016-02-13 03:31:40.000000 UTC,37030,29.3864,30.1543
16111,29093,2016-02-06 19:40:00.000000 UTC,55450,29.3865,29.6881
29093,28255,2016-02-01 18:30:00.000000 UTC,35530,29.3866,29.4596
16111,28255,2016-02-10 07:05:00.000000 UTC,40150,29.3866,29.9365
28255,16111,2016-02-20 02:25:00.000000 UTC,21550,29.3866,29.7028
39261,29093,2016-02-14 08:55:00.000000 UTC,35350,29.3867,29.622
16111,29093,2016-02-08 03:31:40.000000 UTC,56170,29.3868,29.8487
28255,39261,2016-02-18 20:05:00.000000 UTC,54070,29.3868,30.2945
16111,28255,2016-02-08 15:25:00.000000 UTC,26170,29.3871,29.8123
28255,29093,2016-02-19 00:01:40.000000 UTC,34570,29.3871,29.67
28255,16111,2016-02-22 22:15:00.000000 UTC,17710,29.3871,29.5029
39261,29093,2016-02-14 15:31:40.000000 UTC,22510,29.3872,29.6799
29093,28255,2016-02-01 00:25:00.000000 UTC,49450,29.3873,29.7619
39261,28255,2016-02-12 12:31:40.000000 UTC,4210,29.3873,29.4048
39261,29093,2016-02-12 11:25:00.000000 UTC,58630,29.388,30.7878
16111,29093,2016-02-07 09:05:00.000000 UTC,5470,29.3886,28.0949
16111,39261,2016-02-07 10:01:40.000000 UTC,670,29.3892,29.2874
28255,39261,2016-02-19 09:15:00.000000 UTC,2050,29.3892,29.4133
39261,29093,2016-02-12 17:25:00.000000 UTC,50770,29.3899,30.7248
28255,16111,2016-02-20 02:25:00.000000 UTC,53890,29.3905,30.7144
39261,28255,2016-02-15 06:05:00.000000 UTC,9430,29.3906,29.8599
16111,29093,2016-02-06 18:05:00.000000 UTC,55390,29.3908,29.7228
28255,16111,2016-02-19 08:00:00.000000 UTC,57910,29.3909,30.6632
39261,16111,2016-02-12 11:35:00.000000 UTC,10150,29.3911,27.9344
28255,29093,2016-02-20 00:50:00.000000 UTC,35410,29.3915,29.9362
16111,29093,2016-02-06 22:46:40.000000 UTC,55510,29.3917,29.7426
28255,39261,2016-02-19 20:15:00.000000 UTC,2290,29.3917,29.5011
29093,39261,2016-02-02 02:16:40.000000 UTC,48130,29.3918,30.1762
16111,39261,2016-02-07 01:10:00.000000 UTC,55750,29.3918,31.0113
29093,39261,2016-02-03 04:31:40.000000 UTC,36970,29.392,30.1759
16111,28255,2016-02-06 17:35:00.000000 UTC,43570,29.3924,29.8913
28255,39261,2016-02-21 03:30:00.000000 UTC,3550,29.3926,29.1122
28255,16111,2016-02-18 23:00:00.000000 UTC,55450,29.3929,30.5405
39261,16111,2016-02-17 02:15:00.000000 UTC,14350,29.3933,28.5929
28255,29093,2016-02-19 05:35:00.000000 UTC,55810,29.3934,29.8019
29093,39261,2016-02-01 04:45:00.000000 UTC,36730,29.3935,30.0917
29093,39261,2016-02-01 12:55:00.000000 UTC,44830,29.3937,30.4839
29093,28255,2016-02-01 08:20:00.000000 UTC,23290,29.394,29.3882
28255,39261,2016-02-18 10:55:00.000000 UTC,41350,29.394,29.5242
28255,39261,2016-02-18 11:31:40.000000 UTC,53770,29.394,30.3743
39261,29093,2016-02-13 07:35:00.000000 UTC,41530,29.3944,30.0933
39261,29093,2016-02-14 19:00:00.000000 UTC,22150,29.3947,30.2289
39261,29093,2016-02-13 08:40:00.000000 UTC,31750,29.3948,28.8417
39261,28255,2016-02-14 22:35:00.000000 UTC,32950,29.3948,29.6625
28255,29093,2016-02-19 15:55:00.000000 UTC,42970,29.3948,30.4454
29093,16111,2016-02-04 11:25:00.000000 UTC,5170,29.395,27.1744
28255,16111,2016-02-23 03:20:00.000000 UTC,6010,29.395,27.9856
16111,39261,2016-02-10 11:30:00.000000 UTC,29950,29.3952,28.5841
39261,28255,2016-02-14 17:15:00.000000 UTC,26710,29.3953,28.8185
16111,28255,2016-02-10 13:45:00.000000 UTC,8110,29.3956,28.2602
16111,39261,2016-02-09 20:31:40.000000 UTC,7630,29.3957,28.746
29093,16111,2016-02-02 17:15:00.000000 UTC,48250,29.3962,30.0545
28255,39261,2016-02-21 22:30:00.000000 UTC,45190,29.397,30.0305
16111,29093,2016-02-07 03:15:00.000000 UTC,31210,29.3973,29.8133
28255,16111,2016-02-23 05:55:00.000000 UTC,5470,29.3978,27.7814
29093,16111,2016-02-05 05:31:40.000000 UTC,54250,29.3979,29.9635
16111,28255,2016-02-06 22:46:40.000000 UTC,2710,29.3979,29.2775
16111,29093,2016-02-06 20:25:00.000000 UTC,5290,29.398,27.5668
16111,29093,2016-02-06 19:40:00.000000 UTC,55390,29.3982,29.8361
28255,16111,2016-02-21 05:30:00.000000 UTC,3490,29.3983,30.1498
29093,28255,2016-02-01 01:31:40.000000 UTC,2350,29.3984,29.6675
39261,29093,2016-02-17 23:01:40.000000 UTC,5710,29.3992,28.037
29093,16111,2016-02-03 17:10:00.000000 UTC,14770,29.3993,30.5551
28255,39261,2016-02-21 01:31:40.000000 UTC,1870,29.3993,29.5596
39261,29093,2016-02-13 09:46:40.000000 UTC,53230,29.3998,30.66
16111,29093,2016-02-06 18:05:00.000000 UTC,25690,29.3999,30.3146
16111,28255,2016-02-06 18:05:00.000000 UTC,43450,29.4001,29.4831
39261,28255,2016-02-12 12:00:00.000000 UTC,47230,29.4003,30.0465
16111,29093,2016-02-10 04:55:00.000000 UTC,55450,29.4011,30.2062
16111,28255,2016-02-06 20:01:40.000000 UTC,19930,29.4013,28.8151
29093,39261,2016-02-06 01:25:00.000000 UTC,2410,29.4019,27.5552
29093,39261,2016-02-01 12:55:00.000000 UTC,3070,29.4024,29.7525
29093,16111,2016-02-01 00:25:00.000000 UTC,39790,29.4027,30.2547
28255,39261,2016-02-19 04:25:00.000000 UTC,42070,29.4028,29.4818
28255,39261,2016-02-21 15:55:00.000000 UTC,51010,29.4031,30.3047
29093,28255,2016-02-02 02:16:40.000000 UTC,6670,29.4034,27.62
16111,29093,2016-02-09 03:16:40.000000 UTC,20770,29.4041,28.9979
16111,28255,2016-02-06 18:30:00.000000 UTC,2110,29.4043,29.6568
29093,28255,2016-02-05 07:55:00.000000 UTC,23290,29.4044,28.5506
29093,28255,2016-02-04 03:01:40.000000 UTC,4330,29.4045,29.4426
39261,28255,2016-02-15 20:16:40.000000 UTC,2110,29.4049,29.5702
16111,29093,2016-02-07 04:46:40.000000 UTC,5470,29.4055,27.8048
16111,39261,2016-02-09 03:16:40.000000 UTC,45250,29.4055,29.7769
29093,39261,2016-02-02 07:20:00.000000 UTC,49750,29.4056,30.8262
39261,28255,2016-02-15 16:05:00.000000 UTC,3730,29.4061,29.1753
28255,29093,2016-02-22 05:20:00.000000 UTC,53170,29.4061,30.7231
16111,29093,2016-02-07 03:15:00.000000 UTC,5410,29.4062,27.8749
16111,29093,2016-02-07 06:25:00.000000 UTC,25510,29.4064,29.5288
29093,39261,2016-02-01 00:10:00.000000 UTC,53530,29.4066,30.5004
39261,16111,2016-02-14 04:15:00.000000 UTC,58930,29.4066,30.5754
39261,29093,2016-02-13 06:31:40.000000 UTC,58450,29.4069,30.0064
28255,29093,2016-02-23 03:20:00.000000 UTC,5710,29.4069,27.9681
28255,29093,2016-02-19 06:46:40.000000 UTC,33130,29.4071,29.415
28255,39261,2016-02-22 12:25:00.000000 UTC,29590,29.4071,27.9999
39261,16111,2016-02-13 17:01:40.000000 UTC,24550,29.4072,28.6477
29093,16111,2016-02-01 07:40:00.000000 UTC,56770,29.4076,29.7138
29093,28255,2016-02-04 20:15:00.000000 UTC,17290,29.408,28.939
16111,29093,2016-02-06 18:16:40.000000 UTC,43810,29.408,30.2342
39261,16111,2016-02-13 06:31:40.000000 UTC,5110,29.4085,28.2316
29093,28255,2016-02-01 00:25:00.000000 UTC,39310,29.4086,29.8406
29093,28255,2016-02-01 09:45:00.000000 UTC,27310,29.4087,28.6165
39261,29093,2016-02-15 08:01:40.000000 UTC,20290,29.4087,29.0264
39261,28255,2016-02-13 15:45:00.000000 UTC,3670,29.409,29.4204
16111,39261,2016-02-09 08:46:40.000000 UTC,47410,29.4092,30.774
39261,28255,2016-02-15 16:05:00.000000 UTC,14890,29.4093,29.6242
39261,16111,2016-02-14 15:31:40.000000 UTC,39190,29.4095,29.9782
39261,29093,2016-02-12 20:45:00.000000 UTC,3730,29.4096,29.4154
28255,29093,2016-02-19 21:45:00.000000 UTC,21010,29.4098,28.2859
16111,29093,2016-02-10 18:20:00.000000 UTC,38830,29.4108,29.5159
39261,16111,2016-02-12 16:50:00.000000 UTC,45970,29.4114,30.3831
39261,29093,2016-02-13 00:46:40.000000 UTC,5830,29.4114,27.862
28255,16111,2016-02-23 00:46:40.000000 UTC,48790,29.4114,29.5026
39261,16111,2016-02-18 01:45:00.000000 UTC,45850,29.4117,30.764
39261,16111,2016-02-12 12:15:00.000000 UTC,46690,29.4123,29.4506
28255,16111,2016-02-18 05:30:00.000000 UTC,52330,29.4124,29.8512
16111,29093,2016-02-06 17:55:00.000000 UTC,10630,29.4125,28.3031
39261,29093,2016-02-17 12:25:00.000000 UTC,4510,29.413,29.4947
39261,29093,2016-02-13 00:46:40.000000 UTC,42790,29.4135,29.4022
28255,39261,2016-02-22 14:50:00.000000 UTC,3190,29.4138,29.3856
16111,39261,2016-02-09 16:30:00.000000 UTC,55150,29.4139,30.2097
29093,39261,2016-02-04 01:00:00.000000 UTC,4270,29.4143,29.431
16111,28255,2016-02-10 23:01:40.000000 UTC,19510,29.4145,28.4384
16111,28255,2016-02-06 20:25:00.000000 UTC,190,29.4149,29.3288
28255,29093,2016-02-19 00:01:40.000000 UTC,34690,29.4149,29.8551
28255,16111,2016-02-20 04:01:40.000000 UTC,2650,29.4155,29.2578
39261,16111,2016-02-12 20:45:00.000000 UTC,18490,29.416,29.2746
28255,29093,2016-02-20 16:05:00.000000 UTC,43630,29.4161,30.1486
29093,28255,2016-02-01 10:30:00.000000 UTC,27730,29.4163,29.1707
29093,28255,2016-02-01 04:15:00.000000 UTC,56590,29.4171,30.5057
28255,16111,2016-02-22 05:20:00.000000 UTC,27070,29.4171,29.4744
39261,28255,2016-02-17 09:50:00.000000 UTC,2170,29.4177,29.509
28255,29093,2016-02-18 18:16:40.000000 UTC,46210,29.4178,27.9886
28255,16111,2016-02-19 15:55:00.000000 UTC,1990,29.418,29.5563
16111,28255,2016-02-06 17:55:00.000000 UTC,37810,29.4183,29.9776
28255,39261,2016-02-21 09:35:00.000000 UTC,3850,29.4183,29.1133
29093,16111,2016-02-01 02:31:40.000000 UTC,27250,29.4189,30.1958
39261,29093,2016-02-14 01:16:40.000000 UTC,54370,29.4189,30.7577
28255,29093,2016-02-22 05:20:00.000000 UTC,4210,29.4191,28.639
28255,39261,2016-02-18 09:15:00.000000 UTC,47590,29.4193,30.1607
29093,28255,2016-02-01 23:55:00.000000 UTC,54970,29.4196,30.946
29093,16111,2016-02-02 15:45:00.000000 UTC,55930,29.4199,29.8318
39261,29093,2016-02-17 12:25:00.000000 UTC,34390,29.4206,29.8568
29093,28255,2016-02-01 09:45:00.000000 UTC,39190,29.4207,28.7302
28255,16111,2016-02-18 15:46:40.000000 UTC,33310,29.4208,29.3782
16111,39261,2016-02-06 17:40:00.000000 UTC,1390,29.4216,29.4361
16111,39261,2016-02-12 00:10:00.000000 UTC,3670,29.4223,29.4424
16111,29093,2016-02-06 17:35:00.000000 UTC,27190,29.4225,29.1052
16111,39261,2016-02-07 04:00:00.000000 UTC,14590,29.4225,29.9826
16111,39261,2016-02-07 23:31:40.000000 UTC,15550,29.4227,28.296
16111,28255,2016-02-09 18:30:00.000000 UTC,44770,29.4228,29.7356
29093,28255,2016-02-04 05:05:00.000000 UTC,54190,29.4229,30.8587
16111,29093,2016-02-07 15:10:00.000000 UTC,31690,29.4236,30.2086
16111,28255,2016-02-06 23:55:00.000000 UTC,46630,29.4243,30.0967
39261,28255,2016-02-18 04:30:00.000000 UTC,4390,29.4244,29.4538
16111,29093,2016-02-11 01:25:00.000000 UTC,39550,29.4245,30.6943
39261,29093,2016-02-17 09:50:00.000000 UTC,34750,29.4248,29.5146
28255,39261,2016-02-18 04:40:00.000000 UTC,59290,29.4248,30.189
16111,39261,2016-02-07 00:31:40.000000 UTC,31330,29.4254,29.9968
28255,29093,2016-02-18 19:10:00.000000 UTC,23830,29.4254,28.5487
28255,39261,2016-02-18 05:05:00.000000 UTC,6910,29.4257,28.7935
28255,29093,2016-02-19 02:10:00.000000 UTC,4450,29.4258,29.4359
28255,16111,2016-02-20 00:50:00.000000 UTC,37330,29.4259,29.9495
39261,29093,2016-02-17 07:16:40.000000 UTC,53170,29.426,30.9479
29093,16111,2016-02-01 21:40:00.000000 UTC,3370,29.4261,29.3979
29093,16111,2016-02-04 05:05:00.000000 UTC,53110,29.4261,30.592
29093,39261,2016-02-06 04:01:40.000000 UTC,30550,29.4263,29.2247
16111,29093,2016-02-07 21:00:00.000000 UTC,37450,29.4263,30.4073
28255,16111,2016-02-22 22:15:00.000000 UTC,38110,29.4264,29.0306
39261,29093,2016-02-15 02:16:40.000000 UTC,5230,29.4266,28.0423
39261,28255,2016-02-13 12:05:00.000000 UTC,12190,29.4269,28.6955
39261,29093,2016-02-13 06:31:40.000000 UTC,2350,29.4275,29.6424
16111,28255,2016-02-07 01:10:00.000000 UTC,5650,29.4277,29.0572
28255,39261,2016-02-18 09:46:40.000000 UTC,28390,29.4277,27.1317
39261,29093,2016-02-12 16:50:00.000000 UTC,1870,29.4278,29.4473
29093,39261,2016-02-01 04:45:00.000000 UTC,11530,29.4279,27.5165
29093,39261,2016-02-02 20:20:00.000000 UTC,35530,29.428,30.2348
16111,28255,2016-02-10 09:16:40.000000 UTC,12610,29.4281,29.454
39261,29093,2016-02-12 21:30:00.000000 UTC,3610,29.4286,29.4195
29093,28255,2016-02-01 22:46:40.000000 UTC,36490,29.4288,29.7248
39261,16111,2016-02-12 11:46:40.000000 UTC,31990,29.4297,29.1965
28255,16111,2016-02-20 04:01:40.000000 UTC,52990,29.4297,29.5831
39261,29093,2016-02-13 03:31:40.000000 UTC,5050,29.4311,28.3229
28255,29093,2016-02-23 05:55:00.000000 UTC,2350,29.4314,28.2664
39261,28255,2016-02-13 21:01:40.000000 UTC,11710,29.4324,28.8617
28255,29093,2016-02-22 14:50:00.000000 UTC,45130,29.4328,29.2916
16111,39261,2016-02-08 06:20:00.000000 UTC,20710,29.433,28.1765
16111,29093,2016-02-06 20:25:00.000000 UTC,19210,29.4338,28.5127
28255,39261,2016-02-21 22:30:00.000000 UTC,45130,29.4339,29.9481
28255,39261,2016-02-18 17:25:00.000000 UTC,47770,29.4347,29.9136
28255,29093,2016-02-23 03:20:00.000000 UTC,37330,29.4348,29.8284
16111,28255,2016-02-07 05:35:00.000000 UTC,1750,29.4361,25.2026
28255,39261,2016-02-23 03:20:00.000000 UTC,17950,29.4361,28.6093
39261,16111,2016-02-12 22:16:40.000000 UTC,12370,29.4362,29.5774
28255,39261,2016-02-19 03:16:40.000000 UTC,48310,29.4364,30.1229
16111,29093,2016-02-07 04:46:40.000000 UTC,37030,29.4366,30.2709
16111,39261,2016-02-12 08:15:00.000000 UTC,42790,29.4366,29.2997
16111,39261,2016-02-08 22:01:40.000000 UTC,15730,29.4368,28.8199
16111,39261,2016-02-06 23:55:00.000000 UTC,2530,29.4369,29.2719
39261,16111,2016-02-13 21:01:40.000000 UTC,38650,29.437,30.2419
28255,29093,2016-02-18 15:00:00.000000 UTC,36610,29.4378,30.0554
28255,29093,2016-02-20 00:50:00.000000 UTC,34750,29.4378,28.5511
39261,29093,2016-02-16 02:46:40.000000 UTC,4630,29.4381,28.8348
16111,29093,2016-02-06 20:50:00.000000 UTC,14830,29.4384,30.5573
28255,16111,2016-02-18 10:55:00.000000 UTC,34630,29.4386,29.847
28255,16111,2016-02-20 21:40:00.000000 UTC,34270,29.4389,29.2265
16111,28255,2016-02-09 03:16:40.000000 UTC,33370,29.4391,29.4458
29093,28255,2016-02-04 18:00:00.000000 UTC,11050,29.4392,28.4926
16111,28255,2016-02-09 06:55:00.000000 UTC,3610,29.4392,29.4619
39261,29093,2016-02-12 14:20:00.000000 UTC,28510,29.4393,29.3938
28255,29093,2016-02-18 06:40:00.000000 UTC,3550,29.4393,29.4418
28255,29093,2016-02-21 18:05:00.000000 UTC,32590,29.4394,29.5309
16111,28255,2016-02-10 23:01:40.000000 UTC,43690,29.4397,29.6107
39261,16111,2016-02-13 22:25:00.000000 UTC,39010,29.4398,30.3592
16111,28255,2016-02-10 23:01:40.000000 UTC,2230,29.4399,29.7068
39261,28255,2016-02-15 00:25:00.000000 UTC,15310,29.4399,29.8284
29093,16111,2016-02-04 05:05:00.000000 UTC,42130,29.4407,30.6834
39261,28255,2016-02-12 22:16:40.000000 UTC,12790,29.4414,28.6674
28255,39261,2016-02-18 15:00:00.000000 UTC,13030,29.4414,29.3184
16111,28255,2016-02-07 05:35:00.000000 UTC,3730,29.4415,29.4453
28255,39261,2016-02-18 05:05:00.000000 UTC,7090,29.4418,28.3681
29093,39261,2016-02-01 18:30:00.000000 UTC,3310,29.4422,29.4106
16111,28255,2016-02-08 22:01:40.000000 UTC,2530,29.4425,29.7449
28255,39261,2016-02-21 03:30:00.000000 UTC,44290,29.4426,29.9115
16111,28255,2016-02-07 05:35:00.000000 UTC,58330,29.4429,30.249
39261,29093,2016-02-13 07:35:00.000000 UTC,47230,29.443,30.3923
28255,16111,2016-02-18 04:46:40.000000 UTC,26290,29.4432,29.4086
28255,16111,2016-02-23 08:31:40.000000 UTC,19750,29.4443,30.0083
29093,28255,2016-02-01 00:05:00.000000 UTC,27730,29.4447,28.8076
29093,16111,2016-02-01 16:31:40.000000 UTC,55090,29.4448,31.3349
16111,28255,2016-02-09 01:30:00.000000 UTC,22750,29.4451,29.6351
28255,29093,2016-02-19 04:25:00.000000 UTC,12790,29.4455,29.6646
39261,28255,2016-02-13 04:30:00.000000 UTC,28210,29.4461,28.78
28255,16111,2016-02-20 07:20:00.000000 UTC,2290,29.4464,29.6904
39261,29093,2016-02-12 20:45:00.000000 UTC,38590,29.4469,30.1062
29093,16111,2016-02-04 07:10:00.000000 UTC,59110,29.447,31.4388
39261,16111,2016-02-18 04:30:00.000000 UTC,28090,29.4475,29.9254
39261,28255,2016-02-12 17:25:00.000000 UTC,34630,29.4477,28.8605
16111,28255,2016-02-11 21:31:40.000000 UTC,6670,29.4479,27.277
16111,39261,2016-02-09 12:35:00.000000 UTC,4330,29.4481,29.4767
39261,28255,2016-02-15 12:00:00.000000 UTC,2530,29.4486,29.613
39261,16111,2016-02-12 20:01:40.000000 UTC,18190,29.4489,30.1116
28255,39261,2016-02-18 10:55:00.000000 UTC,1510,29.4493,29.4372
39261,16111,2016-02-13 02:35:00.000000 UTC,11530,29.4494,28.8254
29093,28255,2016-02-01 09:45:00.000000 UTC,39730,29.4495,29.9452
16111,29093,2016-02-11 13:46:40.000000 UTC,58390,29.4496,29.6484
28255,29093,2016-02-19 13:10:00.000000 UTC,17050,29.4496,28.449
29093,28255,2016-02-01 17:30:00.000000 UTC,4210,29.4497,29.4925
16111,29093,2016-02-08 12:16:40.000000 UTC,26530,29.4506,30.0737
28255,39261,2016-02-21 15:55:00.000000 UTC,2710,29.4508,29.5848
39261,29093,2016-02-13 00:46:40.000000 UTC,5650,29.4509,28.3989
39261,28255,2016-02-16 16:31:40.000000 UTC,9250,29.4516,27.7415
39261,28255,2016-02-12 12:31:40.000000 UTC,25150,29.4523,28.4806
29093,16111,2016-02-04 05:05:00.000000 UTC,53590,29.4525,31.4852
29093,28255,2016-02-05 12:46:40.000000 UTC,2950,29.4525,28.8206
29093,28255,2016-02-05 20:16:40.000000 UTC,56350,29.4525,30.6815
28255,16111,2016-02-20 04:01:40.000000 UTC,21550,29.4527,28.9738
16111,39261,2016-02-11 21:31:40.000000 UTC,3310,29.4529,29.4594
39261,29093,2016-02-14 20:46:40.000000 UTC,44590,29.4529,30.5354
39261,28255,2016-02-12 12:15:00.000000 UTC,48250,29.454,30.1201
28255,29093,2016-02-22 05:20:00.000000 UTC,47530,29.4547,30.5506
39261,28255,2016-02-13 18:20:00.000000 UTC,27790,29.4549,29.186
16111,28255,2016-02-09 05:05:00.000000 UTC,51610,29.455,29.8642
39261,16111,2016-02-16 05:00:00.000000 UTC,25450,29.455,28.8502
39261,29093,2016-02-13 18:20:00.000000 UTC,2110,29.4554,25.7115
39261,16111,2016-02-14 01:16:40.000000 UTC,54250,29.4555,30.713
29093,16111,2016-02-01 05:16:40.000000 UTC,50830,29.4556,30.6011
39261,28255,2016-02-13 15:45:00.000000 UTC,4870,29.4556,29.6202
39261,16111,2016-02-13 18:20:00.000000 UTC,24790,29.4557,26.4458
28255,39261,2016-02-19 03:16:40.000000 UTC,48430,29.4558,30.2947
29093,39261,2016-02-06 01:25:00.000000 UTC,4450,29.4562,29.4991
39261,28255,2016-02-13 15:45:00.000000 UTC,39970,29.4568,29.5309
16111,39261,2016-02-08 23:45:00.000000 UTC,10510,29.4569,27.9219
16111,29093,2016-02-10 09:16:40.000000 UTC,44830,29.457,30.9495
16111,29093,2016-02-06 17:35:00.000000 UTC,5050,29.4574,28.0936
28255,29093,2016-02-22 07:40:00.000000 UTC,35650,29.4575,29.7392
28255,39261,2016-02-18 10:55:00.000000 UTC,47650,29.458,30.1468
39261,29093,2016-02-17 12:25:00.000000 UTC,22390,29.4583,28.2572
28255,39261,2016-02-20 00:50:00.000000 UTC,55450,29.4584,30.574
39261,29093,2016-02-12 20:45:00.000000 UTC,23050,29.4585,29.5299
29093,39261,2016-02-01 18:30:00.000000 UTC,790,29.4587,29.4579
16111,29093,2016-02-10 09:16:40.000000 UTC,33490,29.4588,30.3657
16111,29093,2016-02-07 04:00:00.000000 UTC,31450,29.4589,30.2824
29093,16111,2016-02-01 00:05:00.000000 UTC,3670,29.4591,29.466
39261,28255,2016-02-12 12:15:00.000000 UTC,4270,29.4591,29.492
39261,29093,2016-02-12 20:45:00.000000 UTC,55690,29.4592,30.9922
39261,28255,2016-02-12 12:50:00.000000 UTC,47110,29.4599,29.8541
28255,39261,2016-02-23 16:31:40.000000 UTC,3850,29.4603,29.4412
39261,29093,2016-02-12 20:01:40.000000 UTC,38470,29.4607,29.6159
29093,16111,2016-02-01 12:05:00.000000 UTC,43750,29.4614,30.4604
39261,28255,2016-02-14 12:10:00.000000 UTC,3310,29.4614,29.5851
16111,29093,2016-02-09 08:46:40.000000 UTC,1270,29.4615,29.4672
29093,16111,2016-02-01 09:01:40.000000 UTC,12070,29.4616,29.1113
39261,16111,2016-02-13 12:05:00.000000 UTC,34810,29.462,29.0067
39261,16111,2016-02-15 18:10:00.000000 UTC,3490,29.462,29.4563
28255,16111,2016-02-19 20:15:00.000000 UTC,27010,29.4623,29.5337
29093,28255,2016-02-01 08:20:00.000000 UTC,33370,29.4624,29.5655
28255,39261,2016-02-23 00:46:40.000000 UTC,30070,29.4634,28.0967
39261,28255,2016-02-13 22:25:00.000000 UTC,34210,29.464,29.836
16111,39261,2016-02-08 12:16:40.000000 UTC,3850,29.4643,29.4719
28255,39261,2016-02-22 19:45:00.000000 UTC,11890,29.4645,27.8337
29093,16111,2016-02-02 23:31:40.000000 UTC,33070,29.4646,29.9233
39261,16111,2016-02-13 10:55:00.000000 UTC,52750,29.466,31.1062
16111,39261,2016-02-09 18:30:00.000000 UTC,3310,29.4665,29.0603
28255,39261,2016-02-18 05:30:00.000000 UTC,1390,29.4665,29.453
39261,28255,2016-02-15 22:25:00.000000 UTC,3430,29.4666,29.2253
28255,16111,2016-02-20 05:40:00.000000 UTC,4510,29.4667,28.7572
16111,39261,2016-02-06 19:20:00.000000 UTC,2170,29.467,25.9714
29093,28255,2016-02-01 14:40:00.000000 UTC,1450,29.4677,29.5218
16111,28255,2016-02-08 22:01:40.000000 UTC,7510,29.4683,27.3844
39261,28255,2016-02-12 12:15:00.000000 UTC,36490,29.4684,29.5704
39261,28255,2016-02-18 01:45:00.000000 UTC,13270,29.4686,29.2872
16111,28255,2016-02-08 20:20:00.000000 UTC,31990,29.4687,29.8291
28255,29093,2016-02-18 20:05:00.000000 UTC,35470,29.4688,29.8822
28255,39261,2016-02-23 11:10:00.000000 UTC,30190,29.4688,28.9803
28255,29093,2016-02-18 13:31:40.000000 UTC,32650,29.4691,29.4552
29093,39261,2016-02-01 07:40:00.000000 UTC,30490,29.4696,27.8494
16111,39261,2016-02-06 17:30:00.000000 UTC,35230,29.4699,29.9708
28255,29093,2016-02-18 05:05:00.000000 UTC,3730,29.4699,29.4642
16111,39261,2016-02-06 17:35:00.000000 UTC,18610,29.4704,29.6097
39261,28255,2016-02-14 15:31:40.000000 UTC,51010,29.4706,30.0295
28255,39261,2016-02-18 04:40:00.000000 UTC,47290,29.4706,29.9968
29093,39261,2016-02-02 21:55:00.000000 UTC,3730,29.4707,29.4592
16111,28255,2016-02-08 03:31:40.000000 UTC,3370,29.4707,29.4712
28255,39261,2016-02-19 14:31:40.000000 UTC,25990,29.4707,29.3993
29093,16111,2016-02-01 09:45:00.000000 UTC,55090,29.4712,31.1387
16111,28255,2016-02-10 09:16:40.000000 UTC,3790,29.4713,29.4942
28255,29093,2016-02-20 21:40:00.000000 UTC,21550,29.4715,29.2619
28255,39261,2016-02-18 05:16:40.000000 UTC,1390,29.4716,29.413
39261,28255,2016-02-14 01:16:40.000000 UTC,5770,29.4717,28.5152
28255,29093,2016-02-18 04:55:00.000000 UTC,28690,29.4725,29.5194
39261,16111,2016-02-12 11:46:40.000000 UTC,19210,29.4726,29.6784
29093,28255,2016-02-01 13:46:40.000000 UTC,3850,29.4727,29.4868
28255,16111,2016-02-19 20:15:00.000000 UTC,23290,29.473,28.959
29093,16111,2016-02-03 21:01:40.000000 UTC,36850,29.4737,30.5917
39261,29093,2016-02-15 02:16:40.000000 UTC,5110,29.4737,28.3992
29093,39261,2016-02-06 14:45:00.000000 UTC,39910,29.474,30.4325
16111,39261,2016-02-06 23:55:00.000000 UTC,2590,29.474,29.0934
29093,16111,2016-02-03 08:00:00.000000 UTC,11350,29.4743,27.28
16111,29093,2016-02-11 13:46:40.000000 UTC,58330,29.4744,29.8047
39261,16111,2016-02-12 23:05:00.000000 UTC,7030,29.4744,28.658
28255,29093,2016-02-23 03:20:00.000000 UTC,54550,29.475,30.8151
28255,39261,2016-02-18 07:25:00.000000 UTC,4150,29.4758,29.4714
28255,29093,2016-02-18 07:50:00.000000 UTC,1030,29.4763,29.5179
29093,39261,2016-02-06 06:40:00.000000 UTC,15250,29.4764,28.9286
16111,28255,2016-02-07 17:25:00.000000 UTC,12910,29.4765,28.2744
16111,29093,2016-02-06 21:16:40.000000 UTC,5230,29.4766,28.0091
29093,28255,2016-02-01 16:31:40.000000 UTC,4090,29.477,29.4966
29093,39261,2016-02-06 12:01:40.000000 UTC,38530,29.477,29.2058
16111,39261,2016-02-11 06:16:40.000000 UTC,25630,29.4771,28.7851
16111,39261,2016-02-07 03:15:00.000000 UTC,56170,29.4773,30.775
16111,28255,2016-02-07 06:25:00.000000 UTC,34630,29.4775,29.5379
16111,28255,2016-02-07 03:15:00.000000 UTC,33490,29.4779,28.6322
29093,28255,2016-02-01 00:25:00.000000 UTC,49810,29.4783,30.4801
39261,29093,2016-02-13 07:35:00.000000 UTC,41590,29.4786,30.1932
39261,29093,2016-02-15 18:10:00.000000 UTC,12370,29.4786,28.8246
39261,28255,2016-02-17 04:45:00.000000 UTC,2290,29.4797,29.5326
16111,39261,2016-02-10 04:55:00.000000 UTC,58450,29.48,29.8191
39261,28255,2016-02-14 17:15:00.000000 UTC,3310,29.4802,29.7207
39261,28255,2016-02-15 02:16:40.000000 UTC,2650,29.4802,29.3342
28255,39261,2016-02-19 02:10:00.000000 UTC,49570,29.4805,29.6845
39261,16111,2016-02-12 13:31:40.000000 UTC,18430,29.4812,29.0306
29093,39261,2016-02-01 00:00:00.000000 UTC,59830,29.4817,31.0556
29093,39261,2016-02-03 19:05:00.000000 UTC,970,29.4819,29.5193
29093,28255,2016-02-05 03:10:00.000000 UTC,19030,29.4832,28.1649
29093,39261,2016-02-02 03:30:00.000000 UTC,2050,29.4833,29.5478
28255,39261,2016-02-21 13:46:40.000000 UTC,15730,29.4835,29.5351
29093,39261,2016-02-06 17:30:00.000000 UTC,3490,29.4836,29.4865
28255,39261,2016-02-23 08:31:40.000000 UTC,3670,29.4836,29.461
39261,28255,2016-02-14 02:45:00.000000 UTC,3370,29.4839,29.4645
28255,39261,2016-02-18 11:31:40.000000 UTC,4210,29.4846,29.4767
16111,28255,2016-02-12 08:15:00.000000 UTC,3430,29.4853,29.4849
16111,39261,2016-02-07 08:10:00.000000 UTC,2710,29.4856,29.3774
39261,16111,2016-02-13 09:46:40.000000 UTC,52210,29.4856,29.5623
39261,28255,2016-02-15 16:05:00.000000 UTC,2410,29.4856,29.6376
29093,16111,2016-02-05 07:55:00.000000 UTC,24790,29.4857,30.3532
29093,16111,2016-02-06 12:01:40.000000 UTC,53230,29.486,30.5431
16111,39261,2016-02-07 05:35:00.000000 UTC,44590,29.486,30.1345
29093,39261,2016-02-01 14:40:00.000000 UTC,16990,29.4866,28.4809
29093,39261,2016-02-01 22:46:40.000000 UTC,24910,29.4867,28.8949
28255,16111,2016-02-22 12:25:00.000000 UTC,20230,29.4867,28.6292
29093,16111,2016-02-01 02:10:00.000000 UTC,49330,29.487,30.272
16111,39261,2016-02-11 21:31:40.000000 UTC,45670,29.4871,29.1201
16111,29093,2016-02-09 18:30:00.000000 UTC,23170,29.4873,29.7746
28255,39261,2016-02-18 13:31:40.000000 UTC,31150,29.4873,29.0517
28255,29093,2016-02-19 17:20:00.000000 UTC,59650,29.4879,30.9152
39261,16111,2016-02-14 10:31:40.000000 UTC,52390,29.4889,31.057
29093,16111,2016-02-01 21:40:00.000000 UTC,56110,29.4892,30.3976
28255,29093,2016-02-20 19:46:40.000000 UTC,48430,29.4893,30.1199
16111,39261,2016-02-09 14:31:40.000000 UTC,36610,29.4903,29.8944
16111,29093,2016-02-07 22:15:00.000000 UTC,11050,29.491,29.3435
16111,29093,2016-02-07 14:05:00.000000 UTC,48670,29.4912,30.8933
28255,39261,2016-02-22 17:16:40.000000 UTC,3310,29.4912,29.48
28255,39261,2016-02-18 18:16:40.000000 UTC,47830,29.4914,29.918
28255,16111,2016-02-19 15:55:00.000000 UTC,39610,29.4915,30.4207
28255,16111,2016-02-23 05:55:00.000000 UTC,37030,29.4925,30.1616
29093,39261,2016-02-01 01:15:00.000000 UTC,4210,29.4926,29.4951
39261,29093,2016-02-12 18:01:40.000000 UTC,1690,29.4926,29.5232
29093,39261,2016-02-05 07:55:00.000000 UTC,37750,29.4927,29.8842
16111,39261,2016-02-09 10:40:00.000000 UTC,1570,29.4927,29.5035
16111,39261,2016-02-08 04:55:00.000000 UTC,28990,29.4933,28.8175
39261,28255,2016-02-15 12:00:00.000000 UTC,3070,29.4938,29.5735
16111,39261,2016-02-06 17:35:00.000000 UTC,35110,29.4939,29.7583
16111,39261,2016-02-07 05:35:00.000000 UTC,56830,29.4941,30.7596
28255,39261,2016-02-21 11:40:00.000000 UTC,2530,29.4947,29.6054
16111,29093,2016-02-09 20:31:40.000000 UTC,27190,29.4953,29.7453
16111,39261,2016-02-10 20:40:00.000000 UTC,5050,29.4954,28.333
28255,16111,2016-02-22 14:50:00.000000 UTC,45490,29.4966,29.5697
39261,29093,2016-02-15 02:16:40.000000 UTC,36190,29.4967,28.0665
28255,16111,2016-02-19 05:35:00.000000 UTC,47350,29.4967,30.506
28255,16111,2016-02-21 18:05:00.000000 UTC,28090,29.4967,29.8497
39261,29093,2016-02-13 21:01:40.000000 UTC,55330,29.4968,30.6849
28255,39261,2016-02-18 07:50:00.000000 UTC,4150,29.4971,29.4831
39261,28255,2016-02-15 20:16:40.000000 UTC,2770,29.498,29.6036
28255,39261,2016-02-20 09:01:40.000000 UTC,38350,29.4982,29.9031
29093,16111,2016-02-01 01:31:40.000000 UTC,1450,29.4987,29.5342
28255,39261,2016-02-18 20:05:00.000000 UTC,48070,29.499,30.1708
28255,16111,2016-02-19 01:05:00.000000 UTC,16750,29.4991,28.0035
16111,29093,2016-02-08 22:01:40.000000 UTC,37690,29.4992,29.5815
28255,39261,2016-02-22 17:16:40.000000 UTC,57850,29.4994,30.0945
16111,28255,2016-02-10 07:05:00.000000 UTC,18130,29.4996,29.1869
39261,16111,2016-02-16 14:10:00.000000 UTC,37990,29.4997,29.7205
16111,28255,2016-02-08 23:45:00.000000 UTC,2650,29.5,29.4148
16111,29093,2016-02-07 19:46:40.000000 UTC,54610,29.5002,31.4433
29093,16111,2016-02-01 03:46:40.000000 UTC,27250,29.5003,30.3703
28255,16111,2016-02-19 11:50:00.000000 UTC,34510,29.5003,29.6109
39261,28255,2016-02-12 23:05:00.000000 UTC,24550,29.5009,28.8628
39261,16111,2016-02-14 04:15:00.000000 UTC,36490,29.5013,29.7985
28255,39261,2016-02-19 10:31:40.000000 UTC,48610,29.5013,30.099
39261,28255,2016-02-13 22:25:00.000000 UTC,3550,29.5014,29.4854
16111,29093,2016-02-08 03:31:40.000000 UTC,16510,29.5018,29.8497
28255,29093,2016-02-18 16:35:00.000000 UTC,31870,29.5019,29.7193
28255,39261,2016-02-19 21:45:00.000000 UTC,56290,29.5019,30.1322
29093,28255,2016-02-01 04:45:00.000000 UTC,1450,29.502,24.4829
29093,16111,2016-02-02 15:45:00.000000 UTC,26290,29.502,30.2562
39261,29093,2016-02-14 13:50:00.000000 UTC,13150,29.502,29.6789
28255,16111,2016-02-23 16:31:40.000000 UTC,51130,29.502,30.1697
29093,28255,2016-02-01 07:01:40.000000 UTC,11650,29.5021,28.0242
28255,29093,2016-02-18 16:35:00.000000 UTC,2410,29.5022,29.7085
39261,29093,2016-02-16 14:10:00.000000 UTC,4390,29.5024,29.5028
28255,29093,2016-02-18 15:46:40.000000 UTC,36370,29.5024,29.9591
39261,28255,2016-02-17 20:20:00.000000 UTC,55150,29.5025,29.701
16111,28255,2016-02-08 09:15:00.000000 UTC,47050,29.5031,30.068
28255,29093,2016-02-19 01:05:00.000000 UTC,40210,29.5032,30.2551
29093,16111,2016-02-03 19:05:00.000000 UTC,37930,29.5037,30.345
39261,16111,2016-02-14 04:15:00.000000 UTC,42010,29.5038,29.8546
29093,39261,2016-02-01 14:40:00.000000 UTC,52450,29.5039,30.4133
39261,29093,2016-02-16 09:31:40.000000 UTC,25390,29.5041,29.1374
28255,29093,2016-02-18 04:31:40.000000 UTC,1390,29.5043,29.5074
28255,29093,2016-02-18 08:16:40.000000 UTC,28090,29.5045,29.3907
39261,29093,2016-02-13 14:30:00.000000 UTC,19450,29.5048,27.5525
29093,28255,2016-02-01 12:55:00.000000 UTC,52450,29.5049,30.5625
29093,28255,2016-02-01 09:45:00.000000 UTC,33670,29.5052,29.556
16111,39261,2016-02-06 17:46:40.000000 UTC,3910,29.5053,29.5256
16111,29093,2016-02-11 06:16:40.000000 UTC,4090,29.5053,29.531
29093,16111,2016-02-01 00:05:00.000000 UTC,27070,29.506,29.7667
28255,39261,2016-02-20 04:01:40.000000 UTC,2650,29.5061,29.2091
28255,39261,2016-02-23 19:15:00.000000 UTC,46990,29.5064,29.9341
16111,39261,2016-02-08 22:01:40.000000 UTC,43990,29.5066,30.1109
39261,29093,2016-02-17 04:45:00.000000 UTC,20890,29.5066,29.107
28255,39261,2016-02-23 11:10:00.000000 UTC,18490,29.5067,28.1061
28255,29093,2016-02-21 03:30:00.000000 UTC,2770,29.507,29.9112
16111,39261,2016-02-07 09:05:00.000000 UTC,5470,29.5072,28.3526
39261,28255,2016-02-13 08:40:00.000000 UTC,12430,29.5074,28.4822
39261,16111,2016-02-14 20:46:40.000000 UTC,37570,29.5078,29.4923
16111,29093,2016-02-12 00:10:00.000000 UTC,40390,29.508,31.0764
28255,16111,2016-02-19 17:20:00.000000 UTC,18190,29.509,29.3864
16111,39261,2016-02-07 06:25:00.000000 UTC,11050,29.5092,27.3019
16111,39261,2016-02-06 21:16:40.000000 UTC,4390,29.5094,29.5459
16111,39261,2016-02-08 09:15:00.000000 UTC,58510,29.5094,30.5886
29093,39261,2016-02-02 10:01:40.000000 UTC,26470,29.5098,30.0172
28255,39261,2016-02-18 09:15:00.000000 UTC,47650,29.5114,30.2413
28255,29093,2016-02-22 03:01:40.000000 UTC,47830,29.5116,30.098
16111,39261,2016-02-08 15:25:00.000000 UTC,36190,29.5119,30.0126
28255,39261,2016-02-19 11:50:00.000000 UTC,42430,29.5119,29.5864
28255,39261,2016-02-22 17:16:40.000000 UTC,39670,29.5123,29.4462
39261,16111,2016-02-12 12:31:40.000000 UTC,36850,29.5128,30.1908
39261,28255,2016-02-15 08:01:40.000000 UTC,2830,29.5128,29.6655
28255,16111,2016-02-23 16:31:40.000000 UTC,19570,29.5128,28.5088
28255,16111,2016-02-21 07:31:40.000000 UTC,36010,29.5129,29.8237
28255,39261,2016-02-19 09:15:00.000000 UTC,2830,29.513,25.9167
29093,39261,2016-02-03 13:25:00.000000 UTC,2350,29.5131,29.1068
16111,28255,2016-02-07 04:46:40.000000 UTC,53890,29.5132,29.9884
39261,28255,2016-02-14 17:15:00.000000 UTC,51130,29.5133,30.3001
16111,29093,2016-02-06 19:01:40.000000 UTC,5050,29.5137,28.2148
16111,29093,2016-02-06 21:16:40.000000 UTC,54010,29.5137,31.3087
39261,29093,2016-02-15 22:25:00.000000 UTC,3370,29.5137,29.4916
16111,28255,2016-02-10 04:55:00.000000 UTC,57670,29.5139,30.7087
39261,16111,2016-02-15 20:16:40.000000 UTC,44410,29.5143,29.3624
28255,16111,2016-02-19 01:05:00.000000 UTC,16450,29.5147,28.8685
28255,39261,2016-02-23 16:31:40.000000 UTC,6670,29.5147,28.3014
39261,16111,2016-02-12 21:30:00.000000 UTC,13210,29.515,27.6273
29093,16111,2016-02-01 15:35:00.000000 UTC,3490,29.5157,29.5051
16111,29093,2016-02-09 05:05:00.000000 UTC,8830,29.5158,26.8213
16111,28255,2016-02-07 02:31:40.000000 UTC,3370,29.516,29.4929
29093,28255,2016-02-06 01:25:00.000000 UTC,29110,29.5167,29.4909
16111,29093,2016-02-09 06:55:00.000000 UTC,55630,29.5169,31.6316
29093,39261,2016-02-01 04:45:00.000000 UTC,4690,29.5171,29.5735
16111,39261,2016-02-09 08:46:40.000000 UTC,53110,29.5173,30.4369
16111,39261,2016-02-09 01:30:00.000000 UTC,1450,29.5175,25.8669
29093,39261,2016-02-05 05:31:40.000000 UTC,32110,29.5176,30.0381
39261,29093,2016-02-14 17:15:00.000000 UTC,18310,29.5176,28.7974
29093,16111,2016-02-06 01:25:00.000000 UTC,3850,29.5178,28.2202
16111,29093,2016-02-07 13:01:40.000000 UTC,25870,29.5181,29.9454
39261,16111,2016-02-15 20:16:40.000000 UTC,790,29.5182,29.5337
39261,28255,2016-02-12 15:45:00.000000 UTC,4210,29.5185,29.5435
16111,39261,2016-02-09 05:05:00.000000 UTC,39370,29.5187,28.8151
39261,28255,2016-02-14 07:20:00.000000 UTC,40990,29.5191,29.1144
29093,16111,2016-02-06 12:01:40.000000 UTC,17650,29.5192,28.5892
16111,28255,2016-02-07 04:46:40.000000 UTC,52270,29.5193,30.3373
16111,29093,2016-02-12 08:15:00.000000 UTC,57250,29.5194,31.2711
39261,29093,2016-02-15 14:01:40.000000 UTC,51190,29.5194,30.6021
29093,39261,2016-02-02 03:30:00.000000 UTC,36610,29.5195,30.1739
28255,29093,2016-02-18 07:25:00.000000 UTC,38170,29.5197,30.2248
39261,28255,2016-02-15 14:01:40.000000 UTC,10330,29.5201,27.9181
28255,16111,2016-02-19 00:01:40.000000 UTC,3190,29.5201,29.5061
39261,16111,2016-02-15 04:10:00.000000 UTC,35890,29.5203,29.9397
28255,29093,2016-02-19 17:20:00.000000 UTC,32590,29.5205,29.656
16111,39261,2016-02-06 22:15:00.000000 UTC,4630,29.5209,29.5835
16111,29093,2016-02-07 04:46:40.000000 UTC,550,29.521,29.4283
29093,39261,2016-02-02 17:15:00.000000 UTC,45370,29.5212,29.2066
29093,39261,2016-02-02 02:16:40.000000 UTC,42070,29.5214,29.9397
16111,28255,2016-02-11 11:15:00.000000 UTC,3970,29.522,29.5392
28255,39261,2016-02-21 18:05:00.000000 UTC,27610,29.5221,29.6587
28255,39261,2016-02-19 09:15:00.000000 UTC,48670,29.5222,30.2265
16111,28255,2016-02-08 23:45:00.000000 UTC,10810,29.5223,28.826
28255,16111,2016-02-21 03:30:00.000000 UTC,5350,29.5223,28.4461
28255,39261,2016-02-22 05:20:00.000000 UTC,45010,29.5223,29.2409
28255,39261,2016-02-18 04:30:00.000000 UTC,6910,29.5225,28.671
29093,39261,2016-02-01 23:55:00.000000 UTC,47590,29.5227,30.492
39261,28255,2016-02-13 12:05:00.000000 UTC,12070,29.5228,28.9503
28255,39261,2016-02-21 07:31:40.000000 UTC,3610,29.5229,29.2804
28255,39261,2016-02-19 09:15:00.000000 UTC,37930,29.5235,29.2261
39261,16111,2016-02-17 07:16:40.000000 UTC,39310,29.5237,30.1959
28255,29093,2016-02-18 15:46:40.000000 UTC,36310,29.5238,29.8735
16111,28255,2016-02-09 10:40:00.000000 UTC,2410,29.5239,25.1752
28255,39261,2016-02-18 06:01:40.000000 UTC,47410,29.5244,30.0952
16111,39261,2016-02-07 05:35:00.000000 UTC,2410,29.5247,29.7507
39261,28255,2016-02-13 01:40:00.000000 UTC,12670,29.5247,28.6068
29093,16111,2016-02-05 03:10:00.000000 UTC,4390,29.5248,28.4127
39261,28255,2016-02-12 13:31:40.000000 UTC,4330,29.5251,29.5405
28255,39261,2016-02-22 14:50:00.000000 UTC,3250,29.5256,29.4771
29093,39261,2016-02-04 20:15:00.000000 UTC,6790,29.5258,28.4058
29093,28255,2016-02-04 20:15:00.000000 UTC,3130,29.5259,29.5487
39261,16111,2016-02-17 02:15:00.000000 UTC,46510,29.526,30.8721
39261,28255,2016-02-16 23:46:40.000000 UTC,2410,29.5266,29.5613
28255,16111,2016-02-19 06:46:40.000000 UTC,35770,29.5269,29.8757
29093,16111,2016-02-01 18:30:00.000000 UTC,1210,29.527,29.5445
39261,28255,2016-02-15 08:01:40.000000 UTC,55870,29.527,29.3999
28255,16111,2016-02-18 19:10:00.000000 UTC,6610,29.5271,29.0917
29093,39261,2016-02-01 14:40:00.000000 UTC,56950,29.5273,30.0978
16111,39261,2016-02-09 18:30:00.000000 UTC,27430,29.5273,29.081
16111,29093,2016-02-07 06:25:00.000000 UTC,31870,29.5274,30.5107
28255,39261,2016-02-18 14:15:00.000000 UTC,47830,29.5275,30.2031
39261,29093,2016-02-12 15:45:00.000000 UTC,39790,29.5278,30.168
28255,29093,2016-02-18 07:25:00.000000 UTC,38110,29.5278,30.1575
28255,29093,2016-02-18 12:10:00.000000 UTC,2170,29.5278,27.2206
16111,39261,2016-02-12 05:31:40.000000 UTC,2050,29.5279,29.6231
39261,16111,2016-02-12 11:16:40.000000 UTC,2650,29.5279,29.8022
29093,16111,2016-02-03 08:00:00.000000 UTC,5590,29.5281,28.2065
28255,16111,2016-02-18 20:05:00.000000 UTC,3670,29.5283,29.5179
28255,29093,2016-02-22 00:45:00.000000 UTC,24910,29.5288,27.4401
28255,16111,2016-02-19 10:31:40.000000 UTC,35770,29.5298,30.0717
28255,39261,2016-02-21 03:30:00.000000 UTC,50350,29.5307,30.1375
16111,39261,2016-02-07 15:10:00.000000 UTC,3970,29.5312,29.5479
28255,29093,2016-02-23 13:50:00.000000 UTC,47470,29.5313,30.5617
16111,39261,2016-02-09 10:40:00.000000 UTC,7270,29.5314,29.1455
39261,28255,2016-02-16 09:31:40.000000 UTC,49270,29.5318,30.052
39261,29093,2016-02-16 09:31:40.000000 UTC,30430,29.5322,30.1053
39261,16111,2016-02-16 05:00:00.000000 UTC,40270,29.5327,29.6142
29093,16111,2016-02-05 00:50:00.000000 UTC,40870,29.5328,28.6622
16111,29093,2016-02-11 21:31:40.000000 UTC,39670,29.5335,29.9682
16111,39261,2016-02-06 20:50:00.000000 UTC,1870,29.5342,29.5885
39261,29093,2016-02-13 21:01:40.000000 UTC,3670,29.5346,29.5544
28255,29093,2016-02-19 03:16:40.000000 UTC,39790,29.5348,30.2341
29093,16111,2016-02-05 10:20:00.000000 UTC,59710,29.5351,30.1147
28255,16111,2016-02-22 17:16:40.000000 UTC,39670,29.5352,30.0367
29093,39261,2016-02-04 20:15:00.000000 UTC,29230,29.5358,30.3048
28255,16111,2016-02-23 00:46:40.000000 UTC,22990,29.5368,28.8217
39261,28255,2016-02-15 08:01:40.000000 UTC,3970,29.5373,29.3176
29093,28255,2016-02-05 07:55:00.000000 UTC,4390,29.5378,29.5754
28255,16111,2016-02-22 17:16:40.000000 UTC,56530,29.5379,30.6804
16111,29093,2016-02-06 23:55:00.000000 UTC,5170,29.5381,28.2736
28255,39261,2016-02-19 09:15:00.000000 UTC,48610,29.5381,30.1472
16111,29093,2016-02-07 04:46:40.000000 UTC,59770,29.5384,31.2986
28255,39261,2016-02-20 02:25:00.000000 UTC,32470,29.5385,29.4317
16111,29093,2016-02-10 13:45:00.000000 UTC,34930,29.5387,29.8979
29093,16111,2016-02-06 17:30:00.000000 UTC,40630,29.5391,30.5213
16111,28255,2016-02-07 01:50:00.000000 UTC,51310,29.5392,29.8047
29093,28255,2016-02-03 09:46:40.000000 UTC,15910,29.5394,29.0469
28255,39261,2016-02-21 11:40:00.000000 UTC,56770,29.5394,30.3681
29093,39261,2016-02-06 12:01:40.000000 UTC,50470,29.5395,29.2478
28255,29093,2016-02-22 00:45:00.000000 UTC,16090,29.5399,29.2504
39261,28255,2016-02-17 17:40:00.000000 UTC,4690,29.5401,29.5593
29093,16111,2016-02-01 02:31:40.000000 UTC,1450,29.5408,29.5635
28255,29093,2016-02-18 10:55:00.000000 UTC,37330,29.541,29.953
16111,29093,2016-02-10 04:55:00.000000 UTC,55870,29.5411,31.132
16111,39261,2016-02-12 08:15:00.000000 UTC,55570,29.5411,30.9491
16111,29093,2016-02-06 20:25:00.000000 UTC,30670,29.5412,29.074
28255,16111,2016-02-20 17:55:00.000000 UTC,2410,29.5413,26.2691
28255,16111,2016-02-23 11:10:00.000000 UTC,35230,29.5413,28.9759
29093,39261,2016-02-06 06:40:00.000000 UTC,27310,29.5417,28.9476
16111,29093,2016-02-09 06:55:00.000000 UTC,49810,29.5428,31.1647
39261,29093,2016-02-12 12:00:00.000000 UTC,51430,29.5432,29.449
28255,39261,2016-02-21 11:40:00.000000 UTC,40150,29.5433,29.1589
39261,29093,2016-02-12 18:01:40.000000 UTC,44710,29.5435,30.1106
39261,29093,2016-02-12 14:46:40.000000 UTC,40030,29.5436,30.2291
39261,28255,2016-02-16 05:00:00.000000 UTC,21430,29.5438,28.3972
39261,29093,2016-02-16 11:50:00.000000 UTC,50830,29.5438,28.873
39261,28255,2016-02-16 05:00:00.000000 UTC,21310,29.544,28.6803
16111,29093,2016-02-12 00:10:00.000000 UTC,28510,29.5445,29.6888
16111,39261,2016-02-09 06:55:00.000000 UTC,3490,29.5453,29.5301
16111,29093,2016-02-08 23:45:00.000000 UTC,56890,29.5454,29.3248
39261,28255,2016-02-13 22:25:00.000000 UTC,12070,29.5454,27.8587
29093,28255,2016-02-01 05:16:40.000000 UTC,1990,29.5456,27.1009
39261,28255,2016-02-12 14:46:40.000000 UTC,24790,29.5456,29.0845
16111,29093,2016-02-07 02:31:40.000000 UTC,5410,29.5457,27.7535
29093,28255,2016-02-01 04:15:00.000000 UTC,2590,29.5458,29.3308
28255,39261,2016-02-21 20:16:40.000000 UTC,2350,29.5458,28.8386
28255,39261,2016-02-19 15:55:00.000000 UTC,26530,29.5472,28.3687
39261,16111,2016-02-12 11:16:40.000000 UTC,47350,29.5474,30.2439
39261,28255,2016-02-13 17:01:40.000000 UTC,41470,29.5474,29.3736
39261,28255,2016-02-15 00:25:00.000000 UTC,2770,29.5474,29.4241
28255,29093,2016-02-18 04:55:00.000000 UTC,23230,29.5483,29.1951
28255,39261,2016-02-22 05:20:00.000000 UTC,51550,29.5483,30.312
16111,28255,2016-02-08 10:45:00.000000 UTC,4270,29.5497,29.5911
16111,29093,2016-02-07 02:31:40.000000 UTC,31210,29.5498,29.9514
39261,16111,2016-02-14 02:45:00.000000 UTC,42970,29.5503,30.7568
28255,29093,2016-02-18 16:35:00.000000 UTC,21130,29.5505,28.5868
39261,28255,2016-02-13 23:50:00.000000 UTC,3550,29.5507,29.5989
28255,39261,2016-02-18 11:31:40.000000 UTC,7330,29.551,28.4417
29093,39261,2016-02-02 10:01:40.000000 UTC,16090,29.5511,27.888
28255,39261,2016-02-20 12:30:00.000000 UTC,19210,29.5513,29.0383
29093,39261,2016-02-01 18:30:00.000000 UTC,3370,29.5514,29.5222
28255,29093,2016-02-19 15:55:00.000000 UTC,37210,29.5516,30.034
16111,28255,2016-02-09 06:55:00.000000 UTC,24070,29.5517,29.6325
28255,39261,2016-02-20 23:35:00.000000 UTC,3310,29.552,29.3169
28255,39261,2016-02-22 17:16:40.000000 UTC,34270,29.5523,29.8499
16111,28255,2016-02-07 07:16:40.000000 UTC,47110,29.5525,30.4459
39261,16111,2016-02-15 16:05:00.000000 UTC,3670,29.5525,29.2459
39261,28255,2016-02-12 12:31:40.000000 UTC,36910,29.5526,28.8846
28255,39261,2016-02-23 16:31:40.000000 UTC,12370,29.5529,28.9328
29093,39261,2016-02-02 23:31:40.000000 UTC,13510,29.553,27.8793
29093,39261,2016-02-06 12:01:40.000000 UTC,39250,29.553,30.4007
16111,29093,2016-02-09 16:30:00.000000 UTC,45250,29.5536,30.9221
39261,28255,2016-02-13 03:31:40.000000 UTC,3970,29.5536,29.5778
28255,29093,2016-02-20 02:25:00.000000 UTC,30490,29.5536,30.0323
29093,39261,2016-02-05 05:31:40.000000 UTC,43630,29.5539,30.5764
28255,39261,2016-02-22 05:20:00.000000 UTC,51490,29.5539,30.2208
39261,16111,2016-02-15 12:00:00.000000 UTC,4390,29.5543,29.5635
16111,29093,2016-02-06 22:15:00.000000 UTC,27070,29.5546,29.6443
28255,39261,2016-02-23 08:31:40.000000 UTC,46510,29.5554,29.91
16111,39261,2016-02-06 18:16:40.000000 UTC,53770,29.5556,30.9204
39261,29093,2016-02-13 19:40:00.000000 UTC,39490,29.5556,30.2902
28255,29093,2016-02-23 03:20:00.000000 UTC,11170,29.5557,28.3538
29093,39261,2016-02-06 04:01:40.000000 UTC,30970,29.5558,29.9096
16111,29093,2016-02-06 18:05:00.000000 UTC,2470,29.5562,29.3506
28255,39261,2016-02-20 14:16:40.000000 UTC,49750,29.5563,30.0665
39261,28255,2016-02-15 08:01:40.000000 UTC,16570,29.5566,27.8651
16111,29093,2016-02-06 17:35:00.000000 UTC,41950,29.5568,29.6565
29093,28255,2016-02-06 04:01:40.000000 UTC,33910,29.557,29.6207
39261,28255,2016-02-14 04:15:00.000000 UTC,39010,29.557,28.7167
39261,16111,2016-02-12 18:01:40.000000 UTC,28570,29.5573,29.399
39261,29093,2016-02-13 01:40:00.000000 UTC,25630,29.5574,28.8636
28255,16111,2016-02-19 21:45:00.000000 UTC,28450,29.5577,29.184
28255,29093,2016-02-18 06:01:40.000000 UTC,38290,29.5578,29.9537
16111,39261,2016-02-09 14:31:40.000000 UTC,2170,29.558,29.7153
16111,29093,2016-02-11 03:50:00.000000 UTC,51970,29.5582,30.8071
29093,16111,2016-02-01 00:46:40.000000 UTC,38530,29.5583,30.5612
39261,29093,2016-02-15 16:05:00.000000 UTC,44830,29.5586,30.0638
39261,28255,2016-02-18 01:45:00.000000 UTC,4570,29.5587,29.592
29093,39261,2016-02-02 15:45:00.000000 UTC,2890,29.5589,29.5335
39261,29093,2016-02-13 14:30:00.000000 UTC,2110,29.5593,29.5922
29093,16111,2016-02-03 04:31:40.000000 UTC,25510,29.5594,29.2255
39261,28255,2016-02-13 02:35:00.000000 UTC,4090,29.5594,29.5843
16111,29093,2016-02-06 17:35:00.000000 UTC,31090,29.5599,30.0915
16111,29093,2016-02-09 10:40:00.000000 UTC,27010,29.56,29.9826
39261,28255,2016-02-14 15:31:40.000000 UTC,3490,29.5602,29.8104
39261,29093,2016-02-13 21:01:40.000000 UTC,43990,29.5608,30.2376
28255,39261,2016-02-23 00:46:40.000000 UTC,27070,29.5608,27.0322
16111,28255,2016-02-06 17:55:00.000000 UTC,2590,29.5611,29.8884
29093,16111,2016-02-05 05:31:40.000000 UTC,2230,29.5613,29.8513
39261,16111,2016-02-17 07:16:40.000000 UTC,1870,29.5613,29.6361
28255,29093,2016-02-18 14:15:00.000000 UTC,36550,29.5614,29.7424
16111,39261,2016-02-08 00:50:00.000000 UTC,1450,29.5615,29.7794
29093,16111,2016-02-01 00:46:40.000000 UTC,27250,29.5618,30.2106
29093,28255,2016-02-01 07:01:40.000000 UTC,610,29.5618,29.6266
39261,29093,2016-02-12 20:45:00.000000 UTC,44230,29.5618,30.3291
28255,16111,2016-02-20 05:40:00.000000 UTC,1930,29.5618,27.8941
29093,16111,2016-02-03 01:10:00.000000 UTC,790,29.5628,29.5676
29093,39261,2016-02-01 11:16:40.000000 UTC,44050,29.5634,29.8328
39261,29093,2016-02-13 23:50:00.000000 UTC,48910,29.5635,30.3444
28255,16111,2016-02-22 19:45:00.000000 UTC,4210,29.5635,29.5391
16111,28255,2016-02-11 11:15:00.000000 UTC,58930,29.5638,30.758
39261,16111,2016-02-16 21:20:00.000000 UTC,25090,29.5639,29.8417
28255,16111,2016-02-20 00:50:00.000000 UTC,5770,29.564,28.3975
29093,28255,2016-02-03 19:05:00.000000 UTC,970,29.5641,29.6187
28255,39261,2016-02-18 15:00:00.000000 UTC,47710,29.5641,29.9452
28255,39261,2016-02-18 09:15:00.000000 UTC,47530,29.5643,30.0733
28255,39261,2016-02-20 02:25:00.000000 UTC,2470,29.5643,29.5265
28255,29093,2016-02-21 01:31:40.000000 UTC,9910,29.5647,28.07
16111,28255,2016-02-10 16:01:40.000000 UTC,38710,29.5649,27.7078
29093,39261,2016-02-01 00:35:00.000000 UTC,31090,29.5652,29.3396
39261,29093,2016-02-13 03:31:40.000000 UTC,54010,29.5653,30.8768
29093,16111,2016-02-03 13:25:00.000000 UTC,48730,29.5662,31.4262
39261,16111,2016-02-14 12:10:00.000000 UTC,24970,29.5662,28.9497
29093,16111,2016-02-06 14:45:00.000000 UTC,29110,29.5664,29.5156
28255,39261,2016-02-20 21:40:00.000000 UTC,25390,29.5667,28.4972
39261,29093,2016-02-13 21:01:40.000000 UTC,6430,29.5673,28.5127
39261,29093,2016-02-13 08:40:00.000000 UTC,41230,29.5677,30.0056
29093,16111,2016-02-01 00:16:40.000000 UTC,3670,29.5678,29.5693
28255,39261,2016-02-22 03:01:40.000000 UTC,3190,29.5681,29.767
39261,29093,2016-02-14 04:15:00.000000 UTC,14410,29.5682,30.0039
39261,28255,2016-02-14 10:31:40.000000 UTC,3550,29.5687,29.7981
39261,28255,2016-02-12 22:16:40.000000 UTC,16270,29.569,28.3411
29093,39261,2016-02-04 20:15:00.000000 UTC,3790,29.5695,29.5842
39261,16111,2016-02-14 15:31:40.000000 UTC,1870,29.5695,29.6532
29093,39261,2016-02-01 10:30:00.000000 UTC,8530,29.5696,29.5209
16111,28255,2016-02-06 17:30:00.000000 UTC,50770,29.5696,30.6466
16111,39261,2016-02-11 01:25:00.000000 UTC,36130,29.5699,29.3096
39261,29093,2016-02-14 01:16:40.000000 UTC,43390,29.57,30.8184
16111,28255,2016-02-07 05:35:00.000000 UTC,52630,29.5704,30.5874
16111,29093,2016-02-08 22:01:40.000000 UTC,26170,29.571,28.6026
39261,28255,2016-02-14 15:31:40.000000 UTC,52510,29.5712,29.5001
28255,39261,2016-02-22 22:15:00.000000 UTC,58030,29.5712,30.0382
39261,16111,2016-02-12 11:46:40.000000 UTC,48010,29.5716,30.7955
16111,29093,2016-02-07 21:00:00.000000 UTC,25870,29.5728,29.5676
39261,29093,2016-02-12 23:55:00.000000 UTC,5950,29.5729,28.3027
28255,29093,2016-02-19 09:15:00.000000 UTC,3790,29.5729,29.5763
29093,28255,2016-02-01 01:31:40.000000 UTC,28270,29.5731,28.1277
28255,39261,2016-02-19 08:00:00.000000 UTC,1990,29.5734,29.5788
29093,28255,2016-02-01 00:35:00.000000 UTC,2110,29.5736,29.8056
16111,29093,2016-02-06 23:55:00.000000 UTC,5050,29.5739,28.6233
16111,28255,2016-02-10 02:46:40.000000 UTC,2950,29.574,29.5079
28255,29093,2016-02-23 00:46:40.000000 UTC,54430,29.5741,29.5703
39261,28255,2016-02-17 07:16:40.000000 UTC,4990,29.5744,29.6183
29093,28255,2016-02-05 03:10:00.000000 UTC,1390,29.5747,29.6626
39261,28255,2016-02-12 13:10:00.000000 UTC,4390,29.5747,29.5959
29093,16111,2016-02-03 15:16:40.000000 UTC,14050,29.5751,29.3421
16111,28255,2016-02-07 11:00:00.000000 UTC,59830,29.5751,30.7173
39261,16111,2016-02-12 16:16:40.000000 UTC,34870,29.5753,29.8384
29093,28255,2016-02-04 18:00:00.000000 UTC,22990,29.5755,28.4135
39261,29093,2016-02-12 18:01:40.000000 UTC,29350,29.5758,29.3776
28255,29093,2016-02-18 04:55:00.000000 UTC,38110,29.5762,29.1263
28255,16111,2016-02-20 07:20:00.000000 UTC,35830,29.5762,29.8315
16111,28255,2016-02-07 15:10:00.000000 UTC,55030,29.5765,30.7663
16111,28255,2016-02-08 03:31:40.000000 UTC,3430,29.5767,29.5919
28255,39261,2016-02-23 16:31:40.000000 UTC,1150,29.5777,29.5766
16111,39261,2016-02-09 16:30:00.000000 UTC,37150,29.5779,29.8509
39261,28255,2016-02-13 02:35:00.000000 UTC,52690,29.578,30.2488
16111,28255,2016-02-11 01:25:00.000000 UTC,2590,29.5784,29.4312
39261,16111,2016-02-14 17:15:00.000000 UTC,4090,29.5785,29.6081
28255,39261,2016-02-21 11:40:00.000000 UTC,2650,29.5787,29.675
16111,29093,2016-02-11 16:20:00.000000 UTC,57010,29.5791,31.4979
16111,28255,2016-02-07 07:16:40.000000 UTC,34570,29.5793,28.8995
39261,16111,2016-02-15 08:01:40.000000 UTC,46450,29.5796,30.8481
39261,16111,2016-02-12 13:10:00.000000 UTC,41650,29.5798,30.6456
16111,28255,2016-02-06 17:55:00.000000 UTC,14410,29.58,30.1159
16111,28255,2016-02-08 20:20:00.000000 UTC,10330,29.58,27.8709
29093,28255,2016-02-01 00:25:00.000000 UTC,2650,29.5801,29.8875
39261,16111,2016-02-16 16:31:40.000000 UTC,11170,29.5803,29.0693
28255,39261,2016-02-21 03:30:00.000000 UTC,50410,29.5804,30.2268
16111,29093,2016-02-12 02:50:00.000000 UTC,8470,29.5807,27.6973
16111,29093,2016-02-06 22:15:00.000000 UTC,53890,29.5808,31.0984
16111,29093,2016-02-11 03:50:00.000000 UTC,4090,29.5809,29.5914
39261,16111,2016-02-14 19:00:00.000000 UTC,12070,29.5811,28.8692
39261,28255,2016-02-13 10:55:00.000000 UTC,3910,29.5817,29.5956
16111,29093,2016-02-07 04:46:40.000000 UTC,2350,29.5818,28.4816
16111,29093,2016-02-11 11:15:00.000000 UTC,56650,29.582,31.0014
39261,28255,2016-02-14 17:15:00.000000 UTC,52450,29.5832,29.4778
28255,39261,2016-02-23 08:31:40.000000 UTC,24310,29.5832,28.2767
16111,29093,2016-02-06 17:31:40.000000 UTC,25930,29.5835,30.5969
29093,39261,2016-02-01 18:30:00.000000 UTC,17590,29.5838,29.3108
39261,16111,2016-02-12 16:50:00.000000 UTC,40150,29.5844,29.7749
28255,39261,2016-02-18 19:10:00.000000 UTC,47950,29.5846,30.0809
29093,39261,2016-02-01 00:46:40.000000 UTC,4090,29.5858,29.6128
29093,39261,2016-02-01 04:15:00.000000 UTC,54370,29.5858,30.0067
39261,16111,2016-02-12 14:46:40.000000 UTC,57310,29.5864,29.8414
39261,28255,2016-02-14 02:45:00.000000 UTC,3430,29.5867,29.5619
29093,39261,2016-02-06 17:30:00.000000 UTC,3550,29.5868,29.5987
29093,28255,2016-02-02 02:16:40.000000 UTC,6610,29.5869,27.3915
39261,29093,2016-02-13 18:20:00.000000 UTC,17830,29.5869,29.6226
28255,39261,2016-02-18 05:05:00.000000 UTC,47230,29.5869,29.8426
39261,29093,2016-02-14 13:50:00.000000 UTC,39970,29.587,30.0806
16111,39261,2016-02-08 09:15:00.000000 UTC,40330,29.5871,29.9465
39261,29093,2016-02-17 04:45:00.000000 UTC,47710,29.5872,30.8019
16111,29093,2016-02-10 20:40:00.000000 UTC,39730,29.5875,31.1144
16111,28255,2016-02-07 11:00:00.000000 UTC,29530,29.5876,28.934
39261,29093,2016-02-12 16:16:40.000000 UTC,51010,29.5876,30.7371
16111,39261,2016-02-08 02:10:00.000000 UTC,3850,29.5878,29.2301
39261,28255,2016-02-13 15:45:00.000000 UTC,3790,29.5878,29.6092
39261,29093,2016-02-15 22:25:00.000000 UTC,43810,29.5879,30.7385
29093,28255,2016-02-01 00:00:00.000000 UTC,2110,29.588,29.8282
28255,39261,2016-02-20 21:40:00.000000 UTC,56230,29.5881,30.3975
28255,16111,2016-02-21 03:30:00.000000 UTC,36970,29.5883,29.9589
16111,28255,2016-02-06 17:35:00.000000 UTC,51550,29.5884,29.2568
28255,39261,2016-02-23 08:31:40.000000 UTC,46450,29.5884,29.8114
16111,39261,2016-02-10 09:16:40.000000 UTC,4270,29.5886,29.6167
28255,39261,2016-02-22 00:45:00.000000 UTC,27910,29.5886,29.6444
16111,39261,2016-02-09 22:35:00.000000 UTC,15310,29.5897,30.2597
39261,28255,2016-02-13 07:35:00.000000 UTC,24310,29.5901,28.5913
28255,39261,2016-02-18 18:16:40.000000 UTC,47710,29.5907,29.7173
39261,28255,2016-02-17 02:15:00.000000 UTC,5110,29.591,29.6368
29093,39261,2016-02-02 04:45:00.000000 UTC,24250,29.5913,29.1659
39261,16111,2016-02-14 12:10:00.000000 UTC,40150,29.5914,30.141
39261,29093,2016-02-17 20:20:00.000000 UTC,1090,29.5916,29.5665
29093,39261,2016-02-02 21:55:00.000000 UTC,36790,29.5917,29.1222
39261,29093,2016-02-17 04:45:00.000000 UTC,41770,29.5918,30.0823
29093,28255,2016-02-03 08:00:00.000000 UTC,43510,29.5921,29.8841
28255,16111,2016-02-18 16:35:00.000000 UTC,1750,29.5931,29.6082
16111,29093,2016-02-07 11:00:00.000000 UTC,42850,29.5932,30.5289
16111,39261,2016-02-06 20:25:00.000000 UTC,2530,29.5933,25.636
39261,16111,2016-02-12 11:00:00.000000 UTC,19150,29.5933,29.1457
29093,28255,2016-02-01 00:05:00.000000 UTC,3670,29.594,29.2631
39261,29093,2016-02-12 17:25:00.000000 UTC,29290,29.5945,29.8528
39261,16111,2016-02-14 07:20:00.000000 UTC,35530,29.5945,29.4462
28255,29093,2016-02-18 10:55:00.000000 UTC,10930,29.5948,28.6959
28255,16111,2016-02-21 03:30:00.000000 UTC,10930,29.5949,28.3831
39261,28255,2016-02-12 18:40:00.000000 UTC,1450,29.5952,29.5597
28255,16111,2016-02-23 03:20:00.000000 UTC,3310,29.5954,29.587
39261,28255,2016-02-14 08:55:00.000000 UTC,3490,29.5957,29.7185
28255,39261,2016-02-18 09:46:40.000000 UTC,25270,29.5959,28.231
16111,29093,2016-02-07 00:31:40.000000 UTC,49270,29.5961,30.971
29093,39261,2016-02-01 13:46:40.000000 UTC,10930,29.5966,27.8669
39261,28255,2016-02-14 17:15:00.000000 UTC,3490,29.5967,29.8191
28255,29093,2016-02-21 22:30:00.000000 UTC,37510,29.5971,29.8985
39261,29093,2016-02-14 15:31:40.000000 UTC,46510,29.5972,29.822
29093,16111,2016-02-04 05:05:00.000000 UTC,19930,29.5974,30.4938
16111,29093,2016-02-10 02:46:40.000000 UTC,33010,29.5976,29.7762
16111,28255,2016-02-12 02:50:00.000000 UTC,50290,29.5977,29.7265
39261,16111,2016-02-13 22:25:00.000000 UTC,3730,29.5977,29.597
39261,16111,2016-02-15 10:00:00.000000 UTC,3070,29.5977,26.8514
39261,28255,2016-02-12 17:25:00.000000 UTC,6970,29.5978,29.02
39261,16111,2016-02-13 13:16:40.000000 UTC,51730,29.5978,30.498
39261,28255,2016-02-12 21:30:00.000000 UTC,4210,29.5983,29.6028
39261,29093,2016-02-16 18:55:00.000000 UTC,1330,29.5985,29.572
16111,28255,2016-02-08 06:20:00.000000 UTC,58810,29.5986,31.188
28255,29093,2016-02-21 01:31:40.000000 UTC,8770,29.5987,29.8081
39261,28255,2016-02-14 10:31:40.000000 UTC,3790,29.5988,29.9102
29093,16111,2016-02-01 07:01:40.000000 UTC,38290,29.599,30.4216
29093,16111,2016-02-04 11:25:00.000000 UTC,4870,29.599,28.2236
29093,39261,2016-02-01 12:05:00.000000 UTC,2890,29.5993,29.6305
29093,28255,2016-02-04 03:01:40.000000 UTC,1870,29.5993,29.6307
28255,39261,2016-02-22 17:16:40.000000 UTC,3370,29.5995,29.5716
29093,28255,2016-02-01 18:30:00.000000 UTC,28990,29.5996,27.9498
16111,29093,2016-02-10 11:30:00.000000 UTC,34810,29.5997,29.8951
39261,28255,2016-02-14 08:55:00.000000 UTC,3790,29.5998,29.9401
39261,29093,2016-02-13 21:01:40.000000 UTC,6490,29.5999,28.3457
16111,39261,2016-02-07 22:15:00.000000 UTC,2890,29.6,29.0293
39261,28255,2016-02-15 12:00:00.000000 UTC,32890,29.6001,29.8115
29093,16111,2016-02-04 05:05:00.000000 UTC,7990,29.6003,29.1108
29093,28255,2016-02-01 00:10:00.000000 UTC,43510,29.6005,29.6544
16111,39261,2016-02-06 19:40:00.000000 UTC,1690,29.6007,29.5931
39261,29093,2016-02-14 15:31:40.000000 UTC,35110,29.6007,29.7319
39261,29093,2016-02-14 01:16:40.000000 UTC,16510,29.6008,28.9032
29093,39261,2016-02-02 15:45:00.000000 UTC,51130,29.6011,29.5913
28255,29093,2016-02-19 03:16:40.000000 UTC,33490,29.6012,28.7186
28255,29093,2016-02-18 04:30:00.000000 UTC,43990,29.6015,29.6998
28255,16111,2016-02-18 04:55:00.000000 UTC,2470,29.6018,29.8096
39261,16111,2016-02-13 10:55:00.000000 UTC,52570,29.6022,30.8356
29093,39261,2016-02-01 21:40:00.000000 UTC,3850,29.6023,29.5947
29093,16111,2016-02-01 13:46:40.000000 UTC,32290,29.6026,29.592
16111,29093,2016-02-08 23:45:00.000000 UTC,50470,29.6026,30.9323
39261,16111,2016-02-13 04:30:00.000000 UTC,33310,29.6029,28.9124
29093,16111,2016-02-02 14:16:40.000000 UTC,25870,29.6039,29.3038
39261,16111,2016-02-14 20:46:40.000000 UTC,49030,29.6044,30.3908
29093,16111,2016-02-01 09:45:00.000000 UTC,43930,29.6049,30.8656
16111,28255,2016-02-11 21:31:40.000000 UTC,12850,29.6051,28.038
28255,29093,2016-02-19 03:16:40.000000 UTC,39730,29.6052,30.1546
29093,39261,2016-02-01 01:50:00.000000 UTC,4270,29.6058,29.619
16111,28255,2016-02-10 11:30:00.000000 UTC,47410,29.6058,30.4958
28255,29093,2016-02-23 03:20:00.000000 UTC,42610,29.606,29.2881
29093,28255,2016-02-01 05:50:00.000000 UTC,5110,29.6065,28.8398
29093,28255,2016-02-02 03:30:00.000000 UTC,25930,29.6065,30.0108
29093,16111,2016-02-01 16:31:40.000000 UTC,26710,29.6073,29.8957
39261,28255,2016-02-13 08:40:00.000000 UTC,1150,29.6074,29.6207
28255,39261,2016-02-23 22:00:00.000000 UTC,1270,29.6074,29.5734
39261,29093,2016-02-14 19:00:00.000000 UTC,44650,29.608,30.6133
16111,39261,2016-02-07 11:00:00.000000 UTC,30010,29.6085,28.4975
39261,29093,2016-02-12 13:55:00.000000 UTC,46150,29.6086,30.7678
28255,39261,2016-02-22 03:01:40.000000 UTC,33730,29.6088,29.894
39261,29093,2016-02-15 04:10:00.000000 UTC,42490,29.6093,30.6824
16111,28255,2016-02-06 23:20:00.000000 UTC,32950,29.6101,29.4545
39261,29093,2016-02-12 12:15:00.000000 UTC,57130,29.6105,29.8577
29093,39261,2016-02-01 00:01:40.000000 UTC,4090,29.6107,29.6159
39261,28255,2016-02-12 14:46:40.000000 UTC,7330,29.6107,28.4415
29093,39261,2016-02-02 23:31:40.000000 UTC,1930,29.6109,26.3769
39261,28255,2016-02-16 02:46:40.000000 UTC,1390,29.6109,29.7162
29093,28255,2016-02-03 13:25:00.000000 UTC,32590,29.6113,29.4705
16111,39261,2016-02-12 08:15:00.000000 UTC,43150,29.6113,30.0269
16111,29093,2016-02-10 02:46:40.000000 UTC,49930,29.6115,30.3603
29093,28255,2016-02-04 07:10:00.000000 UTC,48310,29.6116,29.9581
29093,39261,2016-02-04 13:35:00.000000 UTC,57070,29.6116,30.0493
39261,28255,2016-02-13 04:30:00.000000 UTC,12370,29.6116,28.9893
29093,28255,2016-02-04 13:35:00.000000 UTC,2230,29.612,29.7901
39261,16111,2016-02-14 17:15:00.000000 UTC,50170,29.612,30.7648
28255,39261,2016-02-20 07:20:00.000000 UTC,21310,29.6121,27.9588
39261,16111,2016-02-14 01:16:40.000000 UTC,3250,29.6125,29.5831
39261,28255,2016-02-17 20:20:00.000000 UTC,4690,29.6128,29.6145
39261,16111,2016-02-16 02:46:40.000000 UTC,41230,29.6142,30.2832
28255,39261,2016-02-19 06:46:40.000000 UTC,4750,29.6142,29.6121
16111,39261,2016-02-06 20:25:00.000000 UTC,4390,29.6152,29.6532
16111,39261,2016-02-12 00:10:00.000000 UTC,29110,29.6158,30.2169
29093,28255,2016-02-01 20:35:00.000000 UTC,4630,29.6159,29.6613
16111,39261,2016-02-09 18:30:00.000000 UTC,43750,29.6159,30.1051
39261,28255,2016-02-12 15:45:00.000000 UTC,48850,29.6159,28.823
29093,28255,2016-02-01 01:00:00.000000 UTC,2290,29.6161,29.813
16111,29093,2016-02-06 22:15:00.000000 UTC,59470,29.6161,31.1359
28255,39261,2016-02-21 22:30:00.000000 UTC,2830,29.6165,29.4939
29093,16111,2016-02-01 05:50:00.000000 UTC,1390,29.6166,29.642
28255,39261,2016-02-18 06:01:40.000000 UTC,54790,29.617,29.7636
16111,39261,2016-02-07 09:05:00.000000 UTC,5290,29.6179,28.8102
28255,29093,2016-02-20 14:16:40.000000 UTC,38290,29.6179,29.8744
16111,29093,2016-02-11 01:25:00.000000 UTC,21730,29.618,28.142
29093,16111,2016-02-04 11:25:00.000000 UTC,58690,29.6189,31.0245
39261,29093,2016-02-12 12:15:00.000000 UTC,56830,29.6196,29.1173
28255,16111,2016-02-21 18:05:00.000000 UTC,39190,29.6197,29.8765
29093,39261,2016-02-02 18:46:40.000000 UTC,23710,29.6199,29.5351
29093,28255,2016-02-01 18:30:00.000000 UTC,10810,29.6204,26.9516
28255,39261,2016-02-18 08:16:40.000000 UTC,24850,29.6204,29.1049
39261,29093,2016-02-14 08:55:00.000000 UTC,53170,29.6207,30.8669
39261,29093,2016-02-15 22:25:00.000000 UTC,3430,29.6209,29.6086
29093,39261,2016-02-04 13:35:00.000000 UTC,2770,29.6213,29.5048
39261,28255,2016-02-12 21:30:00.000000 UTC,12610,29.6214,29.1143
16111,28255,2016-02-07 02:31:40.000000 UTC,3430,29.6215,29.6134
28255,39261,2016-02-21 07:31:40.000000 UTC,56410,29.6219,30.0236
29093,39261,2016-02-04 18:00:00.000000 UTC,24130,29.622,28.6089
16111,39261,2016-02-07 22:15:00.000000 UTC,44650,29.6222,30.098
29093,28255,2016-02-02 23:31:40.000000 UTC,4450,29.6226,29.6625
39261,28255,2016-02-15 06:05:00.000000 UTC,9010,29.6228,29.8187
28255,39261,2016-02-19 09:15:00.000000 UTC,4750,29.6231,29.6014
29093,28255,2016-02-01 08:20:00.000000 UTC,39190,29.6243,29.4769
28255,39261,2016-02-22 00:45:00.000000 UTC,57610,29.6243,30.7756
28255,16111,2016-02-18 17:25:00.000000 UTC,38950,29.6255,30.2719
28255,39261,2016-02-19 11:50:00.000000 UTC,2050,29.6256,29.6392
28255,29093,2016-02-22 19:45:00.000000 UTC,1570,29.6257,29.6432
16111,39261,2016-02-09 18:30:00.000000 UTC,37870,29.6258,30.1347
28255,16111,2016-02-18 04:40:00.000000 UTC,41470,29.6261,29.8457
29093,39261,2016-02-01 02:10:00.000000 UTC,4270,29.6267,29.6434
28255,29093,2016-02-18 16:35:00.000000 UTC,21010,29.6267,28.906
29093,28255,2016-02-05 20:16:40.000000 UTC,22390,29.6271,28.8851
16111,28255,2016-02-10 20:40:00.000000 UTC,56650,29.6271,30.5209
29093,39261,2016-02-01 02:55:00.000000 UTC,4510,29.6272,29.6431
39261,28255,2016-02-16 14:10:00.000000 UTC,2830,29.6276,29.2447
28255,16111,2016-02-19 06:46:40.000000 UTC,9790,29.6277,28.2031
39261,28255,2016-02-16 18:55:00.000000 UTC,2530,29.6278,29.5861
29093,28255,2016-02-05 22:50:00.000000 UTC,11290,29.6279,28.1093
16111,28255,2016-02-11 03:50:00.000000 UTC,5470,29.6288,28.5581
39261,28255,2016-02-13 07:35:00.000000 UTC,41830,29.629,29.4138
16111,28255,2016-02-07 14:05:00.000000 UTC,54610,29.6293,30.6161
28255,16111,2016-02-19 21:45:00.000000 UTC,38050,29.6293,30.0316
39261,16111,2016-02-13 07:35:00.000000 UTC,36250,29.6296,29.5605
29093,39261,2016-02-01 03:20:00.000000 UTC,4510,29.6298,29.6622
39261,28255,2016-02-15 04:10:00.000000 UTC,22450,29.6298,28.5112
39261,28255,2016-02-17 04:45:00.000000 UTC,4990,29.6298,29.6722
29093,16111,2016-02-02 10:01:40.000000 UTC,31930,29.6302,29.8856
39261,29093,2016-02-13 00:46:40.000000 UTC,16930,29.6305,28.1978
28255,29093,2016-02-18 05:45:00.000000 UTC,38410,29.6306,30.1352
29093,28255,2016-02-01 04:15:00.000000 UTC,44470,29.6312,29.834
39261,16111,2016-02-13 15:45:00.000000 UTC,51190,29.6316,30.6131
39261,28255,2016-02-15 04:10:00.000000 UTC,39910,29.6316,29.4561
39261,29093,2016-02-16 05:00:00.000000 UTC,18910,29.6316,28.9137
28255,39261,2016-02-18 04:35:00.000000 UTC,4150,29.6321,29.6167
28255,16111,2016-02-22 07:40:00.000000 UTC,1450,29.6321,25.7248
28255,16111,2016-02-18 09:46:40.000000 UTC,45970,29.6323,30.0764
28255,39261,2016-02-20 05:40:00.000000 UTC,30430,29.6325,27.6436
16111,39261,2016-02-08 04:55:00.000000 UTC,2710,29.6337,29.4979
39261,28255,2016-02-14 19:00:00.000000 UTC,3370,29.6338,29.803
29093,28255,2016-02-02 21:55:00.000000 UTC,22870,29.634,28.2023
16111,28255,2016-02-08 22:01:40.000000 UTC,2650,29.6341,29.894
29093,39261,2016-02-04 03:01:40.000000 UTC,4690,29.6342,29.6787
16111,39261,2016-02-10 20:40:00.000000 UTC,2710,29.6342,29.5223
39261,28255,2016-02-14 15:31:40.000000 UTC,28210,29.6342,29.6379
28255,16111,2016-02-21 05:30:00.000000 UTC,3550,29.6345,29.4613
16111,28255,2016-02-06 18:45:00.000000 UTC,2350,29.6354,29.8405
39261,28255,2016-02-15 06:05:00.000000 UTC,33190,29.636,29.8181
39261,29093,2016-02-13 18:20:00.000000 UTC,38410,29.6361,28.7442
39261,29093,2016-02-15 00:25:00.000000 UTC,54130,29.6361,30.047
39261,29093,2016-02-12 18:01:40.000000 UTC,32890,29.6364,28.4374
29093,16111,2016-02-01 04:45:00.000000 UTC,1390,29.6366,29.6554
39261,28255,2016-02-13 02:35:00.000000 UTC,4150,29.6366,29.6761
28255,29093,2016-02-19 01:05:00.000000 UTC,40330,29.6368,30.4324
28255,39261,2016-02-18 04:40:00.000000 UTC,4150,29.6369,29.621
29093,39261,2016-02-01 15:35:00.000000 UTC,5170,29.637,28.4628
39261,29093,2016-02-13 22:25:00.000000 UTC,17050,29.637,29.1568
28255,39261,2016-02-23 16:31:40.000000 UTC,3970,29.637,29.6433
29093,16111,2016-02-04 09:16:40.000000 UTC,25450,29.6372,30.3487
28255,39261,2016-02-19 11:50:00.000000 UTC,4870,29.6374,29.6347
16111,39261,2016-02-06 21:45:00.000000 UTC,4570,29.638,29.6873
28255,39261,2016-02-20 14:16:40.000000 UTC,49810,29.6395,30.1593
28255,39261,2016-02-23 08:31:40.000000 UTC,52870,29.6396,30.5223
29093,28255,2016-02-02 21:55:00.000000 UTC,4270,29.6398,29.6641
39261,16111,2016-02-14 19:00:00.000000 UTC,3850,29.6398,29.6462
28255,39261,2016-02-21 15:55:00.000000 UTC,50950,29.6398,30.2241
16111,29093,2016-02-07 05:35:00.000000 UTC,37150,29.6404,30.5708
29093,28255,2016-02-01 02:31:40.000000 UTC,44110,29.6405,29.883
28255,39261,2016-02-18 04:46:40.000000 UTC,4150,29.641,29.624
28255,16111,2016-02-18 14:15:00.000000 UTC,2050,29.641,29.6921
28255,29093,2016-02-19 04:25:00.000000 UTC,32890,29.6411,27.4502
16111,39261,2016-02-10 00:40:00.000000 UTC,5230,29.6413,28.8032
16111,28255,2016-02-10 02:46:40.000000 UTC,22990,29.6413,29.266
29093,28255,2016-02-01 18:30:00.000000 UTC,47530,29.6417,29.9818
28255,29093,2016-02-20 16:05:00.000000 UTC,49390,29.6418,30.5323
16111,28255,2016-02-08 04:55:00.000000 UTC,3610,29.6422,29.6318
29093,28255,2016-02-02 20:20:00.000000 UTC,2170,29.6425,25.616
29093,39261,2016-02-03 04:31:40.000000 UTC,36430,29.6427,29.3264
16111,28255,2016-02-07 03:15:00.000000 UTC,30130,29.6428,28.421
16111,28255,2016-02-09 01:30:00.000000 UTC,17170,29.6432,28.8623
39261,29093,2016-02-15 18:10:00.000000 UTC,6970,29.6435,28.3939
29093,28255,2016-02-02 06:01:40.000000 UTC,2410,29.6438,29.8696
16111,28255,2016-02-06 17:35:00.000000 UTC,37750,29.644,29.9423
16111,39261,2016-02-08 22:01:40.000000 UTC,32110,29.6443,29.9247
39261,29093,2016-02-18 01:45:00.000000 UTC,42430,29.6443,30.1268
28255,39261,2016-02-19 04:25:00.000000 UTC,54550,29.6447,30.4918
16111,39261,2016-02-09 06:55:00.000000 UTC,3550,29.645,29.6472
29093,39261,2016-02-06 14:45:00.000000 UTC,39430,29.6459,29.65
29093,28255,2016-02-02 20:20:00.000000 UTC,4090,29.646,29.6564
29093,39261,2016-02-01 02:31:40.000000 UTC,4390,29.6461,29.6648
16111,39261,2016-02-06 18:16:40.000000 UTC,13090,29.6462,28.9641
39261,29093,2016-02-12 23:05:00.000000 UTC,6070,29.6464,28.4213
29093,39261,2016-02-04 22:31:40.000000 UTC,4030,29.6467,29.6655
29093,39261,2016-02-01 01:15:00.000000 UTC,1630,29.6476,29.6708
28255,39261,2016-02-18 06:40:00.000000 UTC,59350,29.6476,30.1207
16111,28255,2016-02-06 23:20:00.000000 UTC,2830,29.6478,29.3039
28255,39261,2016-02-21 18:05:00.000000 UTC,2650,29.6479,29.4979
28255,16111,2016-02-20 04:01:40.000000 UTC,15910,29.648,29.0973
29093,39261,2016-02-01 01:31:40.000000 UTC,41830,29.6486,30.0871
29093,28255,2016-02-01 04:15:00.000000 UTC,44590,29.6486,30.0546
29093,16111,2016-02-04 03:01:40.000000 UTC,5050,29.6489,28.2917
28255,29093,2016-02-19 05:35:00.000000 UTC,56350,29.6492,30.8289
16111,28255,2016-02-07 01:10:00.000000 UTC,3310,29.6493,29.6884
29093,28255,2016-02-02 18:46:40.000000 UTC,3910,29.6499,29.6455
39261,16111,2016-02-14 01:16:40.000000 UTC,5590,29.6499,28.8723
28255,39261,2016-02-19 23:16:40.000000 UTC,49090,29.6499,30.0214
39261,28255,2016-02-13 01:40:00.000000 UTC,57910,29.6503,28.962
39261,29093,2016-02-14 15:31:40.000000 UTC,51130,29.6506,30.8855
28255,39261,2016-02-21 01:31:40.000000 UTC,32170,29.6507,29.5441
29093,39261,2016-02-04 22:31:40.000000 UTC,13330,29.6511,28.3276
16111,28255,2016-02-12 00:10:00.000000 UTC,2410,29.6512,29.9103
29093,28255,2016-02-04 05:05:00.000000 UTC,4630,29.6513,29.7253
39261,29093,2016-02-13 22:25:00.000000 UTC,5170,29.6513,30.3536
39261,28255,2016-02-17 12:25:00.000000 UTC,2050,29.6514,29.7028
16111,28255,2016-02-11 11:15:00.000000 UTC,24850,29.6516,29.0306
39261,28255,2016-02-12 11:46:40.000000 UTC,4450,29.652,29.6605
28255,29093,2016-02-19 03:16:40.000000 UTC,1990,29.652,29.6499
16111,39261,2016-02-11 16:20:00.000000 UTC,33310,29.6524,30.1514
16111,28255,2016-02-07 01:10:00.000000 UTC,5830,29.6526,28.6175
39261,29093,2016-02-13 07:35:00.000000 UTC,53230,29.6526,31.0947
16111,28255,2016-02-11 21:31:40.000000 UTC,12730,29.6527,27.6649
28255,29093,2016-02-21 11:40:00.000000 UTC,39790,29.6528,30.154
16111,28255,2016-02-11 03:50:00.000000 UTC,17050,29.6532,29.2663
39261,28255,2016-02-12 11:00:00.000000 UTC,13150,29.6539,28.9816
39261,28255,2016-02-13 15:45:00.000000 UTC,29770,29.6542,28.9112
39261,28255,2016-02-15 06:05:00.000000 UTC,15070,29.6542,29.8421
28255,39261,2016-02-22 22:15:00.000000 UTC,23530,29.6545,29.0951
28255,29093,2016-02-19 13:10:00.000000 UTC,3310,29.6551,29.632
28255,16111,2016-02-18 05:45:00.000000 UTC,9550,29.6553,28.9247
29093,28255,2016-02-03 11:35:00.000000 UTC,38230,29.6558,29.6665
39261,16111,2016-02-13 21:01:40.000000 UTC,23170,29.656,29.4276
29093,39261,2016-02-01 01:31:40.000000 UTC,4330,29.6563,29.6679
29093,28255,2016-02-03 23:00:00.000000 UTC,3910,29.6563,29.6676
16111,28255,2016-02-07 08:10:00.000000 UTC,4090,29.6565,29.5928
16111,39261,2016-02-07 14:05:00.000000 UTC,47230,29.6566,30.6087
39261,29093,2016-02-16 02:46:40.000000 UTC,30790,29.6571,29.1626
39261,28255,2016-02-12 13:55:00.000000 UTC,4330,29.6573,29.6664
28255,16111,2016-02-18 04:55:00.000000 UTC,46870,29.6576,29.7089
39261,28255,2016-02-13 14:30:00.000000 UTC,1030,29.6584,29.3272
28255,29093,2016-02-18 08:16:40.000000 UTC,22570,29.659,29.166
39261,16111,2016-02-17 02:15:00.000000 UTC,40570,29.6592,30.142
29093,39261,2016-02-04 05:05:00.000000 UTC,54730,29.6593,29.8776
29093,39261,2016-02-01 00:00:00.000000 UTC,1450,29.6595,29.6403
39261,28255,2016-02-12 12:50:00.000000 UTC,4390,29.6598,29.664
29093,39261,2016-02-04 22:31:40.000000 UTC,41410,29.66,30.0642
16111,28255,2016-02-08 12:16:40.000000 UTC,2050,29.6603,29.6957
28255,39261,2016-02-22 12:25:00.000000 UTC,3310,29.6605,29.6538
39261,16111,2016-02-13 04:30:00.000000 UTC,36790,29.6609,29.0047
28255,16111,2016-02-19 00:01:40.000000 UTC,5770,29.6609,28.2644
16111,39261,2016-02-08 20:20:00.000000 UTC,12790,29.6611,28.5423
39261,29093,2016-02-13 17:01:40.000000 UTC,39190,29.6614,29.854
29093,39261,2016-02-01 11:16:40.000000 UTC,2770,29.6615,29.7111
28255,29093,2016-02-22 17:16:40.000000 UTC,27850,29.6615,29.3531
16111,39261,2016-02-06 17:30:00.000000 UTC,29530,29.6617,30.4135
39261,28255,2016-02-13 06:31:40.000000 UTC,3970,29.6619,29.6523
28255,39261,2016-02-22 05:20:00.000000 UTC,4570,29.6619,29.3775
39261,28255,2016-02-13 10:55:00.000000 UTC,3970,29.662,29.6829
29093,39261,2016-02-01 00:01:40.000000 UTC,1450,29.6624,29.6737
29093,39261,2016-02-04 20:15:00.000000 UTC,3850,29.6626,29.6966
39261,16111,2016-02-16 02:46:40.000000 UTC,41170,29.6626,30.184
39261,16111,2016-02-17 07:16:40.000000 UTC,27610,29.663,29.0055
28255,16111,2016-02-20 00:50:00.000000 UTC,22090,29.6633,29.373
28255,16111,2016-02-21 22:30:00.000000 UTC,43750,29.6641,29.9286
28255,29093,2016-02-21 15:55:00.000000 UTC,38890,29.6643,30.0782
29093,39261,2016-02-03 23:00:00.000000 UTC,4030,29.6644,29.6683
16111,29093,2016-02-09 14:31:40.000000 UTC,32950,29.6645,30.2267
28255,16111,2016-02-18 04:55:00.000000 UTC,41710,29.6647,30.3219
39261,16111,2016-02-16 23:46:40.000000 UTC,9370,29.6648,28.7751
16111,29093,2016-02-10 20:40:00.000000 UTC,39010,29.6649,29.906
16111,28255,2016-02-07 23:31:40.000000 UTC,11170,29.6651,28.3706
28255,39261,2016-02-18 04:35:00.000000 UTC,6730,29.6654,29.0653
28255,16111,2016-02-18 05:45:00.000000 UTC,41470,29.6656,30.2552
16111,39261,2016-02-11 06:16:40.000000 UTC,4330,29.666,29.6871
28255,16111,2016-02-18 04:46:40.000000 UTC,8230,29.6661,29.97
16111,29093,2016-02-09 10:40:00.000000 UTC,3550,29.6663,29.671
28255,16111,2016-02-18 07:25:00.000000 UTC,41050,29.6663,30.1654
16111,29093,2016-02-07 12:00:00.000000 UTC,37390,29.6664,30.676
28255,39261,2016-02-18 04:55:00.000000 UTC,6910,29.6664,28.7316
16111,28255,2016-02-09 08:46:40.000000 UTC,13330,29.6665,27.6586
39261,29093,2016-02-12 12:50:00.000000 UTC,19750,29.6668,28.3113
29093,28255,2016-02-04 20:15:00.000000 UTC,5530,29.6673,28.654
28255,29093,2016-02-22 12:25:00.000000 UTC,51370,29.6674,29.8752
29093,16111,2016-02-04 05:05:00.000000 UTC,59170,29.6675,31.6045
16111,28255,2016-02-07 01:50:00.000000 UTC,5890,29.6682,28.8496
28255,39261,2016-02-23 08:31:40.000000 UTC,3790,29.6683,29.6523
29093,39261,2016-02-04 13:35:00.000000 UTC,3610,29.6684,29.4794
16111,29093,2016-02-09 16:30:00.000000 UTC,50230,29.6684,31.5015
39261,28255,2016-02-13 23:50:00.000000 UTC,57250,29.6684,29.5408
39261,29093,2016-02-14 17:15:00.000000 UTC,45010,29.6684,30.5705
28255,39261,2016-02-18 09:46:40.000000 UTC,7090,29.6689,28.8003
39261,16111,2016-02-14 04:15:00.000000 UTC,21190,29.669,29.5157
39261,28255,2016-02-14 20:46:40.000000 UTC,4390,29.6693,29.4638
28255,29093,2016-02-19 01:05:00.000000 UTC,40270,29.6696,30.3477
28255,29093,2016-02-23 08:31:40.000000 UTC,8350,29.6696,29.8441
39261,16111,2016-02-12 20:45:00.000000 UTC,39610,29.6698,30.5487
39261,28255,2016-02-15 16:05:00.000000 UTC,14950,29.6699,29.8089
29093,39261,2016-02-01 00:10:00.000000 UTC,41530,29.6706,30.2484
16111,28255,2016-02-11 11:15:00.000000 UTC,13270,29.6707,28.1057
39261,16111,2016-02-17 20:20:00.000000 UTC,35590,29.6713,29.5378
29093,39261,2016-02-02 03:30:00.000000 UTC,4570,29.6715,29.6966
39261,29093,2016-02-14 12:10:00.000000 UTC,2350,29.6716,29.7393
29093,28255,2016-02-05 20:16:40.000000 UTC,3130,29.6717,30.0417
39261,28255,2016-02-13 15:45:00.000000 UTC,3850,29.6718,29.6939
28255,16111,2016-02-23 13:50:00.000000 UTC,58030,29.6721,30.4506
39261,29093,2016-02-16 05:00:00.000000 UTC,2530,29.6722,29.8355
16111,28255,2016-02-08 06:20:00.000000 UTC,13090,29.6723,27.3226
28255,29093,2016-02-19 09:15:00.000000 UTC,38410,29.6723,29.8431
16111,29093,2016-02-12 02:50:00.000000 UTC,45910,29.6724,30.9077
39261,28255,2016-02-12 21:30:00.000000 UTC,4270,29.6725,29.6953
39261,28255,2016-02-15 00:25:00.000000 UTC,9250,29.6726,29.8938
28255,39261,2016-02-21 18:05:00.000000 UTC,2770,29.6728,29.6406
39261,28255,2016-02-12 22:16:40.000000 UTC,4150,29.673,29.6725
39261,29093,2016-02-12 23:05:00.000000 UTC,6550,29.6731,26.3769
28255,29093,2016-02-21 03:30:00.000000 UTC,41470,29.6735,30.25
29093,28255,2016-02-05 22:50:00.000000 UTC,3550,29.6736,30.112
28255,39261,2016-02-19 15:55:00.000000 UTC,4930,29.6739,29.6657
39261,16111,2016-02-13 03:31:40.000000 UTC,3370,29.6744,29.6713
28255,39261,2016-02-18 14:15:00.000000 UTC,53710,29.6746,30.139
28255,16111,2016-02-20 07:20:00.000000 UTC,2410,29.6748,29.8617
28255,39261,2016-02-22 10:01:40.000000 UTC,51610,29.6748,30.0724
29093,39261,2016-02-01 03:46:40.000000 UTC,1990,29.6751,29.7179
28255,29093,2016-02-21 15:55:00.000000 UTC,4030,29.6754,29.6722
16111,39261,2016-02-10 23:01:40.000000 UTC,51550,29.6756,29.7839
39261,28255,2016-02-13 22:25:00.000000 UTC,3430,29.6758,29.2837
39261,28255,2016-02-14 13:50:00.000000 UTC,3610,29.6759,29.8504
39261,29093,2016-02-12 23:05:00.000000 UTC,6430,29.6761,27.1153
39261,28255,2016-02-12 23:05:00.000000 UTC,4090,29.6763,29.4783
39261,29093,2016-02-16 05:00:00.000000 UTC,36070,29.6763,29.5981
28255,16111,2016-02-18 15:00:00.000000 UTC,39430,29.6763,30.2067
39261,29093,2016-02-14 08:55:00.000000 UTC,47590,29.6764,30.6245
39261,28255,2016-02-14 22:35:00.000000 UTC,9190,29.6764,29.8589
39261,28255,2016-02-18 01:45:00.000000 UTC,7570,29.6767,28.9584
16111,39261,2016-02-11 01:25:00.000000 UTC,3610,29.6768,29.6904
39261,16111,2016-02-12 15:45:00.000000 UTC,42130,29.6769,29.4611
16111,39261,2016-02-07 22:15:00.000000 UTC,49630,29.677,30.7939
29093,39261,2016-02-05 20:16:40.000000 UTC,42430,29.6775,29.8418
28255,29093,2016-02-19 06:46:40.000000 UTC,38830,29.6776,29.7311
28255,39261,2016-02-23 22:00:00.000000 UTC,4090,29.6781,29.6566
39261,29093,2016-02-13 01:40:00.000000 UTC,54250,29.6782,30.4689
29093,28255,2016-02-01 00:46:40.000000 UTC,2650,29.6787,29.9923
16111,28255,2016-02-08 03:31:40.000000 UTC,3490,29.6787,29.7049
16111,39261,2016-02-08 04:55:00.000000 UTC,57250,29.6787,30.4884
29093,28255,2016-02-04 01:00:00.000000 UTC,4210,29.679,29.7077
29093,16111,2016-02-01 00:35:00.000000 UTC,49450,29.6792,30.454
39261,28255,2016-02-15 14:01:40.000000 UTC,3550,29.6792,29.5386
39261,28255,2016-02-12 16:16:40.000000 UTC,19210,29.6804,27.994
28255,16111,2016-02-19 15:55:00.000000 UTC,39430,29.6805,30.196
29093,39261,2016-02-01 05:50:00.000000 UTC,42850,29.6815,29.9408
16111,29093,2016-02-06 20:25:00.000000 UTC,42550,29.6815,30.7831
39261,29093,2016-02-16 14:10:00.000000 UTC,28330,29.6816,29.8004
28255,29093,2016-02-18 11:31:40.000000 UTC,54310,29.6822,30.7564
39261,29093,2016-02-17 07:16:40.000000 UTC,58090,29.6826,30.5292
28255,16111,2016-02-18 05:45:00.000000 UTC,41590,29.683,30.421
28255,29093,2016-02-19 05:35:00.000000 UTC,4210,29.6835,29.6542
29093,39261,2016-02-01 00:00:00.000000 UTC,4150,29.6837,29.7244
16111,29093,2016-02-06 21:16:40.000000 UTC,43150,29.6839,31.172
28255,39261,2016-02-18 13:31:40.000000 UTC,4390,29.6845,29.6895
16111,28255,2016-02-07 21:00:00.000000 UTC,7630,29.6846,27.8104
28255,39261,2016-02-18 07:50:00.000000 UTC,36850,29.6847,29.143
28255,29093,2016-02-20 09:01:40.000000 UTC,1810,29.6851,29.6738
16111,39261,2016-02-06 20:25:00.000000 UTC,19810,29.6853,28.6653
16111,29093,2016-02-07 01:10:00.000000 UTC,27310,29.6854,29.3272
29093,28255,2016-02-02 06:01:40.000000 UTC,32530,29.6861,30.2283
28255,16111,2016-02-18 10:55:00.000000 UTC,25210,29.6861,28.786
29093,39261,2016-02-06 17:30:00.000000 UTC,3610,29.6862,29.7041
39261,28255,2016-02-14 20:46:40.000000 UTC,3370,29.6863,29.8593
16111,39261,2016-02-08 22:01:40.000000 UTC,6970,29.6864,27.7352
16111,28255,2016-02-07 07:16:40.000000 UTC,4090,29.6865,29.7218
16111,28255,2016-02-10 23:01:40.000000 UTC,2410,29.6872,29.9284
39261,28255,2016-02-17 07:16:40.000000 UTC,54310,29.6872,30.1706
28255,29093,2016-02-18 21:01:40.000000 UTC,46750,29.6873,30.5164
29093,16111,2016-02-01 23:55:00.000000 UTC,42730,29.6876,28.9003
39261,28255,2016-02-17 20:20:00.000000 UTC,35950,29.6878,29.6758
29093,39261,2016-02-02 17:15:00.000000 UTC,3190,29.6883,29.685
28255,29093,2016-02-20 09:01:40.000000 UTC,4210,29.6885,29.5467
39261,29093,2016-02-13 23:50:00.000000 UTC,43330,29.6888,30.2682
39261,16111,2016-02-15 14:01:40.000000 UTC,28390,29.6888,30.2777
28255,39261,2016-02-19 17:20:00.000000 UTC,2170,29.6888,29.6609
28255,16111,2016-02-19 18:46:40.000000 UTC,38650,29.6891,29.9601
29093,39261,2016-02-01 21:40:00.000000 UTC,3910,29.6892,29.7012
16111,39261,2016-02-09 22:35:00.000000 UTC,22570,29.6898,29.1333
16111,39261,2016-02-06 17:30:00.000000 UTC,49150,29.6902,29.0124
16111,28255,2016-02-12 11:00:00.000000 UTC,3850,29.6906,29.7099
16111,28255,2016-02-07 00:31:40.000000 UTC,5590,29.6909,28.8117
28255,29093,2016-02-18 05:30:00.000000 UTC,6610,29.691,28.3628
29093,39261,2016-02-02 15:45:00.000000 UTC,2950,29.6913,29.6443
28255,39261,2016-02-23 13:50:00.000000 UTC,3910,29.6914,29.6628
28255,16111,2016-02-19 15:55:00.000000 UTC,35350,29.6916,29.2265
39261,29093,2016-02-15 12:00:00.000000 UTC,1450,29.6922,29.6256
16111,29093,2016-02-08 15:25:00.000000 UTC,32290,29.6925,30.1464
39261,28255,2016-02-15 20:16:40.000000 UTC,2530,29.6929,29.8307
28255,39261,2016-02-21 15:55:00.000000 UTC,16570,29.6929,28.2569
28255,16111,2016-02-20 21:40:00.000000 UTC,6730,29.693,28.4561
28255,29093,2016-02-23 00:46:40.000000 UTC,6250,29.6933,28.0737
28255,39261,2016-02-18 14:15:00.000000 UTC,59890,29.6935,30.5146
39261,16111,2016-02-13 03:31:40.000000 UTC,5890,29.6937,28.4373
28255,29093,2016-02-19 17:20:00.000000 UTC,2470,29.6938,28.6842
28255,39261,2016-02-21 15:55:00.000000 UTC,28630,29.694,28.2672
29093,39261,2016-02-01 23:55:00.000000 UTC,41530,29.6941,30.2526
28255,39261,2016-02-18 15:46:40.000000 UTC,47590,29.6942,29.7158
29093,28255,2016-02-03 19:05:00.000000 UTC,24010,29.6944,28.6209
29093,16111,2016-02-03 23:00:00.000000 UTC,36610,29.6944,30.3207
28255,39261,2016-02-18 06:40:00.000000 UTC,59050,29.6945,29.5411
39261,16111,2016-02-16 09:31:40.000000 UTC,4450,29.6948,29.7177
39261,28255,2016-02-13 06:31:40.000000 UTC,6490,29.6949,28.7646
28255,39261,2016-02-18 19:10:00.000000 UTC,54250,29.695,30.5962
28255,39261,2016-02-18 06:20:00.000000 UTC,59290,29.6951,30.0618
28255,29093,2016-02-18 08:45:00.000000 UTC,20890,29.6953,29.9841
29093,39261,2016-02-01 00:01:40.000000 UTC,4150,29.6959,29.7301
28255,16111,2016-02-19 13:10:00.000000 UTC,56290,29.696,29.5868
39261,28255,2016-02-14 22:35:00.000000 UTC,9130,29.6961,29.8237
28255,39261,2016-02-18 10:55:00.000000 UTC,59710,29.6961,30.4545
39261,28255,2016-02-13 18:20:00.000000 UTC,23590,29.6962,29.1211
16111,29093,2016-02-07 14:05:00.000000 UTC,48550,29.6965,30.687
16111,29093,2016-02-06 21:16:40.000000 UTC,36850,29.6966,30.3002
29093,28255,2016-02-04 01:00:00.000000 UTC,1630,29.6968,29.6939
39261,29093,2016-02-14 02:45:00.000000 UTC,2950,29.6968,29.6327
28255,29093,2016-02-22 22:15:00.000000 UTC,6550,29.6969,28.6188
28255,16111,2016-02-18 04:46:40.000000 UTC,47290,29.697,30.4711
28255,16111,2016-02-18 05:05:00.000000 UTC,15310,29.6978,28.862
16111,39261,2016-02-06 17:40:00.000000 UTC,40930,29.6982,29.5288
28255,39261,2016-02-20 09:01:40.000000 UTC,15010,29.6982,28.8012
29093,39261,2016-02-05 20:16:40.000000 UTC,3790,29.6984,29.6927
16111,28255,2016-02-12 00:10:00.000000 UTC,38170,29.6987,30.1458
16111,39261,2016-02-07 06:25:00.000000 UTC,1810,29.6988,27.9695
16111,29093,2016-02-08 12:16:40.000000 UTC,31930,29.699,29.5964
39261,28255,2016-02-13 07:35:00.000000 UTC,24190,29.699,28.8497
16111,39261,2016-02-09 18:30:00.000000 UTC,44110,29.6991,30.6607
16111,29093,2016-02-07 01:10:00.000000 UTC,5170,29.6995,28.3671
28255,29093,2016-02-21 03:30:00.000000 UTC,1930,29.6996,29.8515
39261,28255,2016-02-14 04:15:00.000000 UTC,35230,29.6998,28.8331
28255,39261,2016-02-21 18:05:00.000000 UTC,2890,29.7001,29.7469
16111,29093,2016-02-09 10:40:00.000000 UTC,12370,29.7009,27.8717
39261,28255,2016-02-12 12:00:00.000000 UTC,7210,29.701,29.0061
39261,28255,2016-02-12 12:50:00.000000 UTC,36190,29.7011,29.8286
29093,39261,2016-02-02 07:20:00.000000 UTC,43510,29.7024,30.3306
39261,28255,2016-02-17 20:20:00.000000 UTC,1870,29.7024,29.7447
39261,16111,2016-02-13 18:20:00.000000 UTC,27370,29.7027,28.3932
29093,28255,2016-02-01 01:00:00.000000 UTC,8410,29.7028,30.0115
28255,39261,2016-02-19 06:46:40.000000 UTC,54430,29.7034,30.1799
29093,28255,2016-02-01 12:55:00.000000 UTC,58450,29.7039,30.7683
28255,39261,2016-02-19 10:31:40.000000 UTC,1990,29.7042,29.7429
16111,39261,2016-02-07 11:00:00.000000 UTC,35710,29.7046,29.3086
16111,39261,2016-02-07 03:15:00.000000 UTC,7090,29.7049,28.4044
39261,28255,2016-02-12 18:40:00.000000 UTC,52750,29.7051,29.9078
29093,28255,2016-02-01 23:55:00.000000 UTC,31030,29.7053,29.9989
28255,16111,2016-02-19 02:10:00.000000 UTC,42370,29.7054,30.0997
39261,16111,2016-02-13 21:01:40.000000 UTC,44170,29.7055,30.3397
39261,28255,2016-02-12 11:35:00.000000 UTC,4510,29.7058,29.7272
29093,39261,2016-02-06 12:01:40.000000 UTC,2530,29.7061,29.5031
39261,29093,2016-02-12 11:10:00.000000 UTC,42010,29.7063,30.0711
28255,16111,2016-02-20 12:30:00.000000 UTC,40330,29.7063,30.0891
29093,28255,2016-02-06 12:01:40.000000 UTC,14050,29.7067,28.0971
28255,29093,2016-02-19 03:16:40.000000 UTC,39130,29.7068,28.9223
39261,16111,2016-02-14 08:55:00.000000 UTC,36790,29.7069,29.4904
29093,28255,2016-02-02 07:20:00.000000 UTC,58330,29.7076,28.9434
16111,39261,2016-02-06 19:40:00.000000 UTC,41890,29.7078,30.2558
28255,39261,2016-02-18 08:16:40.000000 UTC,7030,29.708,28.8151
29093,28255,2016-02-06 17:30:00.000000 UTC,36070,29.7082,27.8764
28255,39261,2016-02-18 05:05:00.000000 UTC,4210,29.7088,29.703
39261,28255,2016-02-13 13:16:40.000000 UTC,27850,29.7089,28.8892
29093,39261,2016-02-01 19:31:40.000000 UTC,3490,29.709,29.6986
28255,16111,2016-02-21 07:31:40.000000 UTC,36190,29.7092,30.0807
28255,39261,2016-02-21 07:31:40.000000 UTC,56650,29.7092,30.4039
39261,16111,2016-02-14 04:15:00.000000 UTC,36130,29.7094,29.0303
39261,16111,2016-02-13 06:31:40.000000 UTC,53590,29.71,30.6888
29093,39261,2016-02-01 00:25:00.000000 UTC,4090,29.7105,29.7175
39261,28255,2016-02-15 00:25:00.000000 UTC,3670,29.7106,29.6701
39261,28255,2016-02-16 18:55:00.000000 UTC,2470,29.7109,29.7104
29093,39261,2016-02-01 04:45:00.000000 UTC,2110,29.7112,29.7479
39261,16111,2016-02-14 22:35:00.000000 UTC,15670,29.7116,29.9558
29093,39261,2016-02-01 07:40:00.000000 UTC,27250,29.7119,28.3988
29093,39261,2016-02-01 00:46:40.000000 UTC,22690,29.7122,27.9625
28255,39261,2016-02-23 22:00:00.000000 UTC,6490,29.7125,29.1944
39261,28255,2016-02-14 12:10:00.000000 UTC,23350,29.7126,27.9244
39261,28255,2016-02-15 08:01:40.000000 UTC,46030,29.7126,28.9857
29093,16111,2016-02-03 04:31:40.000000 UTC,5590,29.7128,28.5549
16111,28255,2016-02-06 23:20:00.000000 UTC,2770,29.713,29.1668
28255,16111,2016-02-18 18:16:40.000000 UTC,38470,29.713,29.8109
28255,39261,2016-02-21 01:31:40.000000 UTC,3250,29.7132,29.4999
39261,28255,2016-02-14 01:16:40.000000 UTC,3790,29.7135,29.9576
28255,39261,2016-02-21 09:35:00.000000 UTC,3550,29.7144,29.5622
28255,39261,2016-02-22 00:45:00.000000 UTC,32710,29.7146,28.8062
28255,39261,2016-02-18 09:15:00.000000 UTC,4330,29.7148,29.7137
16111,29093,2016-02-08 04:55:00.000000 UTC,54610,29.715,31.0672
28255,39261,2016-02-18 04:55:00.000000 UTC,4210,29.715,29.7155
28255,29093,2016-02-19 17:20:00.000000 UTC,37810,29.7152,30.1191
29093,39261,2016-02-01 16:31:40.000000 UTC,39490,29.7153,29.8159
39261,28255,2016-02-12 12:50:00.000000 UTC,1570,29.7157,29.7598
28255,39261,2016-02-18 04:46:40.000000 UTC,4210,29.7157,29.7189
16111,39261,2016-02-07 14:05:00.000000 UTC,59110,29.7161,30.6293
28255,39261,2016-02-23 08:31:40.000000 UTC,3730,29.7162,29.5601
16111,28255,2016-02-06 20:25:00.000000 UTC,10750,29.7163,28.1917
28255,39261,2016-02-21 13:46:40.000000 UTC,3610,29.7163,29.5933
16111,29093,2016-02-08 10:45:00.000000 UTC,32110,29.7164,30.0372
28255,16111,2016-02-18 19:10:00.000000 UTC,3910,29.7164,29.7285
28255,39261,2016-02-20 12:30:00.000000 UTC,9490,29.7166,27.8397
16111,29093,2016-02-09 08:46:40.000000 UTC,38650,29.7169,30.8984
28255,39261,2016-02-21 22:30:00.000000 UTC,51070,29.7169,29.9828
39261,16111,2016-02-13 23:50:00.000000 UTC,27850,29.7174,29.7303
29093,28255,2016-02-02 08:40:00.000000 UTC,11170,29.7178,27.6331
29093,28255,2016-02-02 14:16:40.000000 UTC,17710,29.7184,29.3233
28255,39261,2016-02-18 10:20:00.000000 UTC,4330,29.719,29.6907
29093,16111,2016-02-02 04:45:00.000000 UTC,20350,29.7191,28.9165
29093,16111,2016-02-01 00:25:00.000000 UTC,43690,29.7193,29.898
28255,39261,2016-02-21 15:55:00.000000 UTC,16450,29.7197,28.5434
16111,28255,2016-02-11 13:46:40.000000 UTC,4390,29.7202,29.7453
39261,16111,2016-02-15 02:16:40.000000 UTC,42910,29.7203,30.4903
16111,28255,2016-02-12 11:00:00.000000 UTC,1330,29.7204,29.6867
16111,29093,2016-02-07 23:31:40.000000 UTC,48430,29.7209,29.9367
16111,39261,2016-02-07 04:46:40.000000 UTC,16030,29.7211,28.8892
28255,16111,2016-02-23 03:20:00.000000 UTC,54490,29.7212,30.9092
29093,16111,2016-02-03 19:05:00.000000 UTC,54670,29.7219,30.8976
39261,29093,2016-02-14 15:31:40.000000 UTC,1870,29.7219,29.7526
16111,28255,2016-02-07 03:15:00.000000 UTC,3550,29.7222,29.7038
28255,39261,2016-02-22 05:20:00.000000 UTC,10990,29.7222,28.609
16111,28255,2016-02-06 20:50:00.000000 UTC,2530,29.7225,29.5012
39261,16111,2016-02-13 02:35:00.000000 UTC,43450,29.7229,30.3449
29093,28255,2016-02-01 16:31:40.000000 UTC,42130,29.723,30.5145
29093,39261,2016-02-02 08:40:00.000000 UTC,6550,29.723,27.2852
39261,28255,2016-02-12 11:46:40.000000 UTC,4510,29.723,29.7559
16111,28255,2016-02-07 02:31:40.000000 UTC,3490,29.7232,29.7263
28255,39261,2016-02-22 10:01:40.000000 UTC,57730,29.7235,30.3555
29093,39261,2016-02-01 00:05:00.000000 UTC,4150,29.7236,29.7444
39261,28255,2016-02-16 23:46:40.000000 UTC,2350,29.7236,29.7118
29093,39261,2016-02-06 01:25:00.000000 UTC,4570,29.7237,29.7402
16111,39261,2016-02-08 10:45:00.000000 UTC,40930,29.7243,30.244
28255,39261,2016-02-21 15:55:00.000000 UTC,50770,29.7243,29.9455
28255,16111,2016-02-18 09:46:40.000000 UTC,34510,29.725,29.1321
29093,28255,2016-02-06 14:45:00.000000 UTC,29890,29.7257,28.7899
39261,16111,2016-02-13 21:01:40.000000 UTC,1450,29.7257,29.7414
28255,39261,2016-02-18 15:00:00.000000 UTC,1570,29.726,29.7583
39261,29093,2016-02-14 19:00:00.000000 UTC,23590,29.7261,28.5885
29093,39261,2016-02-05 00:50:00.000000 UTC,29110,29.7264,27.6572
39261,28255,2016-02-12 12:00:00.000000 UTC,4450,29.7265,29.7304
39261,16111,2016-02-15 02:16:40.000000 UTC,10390,29.7265,28.1235
29093,28255,2016-02-03 13:25:00.000000 UTC,16690,29.7268,29.1469
28255,29093,2016-02-18 05:16:40.000000 UTC,38230,29.7268,29.6653
39261,16111,2016-02-14 20:46:40.000000 UTC,6070,29.7276,28.8258
28255,29093,2016-02-19 02:10:00.000000 UTC,40930,29.7279,30.2091
28255,39261,2016-02-18 10:55:00.000000 UTC,31210,29.7285,28.6121
39261,28255,2016-02-12 11:25:00.000000 UTC,4510,29.7288,29.7365
28255,16111,2016-02-19 01:05:00.000000 UTC,42970,29.7291,30.644
29093,16111,2016-02-01 05:16:40.000000 UTC,49210,29.7293,30.1775
39261,29093,2016-02-12 12:31:40.000000 UTC,41830,29.7295,29.8693
39261,29093,2016-02-17 12:25:00.000000 UTC,4630,29.7295,29.7609
28255,16111,2016-02-18 04:31:40.000000 UTC,8890,29.73,30.2163
28255,39261,2016-02-19 09:15:00.000000 UTC,36670,29.73,29.8224
28255,39261,2016-02-19 03:16:40.000000 UTC,4750,29.7301,29.7407
28255,39261,2016-02-22 07:40:00.000000 UTC,9430,29.7305,29.8408
39261,16111,2016-02-15 08:01:40.000000 UTC,51490,29.7311,30.0797
28255,29093,2016-02-22 10:01:40.000000 UTC,40810,29.7311,29.9401
28255,39261,2016-02-20 00:50:00.000000 UTC,55390,29.7314,30.4969
29093,28255,2016-02-04 22:31:40.000000 UTC,6010,29.7326,28.7859
39261,29093,2016-02-13 14:30:00.000000 UTC,30310,29.7327,28.7733
29093,16111,2016-02-02 20:20:00.000000 UTC,19870,29.7328,28.651
29093,39261,2016-02-01 05:16:40.000000 UTC,2530,29.7329,28.6356
29093,28255,2016-02-03 19:05:00.000000 UTC,41410,29.733,29.7731
28255,29093,2016-02-20 14:16:40.000000 UTC,12010,29.733,28.632
16111,28255,2016-02-06 18:30:00.000000 UTC,26650,29.7331,30.2853
16111,39261,2016-02-11 08:45:00.000000 UTC,4630,29.7331,29.6605
28255,29093,2016-02-18 04:55:00.000000 UTC,6550,29.7331,28.9403
28255,39261,2016-02-18 18:16:40.000000 UTC,4510,29.7331,29.7366
29093,16111,2016-02-01 00:16:40.000000 UTC,29470,29.7338,27.609
39261,29093,2016-02-13 22:25:00.000000 UTC,32350,29.7338,29.7788
28255,29093,2016-02-20 12:30:00.000000 UTC,12070,29.734,29.3326
28255,29093,2016-02-23 16:31:40.000000 UTC,51490,29.7342,30.0889
39261,16111,2016-02-14 17:15:00.000000 UTC,40150,29.7344,29.6609
28255,39261,2016-02-21 09:35:00.000000 UTC,2650,29.7353,29.8096
16111,28255,2016-02-07 23:31:40.000000 UTC,11350,29.7356,27.8498
28255,39261,2016-02-23 05:55:00.000000 UTC,12190,29.7357,28.2711
29093,16111,2016-02-02 12:50:00.000000 UTC,6010,29.7358,28.5693
16111,28255,2016-02-06 23:20:00.000000 UTC,23050,29.7358,29.0145
16111,39261,2016-02-07 14:05:00.000000 UTC,24730,29.7358,28.813
16111,28255,2016-02-07 07:16:40.000000 UTC,1510,29.7359,29.76
16111,29093,2016-02-07 15:10:00.000000 UTC,5530,29.736,28.4234
39261,29093,2016-02-14 19:00:00.000000 UTC,12310,29.7364,28.7259
39261,29093,2016-02-15 04:10:00.000000 UTC,53650,29.7364,30.8989
39261,16111,2016-02-12 18:01:40.000000 UTC,25030,29.7367,28.5567
16111,28255,2016-02-08 04:55:00.000000 UTC,3670,29.7373,29.7463
16111,39261,2016-02-09 08:46:40.000000 UTC,3910,29.7374,29.7343
16111,39261,2016-02-12 02:50:00.000000 UTC,59770,29.7374,30.6018
28255,16111,2016-02-18 06:01:40.000000 UTC,47050,29.7375,30.5371
29093,39261,2016-02-03 11:35:00.000000 UTC,2470,29.7376,29.9178
39261,29093,2016-02-14 10:31:40.000000 UTC,46450,29.7377,30.3828
39261,28255,2016-02-13 23:50:00.000000 UTC,3670,29.738,29.7605
16111,39261,2016-02-10 04:55:00.000000 UTC,7090,29.7381,26.5059
39261,16111,2016-02-12 16:16:40.000000 UTC,14530,29.7381,27.8635
39261,28255,2016-02-15 06:05:00.000000 UTC,3010,29.7382,29.7989
16111,39261,2016-02-08 13:50:00.000000 UTC,4210,29.7383,29.7507
39261,28255,2016-02-13 10:55:00.000000 UTC,4030,29.7386,29.7641
16111,28255,2016-02-07 01:50:00.000000 UTC,3370,29.7392,29.7456
16111,39261,2016-02-07 10:01:40.000000 UTC,51850,29.7392,30.2949
28255,16111,2016-02-23 00:46:40.000000 UTC,48850,29.7394,29.6459
29093,39261,2016-02-02 10:01:40.000000 UTC,20410,29.7397,30.0059
29093,39261,2016-02-04 11:25:00.000000 UTC,8650,29.7397,30.1316
28255,29093,2016-02-23 08:31:40.000000 UTC,15130,29.74,29.6605
39261,29093,2016-02-13 03:31:40.000000 UTC,59590,29.7403,30.9225
29093,39261,2016-02-01 13:46:40.000000 UTC,2650,29.7407,29.6067
39261,16111,2016-02-13 05:30:00.000000 UTC,9610,29.7407,29.5377
39261,28255,2016-02-13 10:55:00.000000 UTC,1090,29.7421,29.7518
29093,28255,2016-02-01 02:55:00.000000 UTC,2530,29.7422,29.542
28255,39261,2016-02-22 17:16:40.000000 UTC,35230,29.7422,29.3377
39261,16111,2016-02-13 06:31:40.000000 UTC,20230,29.7423,30.1122
39261,16111,2016-02-13 15:45:00.000000 UTC,51010,29.7425,30.2822
29093,28255,2016-02-01 06:25:00.000000 UTC,16810,29.7426,29.5598
29093,28255,2016-02-02 18:46:40.000000 UTC,3970,29.7428,29.7718
28255,29093,2016-02-18 14:15:00.000000 UTC,37930,29.743,29.7615
39261,29093,2016-02-12 11:16:40.000000 UTC,40810,29.7435,30.1909
39261,28255,2016-02-15 02:16:40.000000 UTC,4030,29.7438,29.5861
28255,39261,2016-02-19 15:55:00.000000 UTC,54970,29.744,30.3874
39261,28255,2016-02-12 21:30:00.000000 UTC,4330,29.7441,29.7822
39261,28255,2016-02-13 06:31:40.000000 UTC,4030,29.7441,29.7466
28255,39261,2016-02-21 09:35:00.000000 UTC,8770,29.7446,29.8538
28255,39261,2016-02-23 00:46:40.000000 UTC,3670,29.7447,29.7256
16111,39261,2016-02-07 10:01:40.000000 UTC,5650,29.7448,28.7094
28255,39261,2016-02-21 20:16:40.000000 UTC,3910,29.7455,29.6078
39261,16111,2016-02-13 01:40:00.000000 UTC,6190,29.7456,28.9841
39261,28255,2016-02-12 16:16:40.000000 UTC,4390,29.746,29.7496
29093,28255,2016-02-02 17:15:00.000000 UTC,3790,29.7461,29.7567
28255,16111,2016-02-18 15:00:00.000000 UTC,19030,29.7465,27.7889
16111,28255,2016-02-11 08:45:00.000000 UTC,3730,29.7466,29.7517
39261,16111,2016-02-12 11:35:00.000000 UTC,190,29.7468,30.524
39261,16111,2016-02-13 21:01:40.000000 UTC,17950,29.7468,28.5367
29093,39261,2016-02-03 08:00:00.000000 UTC,49930,29.7469,30.5855
28255,29093,2016-02-19 23:16:40.000000 UTC,41410,29.7469,30.2059
28255,39261,2016-02-18 09:46:40.000000 UTC,4330,29.747,29.7383
16111,39261,2016-02-06 20:01:40.000000 UTC,4330,29.7471,29.7503
29093,39261,2016-02-02 14:16:40.000000 UTC,45310,29.7472,30.4684
39261,29093,2016-02-12 20:45:00.000000 UTC,43930,29.7473,29.7544
39261,29093,2016-02-13 14:30:00.000000 UTC,24790,29.7473,28.4723
39261,29093,2016-02-13 04:30:00.000000 UTC,14890,29.7481,30.0655
28255,29093,2016-02-18 07:25:00.000000 UTC,43630,29.7482,30.2037
29093,39261,2016-02-01 12:05:00.000000 UTC,16270,29.7483,28.5664
28255,16111,2016-02-23 22:00:00.000000 UTC,46690,29.7485,27.6082
29093,28255,2016-02-01 00:05:00.000000 UTC,39370,29.7486,29.552
29093,28255,2016-02-02 11:25:00.000000 UTC,3190,29.7487,29.7635
16111,29093,2016-02-08 23:45:00.000000 UTC,6430,29.7489,28.3773
29093,28255,2016-02-01 00:10:00.000000 UTC,2170,29.7492,29.9319
16111,29093,2016-02-07 09:05:00.000000 UTC,850,29.7497,22.4158
39261,29093,2016-02-12 18:01:40.000000 UTC,24370,29.7504,27.4651
39261,28255,2016-02-12 22:16:40.000000 UTC,4210,29.7507,29.7697
39261,28255,2016-02-18 04:30:00.000000 UTC,4570,29.7507,29.7598
28255,39261,2016-02-23 11:10:00.000000 UTC,58630,29.7507,30.1185
39261,28255,2016-02-14 04:15:00.000000 UTC,3550,29.7509,29.7542
16111,29093,2016-02-08 04:55:00.000000 UTC,5830,29.751,28.7068
39261,16111,2016-02-13 17:01:40.000000 UTC,46510,29.751,29.9037
39261,16111,2016-02-16 02:46:40.000000 UTC,53530,29.751,30.3228
39261,16111,2016-02-14 13:50:00.000000 UTC,2110,29.7513,29.7889
28255,16111,2016-02-23 03:20:00.000000 UTC,27610,29.7513,29.6731
28255,16111,2016-02-18 05:05:00.000000 UTC,41710,29.7517,30.3798
29093,39261,2016-02-04 20:15:00.000000 UTC,3910,29.7518,29.8027
16111,28255,2016-02-06 17:55:00.000000 UTC,8230,29.7518,30.0223
29093,16111,2016-02-01 01:31:40.000000 UTC,3790,29.7519,29.7617
16111,28255,2016-02-06 17:46:40.000000 UTC,8170,29.752,29.9975
16111,28255,2016-02-07 09:05:00.000000 UTC,2410,29.752,25.818
39261,28255,2016-02-13 15:45:00.000000 UTC,3910,29.7522,29.7724
39261,29093,2016-02-15 16:05:00.000000 UTC,4330,29.7523,29.7489
28255,16111,2016-02-19 00:01:40.000000 UTC,3310,29.7524,29.7456
16111,28255,2016-02-06 20:25:00.000000 UTC,1570,29.7525,26.8409
39261,16111,2016-02-14 13:50:00.000000 UTC,45490,29.7526,30.6272
16111,28255,2016-02-07 01:10:00.000000 UTC,3370,29.7533,29.7921
16111,39261,2016-02-08 04:55:00.000000 UTC,16750,29.7533,29.2213
28255,16111,2016-02-20 14:16:40.000000 UTC,56230,29.7533,29.4906
29093,39261,2016-02-02 23:31:40.000000 UTC,4090,29.7536,29.7643
39261,29093,2016-02-14 17:15:00.000000 UTC,44890,29.7536,30.3986
29093,28255,2016-02-01 21:40:00.000000 UTC,2230,29.7537,29.7936
16111,29093,2016-02-08 22:01:40.000000 UTC,17230,29.7538,29.3895
16111,28255,2016-02-08 20:20:00.000000 UTC,50170,29.7542,30.8832
28255,39261,2016-02-19 02:10:00.000000 UTC,1810,29.7547,29.7245
28255,39261,2016-02-23 08:31:40.000000 UTC,3850,29.7548,29.7378
29093,16111,2016-02-01 01:31:40.000000 UTC,49990,29.7551,31.3056
29093,28255,2016-02-01 04:15:00.000000 UTC,2770,29.7553,29.6523
39261,28255,2016-02-15 10:00:00.000000 UTC,3490,29.7557,29.6922
28255,29093,2016-02-18 17:25:00.000000 UTC,41770,29.756,30.2957
29093,28255,2016-02-04 03:01:40.000000 UTC,4510,29.7564,29.8071
39261,16111,2016-02-14 12:10:00.000000 UTC,34210,29.7565,29.2718
16111,39261,2016-02-11 08:45:00.000000 UTC,42550,29.7566,30.0782
39261,29093,2016-02-12 15:45:00.000000 UTC,45610,29.7566,30.6749
28255,16111,2016-02-23 08:31:40.000000 UTC,2530,29.7567,29.5181
16111,39261,2016-02-06 17:30:00.000000 UTC,4030,29.7569,29.7852
39261,16111,2016-02-12 23:55:00.000000 UTC,6730,29.757,28.8292
39261,28255,2016-02-12 23:55:00.000000 UTC,30250,29.757,29.2661
28255,29093,2016-02-18 21:01:40.000000 UTC,46690,29.757,30.426
28255,16111,2016-02-19 11:50:00.000000 UTC,40270,29.7571,30.1202
16111,28255,2016-02-07 08:10:00.000000 UTC,28870,29.7576,29.0032
28255,29093,2016-02-21 15:55:00.000000 UTC,1510,29.7577,29.7443
29093,16111,2016-02-03 23:00:00.000000 UTC,25030,29.7578,29.2946
39261,16111,2016-02-16 18:55:00.000000 UTC,32950,29.7578,28.9524
28255,16111,2016-02-18 09:15:00.000000 UTC,40690,29.7582,30.2307
39261,28255,2016-02-12 13:31:40.000000 UTC,7450,29.7584,28.0205
28255,39261,2016-02-22 00:45:00.000000 UTC,9430,29.7584,29.7731
39261,28255,2016-02-13 01:40:00.000000 UTC,34210,29.7586,28.6964
39261,28255,2016-02-13 21:01:40.000000 UTC,17950,29.7586,28.1784
29093,28255,2016-02-01 19:31:40.000000 UTC,1990,29.7589,29.7924
28255,39261,2016-02-18 05:30:00.000000 UTC,4270,29.7592,29.7501
39261,29093,2016-02-14 05:46:40.000000 UTC,8770,29.7597,29.9358
16111,39261,2016-02-06 17:31:40.000000 UTC,4030,29.7598,29.7815
39261,16111,2016-02-17 09:50:00.000000 UTC,6910,29.7599,28.6487
16111,28255,2016-02-06 17:46:40.000000 UTC,8230,29.76,30.0571
28255,29093,2016-02-19 05:35:00.000000 UTC,29590,29.76,29.1077
29093,39261,2016-02-03 21:01:40.000000 UTC,46750,29.7602,29.8594
28255,39261,2016-02-18 23:00:00.000000 UTC,4630,29.7603,29.7601
28255,16111,2016-02-20 17:55:00.000000 UTC,1810,29.7603,29.7297
39261,28255,2016-02-16 00:35:00.000000 UTC,3070,29.7604,29.6139
29093,28255,2016-02-02 08:40:00.000000 UTC,54790,29.7605,25.2157
29093,39261,2016-02-01 16:31:40.000000 UTC,29170,29.7609,29.2803
29093,39261,2016-02-03 13:25:00.000000 UTC,45250,29.7611,30.6107
29093,39261,2016-02-01 09:45:00.000000 UTC,3190,29.7613,29.4888
28255,16111,2016-02-18 06:01:40.000000 UTC,2290,29.7621,29.9
39261,29093,2016-02-13 14:30:00.000000 UTC,46570,29.7622,30.3064
28255,16111,2016-02-20 14:16:40.000000 UTC,13870,29.7623,28.3434
29093,39261,2016-02-01 00:35:00.000000 UTC,19450,29.7625,28.3263
39261,29093,2016-02-16 02:46:40.000000 UTC,48370,29.7637,30.8235
39261,28255,2016-02-13 17:01:40.000000 UTC,11890,29.764,28.8754
29093,39261,2016-02-02 03:30:00.000000 UTC,42550,29.7642,30.3029
39261,28255,2016-02-12 11:16:40.000000 UTC,4510,29.7642,29.7644
28255,16111,2016-02-19 13:10:00.000000 UTC,56410,29.7644,29.8824
16111,29093,2016-02-06 22:46:40.000000 UTC,5110,29.7646,28.503
16111,39261,2016-02-09 20:31:40.000000 UTC,44230,29.7647,29.9764
16111,28255,2016-02-07 22:15:00.000000 UTC,38710,29.7648,30.1839
16111,29093,2016-02-09 01:30:00.000000 UTC,23050,29.7654,29.0033
39261,29093,2016-02-13 01:40:00.000000 UTC,48910,29.7659,30.7946
39261,28255,2016-02-17 15:01:40.000000 UTC,1990,29.7661,29.747
16111,28255,2016-02-07 11:00:00.000000 UTC,1990,29.7662,29.764
39261,29093,2016-02-12 20:01:40.000000 UTC,27730,29.7662,30.1572
16111,39261,2016-02-07 05:35:00.000000 UTC,50590,29.7663,30.2492
28255,16111,2016-02-18 14:15:00.000000 UTC,18490,29.7666,29.7736
16111,29093,2016-02-07 04:46:40.000000 UTC,5290,29.7668,28.3742
39261,16111,2016-02-13 21:01:40.000000 UTC,44110,29.7668,30.2346
28255,29093,2016-02-19 02:10:00.000000 UTC,2110,29.7671,29.7558
29093,28255,2016-02-06 04:01:40.000000 UTC,3550,29.7672,29.7485
29093,39261,2016-02-02 11:25:00.000000 UTC,2410,29.7674,29.9
16111,29093,2016-02-09 18:30:00.000000 UTC,33010,29.7679,30.2274
39261,29093,2016-02-13 01:40:00.000000 UTC,3250,29.7679,29.7561
28255,39261,2016-02-19 03:16:40.000000 UTC,4690,29.7686,29.6393
29093,16111,2016-02-02 02:16:40.000000 UTC,11530,29.7688,29.3224
28255,16111,2016-02-20 14:16:40.000000 UTC,39910,29.7688,30.0418
29093,16111,2016-02-03 19:05:00.000000 UTC,53590,29.7689,30.8504
28255,39261,2016-02-19 04:25:00.000000 UTC,4750,29.7691,29.7635
29093,28255,2016-02-03 23:00:00.000000 UTC,6850,29.7694,29.3287
29093,16111,2016-02-05 20:16:40.000000 UTC,41110,29.7698,30.6141
28255,39261,2016-02-23 13:50:00.000000 UTC,3970,29.7701,29.7491
39261,16111,2016-02-12 11:25:00.000000 UTC,9970,29.7702,28.6297
29093,16111,2016-02-04 20:15:00.000000 UTC,47770,29.7703,31.3633
28255,39261,2016-02-18 05:16:40.000000 UTC,4270,29.7704,29.7713
28255,29093,2016-02-18 14:15:00.000000 UTC,8650,29.7704,29.9809
39261,28255,2016-02-14 20:46:40.000000 UTC,2830,29.7707,29.2724
29093,39261,2016-02-01 03:46:40.000000 UTC,4570,29.771,29.8244
28255,39261,2016-02-20 21:40:00.000000 UTC,2590,29.7716,29.4754
16111,28255,2016-02-08 23:45:00.000000 UTC,3010,29.7718,29.9638
39261,28255,2016-02-12 18:40:00.000000 UTC,52690,29.7719,29.792
28255,16111,2016-02-18 08:16:40.000000 UTC,25570,29.7719,29.3173
39261,16111,2016-02-14 12:10:00.000000 UTC,46030,29.7721,30.7915
28255,39261,2016-02-19 04:25:00.000000 UTC,1870,29.7722,29.7567
16111,39261,2016-02-09 20:31:40.000000 UTC,56410,29.7723,30.4951
39261,28255,2016-02-18 04:30:00.000000 UTC,1690,29.7724,29.772
29093,16111,2016-02-04 03:01:40.000000 UTC,36850,29.7726,30.6934
39261,29093,2016-02-17 04:45:00.000000 UTC,42610,29.7727,30.6615
28255,39261,2016-02-19 00:01:40.000000 UTC,4690,29.7728,29.7597
39261,16111,2016-02-15 14:01:40.000000 UTC,27370,29.7732,29.2625
28255,16111,2016-02-21 20:16:40.000000 UTC,1630,29.7733,29.7848
39261,28255,2016-02-12 11:35:00.000000 UTC,4570,29.7734,29.8164
28255,16111,2016-02-18 23:00:00.000000 UTC,11590,29.7734,28.1036
39261,28255,2016-02-12 20:45:00.000000 UTC,1390,29.7737,29.7934
39261,28255,2016-02-16 02:46:40.000000 UTC,2890,29.7738,29.7046
29093,28255,2016-02-02 03:30:00.000000 UTC,1870,29.7745,29.9601
16111,28255,2016-02-09 08:46:40.000000 UTC,4030,29.7745,29.7944
28255,16111,2016-02-21 07:31:40.000000 UTC,41770,29.7745,30.2919
16111,29093,2016-02-09 14:31:40.000000 UTC,3670,29.7746,29.7652
28255,29093,2016-02-19 14:31:40.000000 UTC,32230,29.7748,30.323
39261,29093,2016-02-14 15:31:40.000000 UTC,18610,29.7749,29.0798
39261,28255,2016-02-12 16:16:40.000000 UTC,7090,29.7752,28.8651
28255,39261,2016-02-20 17:55:00.000000 UTC,2710,29.7756,29.7589
28255,39261,2016-02-20 16:05:00.000000 UTC,8710,29.776,29.7015
28255,29093,2016-02-18 14:15:00.000000 UTC,42250,29.7761,30.0554
39261,16111,2016-02-12 20:45:00.000000 UTC,4390,29.7763,29.8048
39261,29093,2016-02-15 10:00:00.000000 UTC,46570,29.7763,30.5309
16111,28255,2016-02-08 03:31:40.000000 UTC,3550,29.7764,29.8107
28255,29093,2016-02-18 06:01:40.000000 UTC,34090,29.777,29.4107
28255,16111,2016-02-19 01:05:00.000000 UTC,33010,29.7773,29.3416
16111,39261,2016-02-09 22:35:00.000000 UTC,4330,29.7775,29.4265
28255,16111,2016-02-19 17:20:00.000000 UTC,24010,29.7778,28.7516
39261,28255,2016-02-16 02:46:40.000000 UTC,2830,29.778,29.7476
28255,39261,2016-02-21 05:30:00.000000 UTC,2530,29.7781,29.8342
16111,28255,2016-02-12 11:00:00.000000 UTC,3910,29.7783,29.8283
28255,39261,2016-02-18 05:45:00.000000 UTC,6910,29.7784,28.8729
16111,29093,2016-02-08 00:50:00.000000 UTC,5770,29.7785,28.5238
16111,39261,2016-02-11 21:31:40.000000 UTC,3490,29.7787,29.795
29093,39261,2016-02-01 00:25:00.000000 UTC,29890,29.7788,30.4711
28255,39261,2016-02-18 06:40:00.000000 UTC,1390,29.7798,29.7363
16111,28255,2016-02-10 23:01:40.000000 UTC,7210,29.7803,27.2327
16111,28255,2016-02-10 07:05:00.000000 UTC,3730,29.7806,29.8079
39261,28255,2016-02-18 01:45:00.000000 UTC,16810,29.7806,27.4028
16111,39261,2016-02-07 04:00:00.000000 UTC,44110,29.7812,30.0664
16111,29093,2016-02-10 02:46:40.000000 UTC,38410,29.7814,29.4618
28255,16111,2016-02-18 06:40:00.000000 UTC,41230,29.7815,30.1791
29093,16111,2016-02-02 14:16:40.000000 UTC,11530,29.7817,28.5391
39261,16111,2016-02-13 18:20:00.000000 UTC,18370,29.7818,29.3206
28255,16111,2016-02-18 06:40:00.000000 UTC,46930,29.7823,30.529
16111,39261,2016-02-07 04:00:00.000000 UTC,50170,29.7825,30.2909
28255,39261,2016-02-21 20:16:40.000000 UTC,3310,29.7829,29.6103
39261,28255,2016-02-17 12:25:00.000000 UTC,4870,29.783,29.6208
16111,39261,2016-02-08 23:45:00.000000 UTC,16150,29.7831,28.9627
16111,28255,2016-02-07 14:05:00.000000 UTC,42550,29.7835,30.0423
39261,28255,2016-02-14 08:55:00.000000 UTC,33070,29.7842,28.9192
29093,16111,2016-02-03 08:00:00.000000 UTC,42610,29.7852,30.3722
39261,29093,2016-02-13 15:45:00.000000 UTC,33970,29.7852,29.8723
28255,29093,2016-02-18 17:25:00.000000 UTC,41710,29.7852,30.2172
29093,28255,2016-02-06 04:01:40.000000 UTC,6430,29.7855,28.3915
28255,39261,2016-02-21 03:30:00.000000 UTC,3190,29.7863,29.6115
28255,39261,2016-02-18 04:55:00.000000 UTC,4270,29.7864,29.8037
39261,29093,2016-02-13 01:40:00.000000 UTC,10930,29.7865,28.8036
28255,39261,2016-02-21 07:31:40.000000 UTC,3310,29.7865,29.5999
28255,29093,2016-02-18 15:46:40.000000 UTC,42070,29.7867,30.2678
39261,16111,2016-02-12 20:45:00.000000 UTC,50530,29.7869,30.5474
16111,29093,2016-02-06 22:46:40.000000 UTC,4990,29.7873,28.8484
28255,39261,2016-02-20 00:50:00.000000 UTC,7690,29.7873,29.8494
29093,16111,2016-02-03 08:00:00.000000 UTC,54010,29.7875,31.0907
29093,39261,2016-02-01 09:01:40.000000 UTC,31870,29.7876,29.8608
39261,16111,2016-02-13 06:31:40.000000 UTC,30910,29.7878,29.4392
29093,16111,2016-02-03 08:00:00.000000 UTC,21730,29.7884,29.7166
16111,39261,2016-02-07 13:01:40.000000 UTC,3730,29.7887,29.7918
28255,29093,2016-02-19 06:46:40.000000 UTC,7090,29.7888,28.7138
39261,28255,2016-02-15 12:00:00.000000 UTC,14410,29.7891,29.5606
39261,16111,2016-02-16 18:55:00.000000 UTC,21910,29.7894,28.5924
16111,28255,2016-02-11 08:45:00.000000 UTC,6610,29.7895,28.8283
29093,16111,2016-02-03 23:00:00.000000 UTC,490,29.7897,29.8073
39261,28255,2016-02-15 20:16:40.000000 UTC,3190,29.7898,29.6735
28255,39261,2016-02-18 09:15:00.000000 UTC,4390,29.7899,29.8069
28255,39261,2016-02-18 10:20:00.000000 UTC,4390,29.7904,29.7823
28255,39261,2016-02-21 18:05:00.000000 UTC,3130,29.7904,29.7466
39261,29093,2016-02-13 17:01:40.000000 UTC,33190,29.7906,28.8447
28255,39261,2016-02-18 10:55:00.000000 UTC,59650,29.7911,30.3582
16111,28255,2016-02-09 01:30:00.000000 UTC,21130,29.7915,29.606
39261,28255,2016-02-15 02:16:40.000000 UTC,26230,29.7929,28.7235
39261,28255,2016-02-12 20:45:00.000000 UTC,6910,29.7932,28.821
28255,16111,2016-02-18 06:01:40.000000 UTC,41350,29.7932,30.1678
39261,28255,2016-02-13 17:01:40.000000 UTC,57730,29.7933,29.95
39261,28255,2016-02-12 11:05:00.000000 UTC,23890,29.7936,30.1344
29093,28255,2016-02-06 01:25:00.000000 UTC,730,29.7937,29.7848
16111,28255,2016-02-06 21:45:00.000000 UTC,3550,29.7938,29.9137
29093,16111,2016-02-02 04:45:00.000000 UTC,6190,29.7939,28.6888
16111,29093,2016-02-07 01:10:00.000000 UTC,4990,29.7941,28.8885
29093,28255,2016-02-01 00:25:00.000000 UTC,15970,29.7944,28.6232
28255,16111,2016-02-18 10:55:00.000000 UTC,40210,29.7947,30.0396
28255,39261,2016-02-19 14:31:40.000000 UTC,4990,29.7948,29.7805
28255,16111,2016-02-19 20:15:00.000000 UTC,28990,29.7949,28.6293
29093,16111,2016-02-02 07:20:00.000000 UTC,55630,29.795,30.8908
28255,39261,2016-02-22 19:45:00.000000 UTC,3610,29.7952,29.7871
39261,28255,2016-02-12 11:25:00.000000 UTC,4570,29.7955,29.8249
29093,39261,2016-02-01 00:35:00.000000 UTC,28750,29.7956,28.2551
39261,28255,2016-02-16 23:46:40.000000 UTC,43990,29.7956,29.6362
39261,28255,2016-02-16 18:55:00.000000 UTC,2410,29.7957,29.8293
39261,29093,2016-02-17 17:40:00.000000 UTC,40210,29.7958,29.4159
16111,28255,2016-02-08 22:01:40.000000 UTC,16090,29.796,29.3767
16111,28255,2016-02-06 23:55:00.000000 UTC,51190,29.7969,30.4182
16111,28255,2016-02-06 20:01:40.000000 UTC,43990,29.797,29.6578
39261,28255,2016-02-13 21:01:40.000000 UTC,3910,29.797,29.871
16111,39261,2016-02-07 13:01:40.000000 UTC,46930,29.7971,30.5887
16111,39261,2016-02-09 05:05:00.000000 UTC,730,29.7972,29.754
29093,28255,2016-02-03 11:35:00.000000 UTC,37870,29.7974,28.8797
28255,39261,2016-02-21 05:30:00.000000 UTC,3130,29.7974,29.7094
39261,29093,2016-02-13 15:45:00.000000 UTC,13450,29.7976,27.8252
39261,28255,2016-02-15 06:05:00.000000 UTC,2890,29.7976,29.7159
16111,39261,2016-02-07 02:31:40.000000 UTC,3130,29.7978,29.4217
28255,39261,2016-02-22 14:50:00.000000 UTC,11050,29.798,29.2014
29093,28255,2016-02-03 09:46:40.000000 UTC,10030,29.7981,28.8658
28255,39261,2016-02-19 09:15:00.000000 UTC,54430,29.7986,29.9718
16111,29093,2016-02-07 14:05:00.000000 UTC,48250,29.7988,30.0893
39261,28255,2016-02-14 07:20:00.000000 UTC,3730,29.7988,29.9279
39261,28255,2016-02-15 16:05:00.000000 UTC,3250,29.7989,29.7531
39261,29093,2016-02-15 06:05:00.000000 UTC,2950,29.799,29.9505
39261,29093,2016-02-13 03:31:40.000000 UTC,48610,29.7993,31.0572
28255,29093,2016-02-18 10:55:00.000000 UTC,5290,29.7993,28.806
16111,39261,2016-02-07 05:35:00.000000 UTC,38470,29.7995,29.7766
39261,28255,2016-02-12 11:35:00.000000 UTC,7390,29.7995,28.6376
29093,39261,2016-02-01 03:46:40.000000 UTC,13930,29.7996,29.1182
29093,39261,2016-02-01 23:55:00.000000 UTC,41470,29.8001,30.1586
29093,16111,2016-02-05 03:10:00.000000 UTC,7270,29.8001,28.5311
28255,29093,2016-02-20 17:55:00.000000 UTC,3430,29.8001,29.7897
29093,39261,2016-02-02 17:15:00.000000 UTC,3250,29.8002,29.791
28255,39261,2016-02-22 07:40:00.000000 UTC,9490,29.8005,29.8539
16111,39261,2016-02-12 05:31:40.000000 UTC,4750,29.8008,29.9279
16111,29093,2016-02-09 01:30:00.000000 UTC,11770,29.801,29.1527
29093,39261,2016-02-04 11:25:00.000000 UTC,2950,29.8011,30.0662
39261,28255,2016-02-17 20:20:00.000000 UTC,35410,29.8015,28.7823
28255,16111,2016-02-22 22:15:00.000000 UTC,32770,29.8015,29.4308
28255,29093,2016-02-20 17:55:00.000000 UTC,15610,29.8017,30.0187
28255,29093,2016-02-19 03:16:40.000000 UTC,24070,29.8021,29.7501
28255,16111,2016-02-23 16:31:40.000000 UTC,50950,29.8023,29.7726
39261,29093,2016-02-12 11:01:40.000000 UTC,35170,29.8024,29.856
39261,28255,2016-02-12 12:31:40.000000 UTC,4450,29.8027,29.8241
29093,39261,2016-02-02 11:25:00.000000 UTC,8830,29.803,30.0756
29093,28255,2016-02-02 15:45:00.000000 UTC,6910,29.8036,26.8125
29093,16111,2016-02-03 01:10:00.000000 UTC,19690,29.8036,28.4457
16111,28255,2016-02-08 23:45:00.000000 UTC,2890,29.8038,29.8164
39261,16111,2016-02-13 06:31:40.000000 UTC,31870,29.8041,30.1276
29093,28255,2016-02-05 00:50:00.000000 UTC,6490,29.8042,28.7804
39261,28255,2016-02-12 12:15:00.000000 UTC,4450,29.8042,29.8068
39261,29093,2016-02-14 05:46:40.000000 UTC,14470,29.8044,30.0541
39261,28255,2016-02-13 00:46:40.000000 UTC,4270,29.8045,29.8058
16111,39261,2016-02-06 22:15:00.000000 UTC,4750,29.8053,29.8293
39261,16111,2016-02-13 03:31:40.000000 UTC,11470,29.8055,28.3363
39261,28255,2016-02-17 02:15:00.000000 UTC,50050,29.8055,29.4156
28255,29093,2016-02-18 10:55:00.000000 UTC,43030,29.8056,30.2605
28255,29093,2016-02-23 00:46:40.000000 UTC,3610,29.8057,29.7851
39261,16111,2016-02-13 15:45:00.000000 UTC,56650,29.8061,30.5114
39261,28255,2016-02-13 19:40:00.000000 UTC,3850,29.8062,29.8277
39261,16111,2016-02-14 05:46:40.000000 UTC,20170,29.8063,30.1468
39261,16111,2016-02-12 11:35:00.000000 UTC,18610,29.8064,28.0406
29093,16111,2016-02-03 01:10:00.000000 UTC,11050,29.8067,29.0923
16111,39261,2016-02-12 11:00:00.000000 UTC,44290,29.8067,30.6242
39261,29093,2016-02-17 20:20:00.000000 UTC,11710,29.8068,28.5969
28255,29093,2016-02-20 07:20:00.000000 UTC,2290,29.8068,28.3732
29093,16111,2016-02-01 12:55:00.000000 UTC,44890,29.8072,30.718
28255,16111,2016-02-18 06:40:00.000000 UTC,41170,29.8072,30.0825
28255,39261,2016-02-19 06:46:40.000000 UTC,54490,29.8073,30.2767
16111,29093,2016-02-07 08:10:00.000000 UTC,2890,29.8076,29.7685
16111,28255,2016-02-08 07:46:40.000000 UTC,4030,29.808,29.8256
39261,28255,2016-02-13 18:20:00.000000 UTC,12370,29.808,27.3079
28255,39261,2016-02-23 03:20:00.000000 UTC,3790,29.808,29.8128
28255,39261,2016-02-20 04:01:40.000000 UTC,27310,29.8082,27.6426
39261,28255,2016-02-16 00:35:00.000000 UTC,2770,29.8083,29.8558
28255,16111,2016-02-22 12:25:00.000000 UTC,40690,29.8089,29.9363
39261,28255,2016-02-13 02:35:00.000000 UTC,12670,29.8094,28.5127
28255,29093,2016-02-18 09:15:00.000000 UTC,43390,29.8094,30.313
16111,29093,2016-02-06 19:40:00.000000 UTC,2650,29.8095,29.6978
16111,28255,2016-02-09 03:16:40.000000 UTC,56950,29.8095,29.502
39261,28255,2016-02-15 12:00:00.000000 UTC,8950,29.8095,29.9043
28255,29093,2016-02-18 06:40:00.000000 UTC,43870,29.8096,30.2657
39261,29093,2016-02-14 07:20:00.000000 UTC,3310,29.8097,29.6396
28255,29093,2016-02-18 04:55:00.000000 UTC,38050,29.8097,28.9814
29093,16111,2016-02-01 00:25:00.000000 UTC,34390,29.8098,29.7148
28255,29093,2016-02-23 00:46:40.000000 UTC,11530,29.8098,28.915
29093,39261,2016-02-06 09:20:00.000000 UTC,2350,29.8099,29.9262
29093,39261,2016-02-01 21:40:00.000000 UTC,18250,29.81,29.6128
29093,16111,2016-02-05 20:16:40.000000 UTC,12730,29.81,29.373
16111,39261,2016-02-08 00:50:00.000000 UTC,3250,29.8105,29.6024
39261,16111,2016-02-12 12:31:40.000000 UTC,41350,29.8105,29.9682
39261,28255,2016-02-12 15:15:00.000000 UTC,4450,29.8105,29.812
39261,28255,2016-02-15 02:16:40.000000 UTC,3910,29.8108,29.6903
39261,28255,2016-02-13 10:55:00.000000 UTC,4090,29.8111,29.8393
29093,16111,2016-02-01 01:31:40.000000 UTC,28930,29.8117,29.2298
28255,29093,2016-02-18 07:01:40.000000 UTC,1090,29.8117,29.7927
29093,28255,2016-02-01 05:50:00.000000 UTC,3070,29.8119,29.7744
39261,16111,2016-02-12 19:20:00.000000 UTC,2110,29.8119,29.8326
28255,39261,2016-02-18 18:16:40.000000 UTC,23410,29.8126,29.11
29093,28255,2016-02-01 01:31:40.000000 UTC,3790,29.813,29.5663
28255,39261,2016-02-20 07:20:00.000000 UTC,2470,29.8132,29.8007
16111,28255,2016-02-08 10:45:00.000000 UTC,1810,29.8135,29.8475
16111,28255,2016-02-08 22:01:40.000000 UTC,2890,29.8135,30.0492
29093,16111,2016-02-04 03:01:40.000000 UTC,52510,29.8136,28.6776
29093,39261,2016-02-04 13:35:00.000000 UTC,2950,29.8136,29.769
39261,29093,2016-02-14 01:16:40.000000 UTC,5290,29.8138,28.909
28255,16111,2016-02-20 09:01:40.000000 UTC,46510,29.8138,29.946
39261,28255,2016-02-15 02:16:40.000000 UTC,10570,29.8141,28.5889
39261,29093,2016-02-15 10:00:00.000000 UTC,52510,29.8144,31.1197
29093,39261,2016-02-06 06:40:00.000000 UTC,33310,29.8146,29.0221
29093,16111,2016-02-01 13:46:40.000000 UTC,43750,29.8147,30.5198
16111,39261,2016-02-07 04:46:40.000000 UTC,20710,29.8147,30.1794
16111,39261,2016-02-10 09:16:40.000000 UTC,42190,29.8154,30.4698
28255,29093,2016-02-20 00:50:00.000000 UTC,57310,29.8154,29.2463
16111,39261,2016-02-11 13:46:40.000000 UTC,21670,29.8155,28.9878
16111,28255,2016-02-09 16:30:00.000000 UTC,2650,29.8156,29.4548
28255,16111,2016-02-19 17:20:00.000000 UTC,50410,29.8156,30.7017
28255,29093,2016-02-19 05:35:00.000000 UTC,2230,29.8159,26.4868
28255,39261,2016-02-22 10:01:40.000000 UTC,3430,29.8159,29.7824
39261,28255,2016-02-13 23:50:00.000000 UTC,3730,29.8162,29.8311
39261,16111,2016-02-14 20:46:40.000000 UTC,38770,29.8165,30.2903
16111,29093,2016-02-07 23:31:40.000000 UTC,3130,29.8166,29.7964
16111,39261,2016-02-08 17:01:40.000000 UTC,2110,29.8166,29.8318
39261,28255,2016-02-14 19:00:00.000000 UTC,34630,29.8177,28.7809
39261,16111,2016-02-12 18:01:40.000000 UTC,24790,29.8179,29.2001
39261,28255,2016-02-15 08:01:40.000000 UTC,19990,29.8184,28.5258
28255,39261,2016-02-21 11:40:00.000000 UTC,56590,29.8184,30.0645
28255,29093,2016-02-22 17:16:40.000000 UTC,56350,29.8184,30.65
39261,16111,2016-02-13 03:31:40.000000 UTC,26950,29.8186,30.2568
29093,28255,2016-02-02 01:05:00.000000 UTC,43150,29.8188,30.2175
39261,28255,2016-02-12 12:50:00.000000 UTC,7210,29.8188,28.9471
29093,28255,2016-02-01 02:55:00.000000 UTC,1810,29.8192,27.7857
28255,29093,2016-02-20 05:40:00.000000 UTC,51310,29.8193,30.4778
39261,28255,2016-02-15 12:00:00.000000 UTC,32950,29.8194,29.8855
29093,16111,2016-02-02 01:05:00.000000 UTC,1090,29.8199,29.8654
39261,16111,2016-02-17 07:16:40.000000 UTC,4450,29.8201,29.8569
28255,16111,2016-02-18 18:16:40.000000 UTC,4030,29.8205,29.8221
29093,28255,2016-02-04 07:10:00.000000 UTC,42370,29.8209,29.8272
16111,28255,2016-02-07 02:31:40.000000 UTC,3550,29.8211,29.8318
28255,29093,2016-02-18 15:00:00.000000 UTC,2590,29.8214,29.6101
39261,28255,2016-02-15 18:10:00.000000 UTC,25510,29.8217,28.4729
28255,39261,2016-02-21 20:16:40.000000 UTC,3790,29.8222,29.7209
16111,28255,2016-02-07 03:15:00.000000 UTC,3610,29.8224,29.8183
16111,29093,2016-02-07 05:35:00.000000 UTC,42790,29.8228,30.8034
28255,29093,2016-02-18 15:00:00.000000 UTC,8470,29.8228,29.9421
16111,29093,2016-02-08 03:31:40.000000 UTC,850,29.8229,29.7421
16111,39261,2016-02-09 08:46:40.000000 UTC,3970,29.8229,29.8415
39261,28255,2016-02-13 06:31:40.000000 UTC,4090,29.8231,29.8347
39261,29093,2016-02-12 21:30:00.000000 UTC,17350,29.8233,29.152
28255,39261,2016-02-21 03:30:00.000000 UTC,8890,29.8233,29.5506
29093,39261,2016-02-05 07:55:00.000000 UTC,6910,29.8234,28.2218
28255,16111,2016-02-20 09:01:40.000000 UTC,57850,29.8236,30.5408
39261,16111,2016-02-12 13:55:00.000000 UTC,1990,29.8237,29.9705
39261,29093,2016-02-18 04:30:00.000000 UTC,2470,29.8238,29.9828
28255,29093,2016-02-18 05:45:00.000000 UTC,37930,29.8244,29.2338
29093,39261,2016-02-05 10:20:00.000000 UTC,2590,29.8246,30.0454
39261,28255,2016-02-12 12:00:00.000000 UTC,59050,29.8246,30.1628
29093,28255,2016-02-03 08:00:00.000000 UTC,13750,29.8253,29.5619
39261,28255,2016-02-17 04:45:00.000000 UTC,54370,29.8255,30.1665
29093,39261,2016-02-01 13:46:40.000000 UTC,3190,29.8257,30.0258
39261,16111,2016-02-12 12:15:00.000000 UTC,15430,29.8259,28.3618
28255,29093,2016-02-23 03:20:00.000000 UTC,3250,29.8259,29.8089
29093,39261,2016-02-01 13:46:40.000000 UTC,2410,29.8261,29.1929
28255,29093,2016-02-18 04:55:00.000000 UTC,17890,29.8265,28.412
28255,29093,2016-02-18 07:25:00.000000 UTC,43750,29.8267,30.3817
28255,16111,2016-02-21 15:55:00.000000 UTC,39670,29.827,29.87
28255,39261,2016-02-21 20:16:40.000000 UTC,3130,29.8281,29.8068
39261,16111,2016-02-16 07:15:00.000000 UTC,4810,29.8285,29.8584
39261,28255,2016-02-13 15:45:00.000000 UTC,3970,29.8287,29.8449
39261,16111,2016-02-13 04:30:00.000000 UTC,31690,29.8288,29.8158
29093,28255,2016-02-04 13:35:00.000000 UTC,8710,29.8291,29.9375
28255,39261,2016-02-21 13:46:40.000000 UTC,3190,29.8292,29.7788
39261,16111,2016-02-14 01:16:40.000000 UTC,3370,29.8294,29.8094
28255,29093,2016-02-18 06:40:00.000000 UTC,43810,29.8297,30.1676
16111,39261,2016-02-06 23:55:00.000000 UTC,31870,29.83,30.1303
28255,29093,2016-02-18 04:46:40.000000 UTC,55390,29.8302,30.3452
39261,28255,2016-02-12 11:16:40.000000 UTC,4570,29.8303,29.8521
29093,16111,2016-02-01 04:45:00.000000 UTC,28570,29.8305,29.8985
39261,28255,2016-02-14 22:35:00.000000 UTC,33370,29.8305,29.9243
28255,39261,2016-02-22 07:40:00.000000 UTC,4450,29.8311,29.6168
28255,39261,2016-02-19 18:46:40.000000 UTC,5110,29.8312,29.8313
28255,39261,2016-02-21 18:05:00.000000 UTC,3010,29.8312,29.8044
28255,39261,2016-02-18 05:45:00.000000 UTC,4330,29.8318,29.8261
28255,39261,2016-02-18 05:30:00.000000 UTC,53170,29.8324,29.8342
29093,28255,2016-02-02 15:45:00.000000 UTC,3670,29.8326,29.8489
28255,39261,2016-02-20 16:05:00.000000 UTC,26650,29.8326,29.791
29093,16111,2016-02-01 08:20:00.000000 UTC,1330,29.8327,29.8605
16111,39261,2016-02-06 17:35:00.000000 UTC,47350,29.8328,30.4681
16111,29093,2016-02-09 18:30:00.000000 UTC,50170,29.8329,31.251
29093,16111,2016-02-01 18:30:00.000000 UTC,43570,29.833,30.4057
16111,29093,2016-02-12 05:31:40.000000 UTC,34630,29.8332,30.416
28255,39261,2016-02-21 15:55:00.000000 UTC,3610,29.8332,29.675
39261,29093,2016-02-13 12:05:00.000000 UTC,36010,29.8341,29.9993
29093,39261,2016-02-01 05:16:40.000000 UTC,43810,29.8344,30.4441
39261,16111,2016-02-16 11:50:00.000000 UTC,44410,29.8344,30.3915
28255,39261,2016-02-20 17:55:00.000000 UTC,2650,29.8344,29.8199
28255,39261,2016-02-18 11:31:40.000000 UTC,2050,29.8346,25.3545
28255,29093,2016-02-20 07:20:00.000000 UTC,4510,29.8351,29.7941
39261,28255,2016-02-12 11:35:00.000000 UTC,12730,29.8352,29.6374
29093,39261,2016-02-01 12:05:00.000000 UTC,44290,29.8358,29.7044
16111,39261,2016-02-11 01:25:00.000000 UTC,6370,29.8358,28.5828
29093,39261,2016-02-01 12:05:00.000000 UTC,57610,29.8359,30.732
29093,28255,2016-02-01 14:40:00.000000 UTC,4030,29.8367,29.8528
28255,39261,2016-02-18 04:35:00.000000 UTC,1330,29.8368,29.871
16111,29093,2016-02-06 18:05:00.000000 UTC,4930,29.837,28.6449
28255,39261,2016-02-23 08:31:40.000000 UTC,3910,29.8372,29.8167
28255,39261,2016-02-18 15:00:00.000000 UTC,4510,29.8373,29.8393
28255,39261,2016-02-18 04:31:40.000000 UTC,1330,29.8374,29.8577
29093,28255,2016-02-01 05:16:40.000000 UTC,2890,29.8375,29.7856
39261,29093,2016-02-12 11:16:40.000000 UTC,25630,29.8379,28.63
28255,29093,2016-02-18 04:35:00.000000 UTC,22150,29.8381,30.2911
39261,28255,2016-02-16 11:50:00.000000 UTC,2530,29.8388,29.8531
39261,28255,2016-02-17 15:01:40.000000 UTC,47650,29.839,29.3828
28255,39261,2016-02-18 04:30:00.000000 UTC,1330,29.839,29.8514
16111,29093,2016-02-07 08:10:00.000000 UTC,36970,29.8396,30.0177
28255,39261,2016-02-18 15:46:40.000000 UTC,30430,29.8396,29.4744
28255,39261,2016-02-18 05:16:40.000000 UTC,25630,29.8404,26.548
16111,28255,2016-02-06 17:40:00.000000 UTC,2170,29.8405,30.0012
29093,39261,2016-02-06 04:01:40.000000 UTC,8470,29.8406,29.1741
29093,28255,2016-02-05 00:50:00.000000 UTC,24010,29.8407,29.354
28255,16111,2016-02-23 08:31:40.000000 UTC,8530,29.841,30.0459
39261,16111,2016-02-12 11:35:00.000000 UTC,8530,29.8411,30.1416
16111,29093,2016-02-07 00:31:40.000000 UTC,15970,29.8412,29.6406
28255,16111,2016-02-18 05:16:40.000000 UTC,41290,29.8414,29.7521
16111,28255,2016-02-11 21:31:40.000000 UTC,30850,29.8418,28.3877
39261,16111,2016-02-12 12:00:00.000000 UTC,14350,29.8418,30.0862
16111,39261,2016-02-10 20:40:00.000000 UTC,2890,29.8423,29.8166
16111,28255,2016-02-11 03:50:00.000000 UTC,56830,29.8428,30.0777
39261,28255,2016-02-12 18:40:00.000000 UTC,6790,29.843,29.2641
16111,39261,2016-02-06 18:05:00.000000 UTC,4090,29.8432,29.8664
39261,28255,2016-02-12 23:55:00.000000 UTC,22030,29.8433,27.7792
28255,39261,2016-02-18 11:31:40.000000 UTC,18970,29.844,29.1043
28255,39261,2016-02-22 10:01:40.000000 UTC,57670,29.844,30.2631
16111,28255,2016-02-07 01:50:00.000000 UTC,3430,29.8446,29.8541
28255,29093,2016-02-18 10:55:00.000000 UTC,42970,29.8449,30.1724
16111,39261,2016-02-09 20:31:40.000000 UTC,2590,29.845,30.1158
16111,29093,2016-02-10 09:16:40.000000 UTC,3970,29.8452,29.8545
28255,39261,2016-02-20 23:35:00.000000 UTC,14770,29.8453,29.8993
28255,39261,2016-02-23 13:50:00.000000 UTC,4030,29.8454,29.8292
29093,39261,2016-02-05 03:10:00.000000 UTC,4750,29.8455,29.8954
28255,39261,2016-02-18 06:01:40.000000 UTC,4330,29.8455,29.8292
39261,28255,2016-02-15 12:00:00.000000 UTC,3370,29.8458,29.8041
39261,16111,2016-02-17 17:40:00.000000 UTC,8770,29.8461,30.1475
39261,16111,2016-02-17 02:15:00.000000 UTC,46270,29.8462,30.5175
28255,16111,2016-02-18 11:31:40.000000 UTC,39670,29.8465,29.2006
28255,39261,2016-02-22 14:50:00.000000 UTC,3550,29.8467,29.8233
29093,16111,2016-02-01 00:46:40.000000 UTC,44110,29.8475,30.7432
28255,39261,2016-02-18 11:31:40.000000 UTC,28990,29.8477,28.7276
16111,29093,2016-02-10 07:05:00.000000 UTC,32950,29.8478,29.48
39261,28255,2016-02-17 02:15:00.000000 UTC,2230,29.8486,29.8595
16111,29093,2016-02-11 21:31:40.000000 UTC,33730,29.8491,29.0009
28255,39261,2016-02-21 03:30:00.000000 UTC,8830,29.8491,29.1639
39261,16111,2016-02-13 01:40:00.000000 UTC,3730,29.8493,29.8509
28255,39261,2016-02-22 00:45:00.000000 UTC,3370,29.8495,29.8061
16111,28255,2016-02-06 22:46:40.000000 UTC,3010,29.8499,29.851
39261,28255,2016-02-15 00:25:00.000000 UTC,3250,29.85,29.8929
39261,16111,2016-02-15 04:10:00.000000 UTC,2770,29.85,30.1946
39261,29093,2016-02-13 02:35:00.000000 UTC,14110,29.8501,28.8696
28255,16111,2016-02-23 16:31:40.000000 UTC,24970,29.8501,29.0336
39261,28255,2016-02-13 21:01:40.000000 UTC,3970,29.8502,29.9274
29093,39261,2016-02-04 05:05:00.000000 UTC,55330,29.8504,30.9589
28255,16111,2016-02-18 06:01:40.000000 UTC,24190,29.8506,29.0532
28255,16111,2016-02-19 05:35:00.000000 UTC,8350,29.8506,30.0416
28255,39261,2016-02-22 03:01:40.000000 UTC,3250,29.8509,29.8133
16111,28255,2016-02-12 08:15:00.000000 UTC,6370,29.8513,28.4514
16111,29093,2016-02-07 02:31:40.000000 UTC,5230,29.8514,28.3508
28255,16111,2016-02-18 05:45:00.000000 UTC,47230,29.8516,30.6804
28255,39261,2016-02-20 00:50:00.000000 UTC,8410,29.8516,29.3348
39261,16111,2016-02-13 03:31:40.000000 UTC,43090,29.8517,30.2035
28255,29093,2016-02-18 05:16:40.000000 UTC,1270,29.8518,29.8686
16111,28255,2016-02-11 01:25:00.000000 UTC,2950,29.8527,29.9599
28255,16111,2016-02-18 17:25:00.000000 UTC,29350,29.8527,28.8192
39261,29093,2016-02-13 03:31:40.000000 UTC,10450,29.8529,28.8962
29093,16111,2016-02-02 01:05:00.000000 UTC,3490,29.8531,29.861
39261,28255,2016-02-16 11:50:00.000000 UTC,8650,29.8532,29.5532
16111,28255,2016-02-12 08:15:00.000000 UTC,12010,29.8533,29.1114
28255,39261,2016-02-18 07:01:40.000000 UTC,1390,29.8534,29.8514
16111,29093,2016-02-10 00:40:00.000000 UTC,39070,29.8537,30.8642
28255,39261,2016-02-18 20:05:00.000000 UTC,4630,29.8537,29.8516
28255,39261,2016-02-19 20:15:00.000000 UTC,5170,29.8537,29.8505
39261,28255,2016-02-17 23:01:40.000000 UTC,7570,29.8538,29.2281
28255,16111,2016-02-21 01:31:40.000000 UTC,31510,29.8538,29.2154
28255,39261,2016-02-21 05:30:00.000000 UTC,8950,29.8541,29.8093
29093,28255,2016-02-04 22:31:40.000000 UTC,33670,29.8542,29.6002
39261,29093,2016-02-15 02:16:40.000000 UTC,41890,29.8543,28.446
28255,39261,2016-02-20 14:16:40.000000 UTC,55810,29.8543,30.2665
39261,28255,2016-02-13 05:30:00.000000 UTC,4150,29.8552,29.8531
16111,39261,2016-02-07 05:35:00.000000 UTC,2950,29.8553,30.0643
28255,16111,2016-02-19 01:05:00.000000 UTC,33130,29.8554,29.0751
28255,39261,2016-02-18 05:30:00.000000 UTC,29710,29.8558,30.1091
29093,39261,2016-02-02 10:01:40.000000 UTC,3190,29.856,29.6888
16111,29093,2016-02-06 21:45:00.000000 UTC,21730,29.856,29.0936
39261,16111,2016-02-12 12:15:00.000000 UTC,47290,29.8561,30.6404
28255,39261,2016-02-21 22:30:00.000000 UTC,3910,29.8563,29.6737
39261,28255,2016-02-17 17:40:00.000000 UTC,4870,29.8564,29.8683
39261,28255,2016-02-12 16:16:40.000000 UTC,22330,29.8574,27.5968
39261,29093,2016-02-15 20:16:40.000000 UTC,56110,29.8578,30.7538
28255,39261,2016-02-18 06:20:00.000000 UTC,4330,29.8579,29.8422
39261,16111,2016-02-14 08:55:00.000000 UTC,31510,29.8581,28.6826
28255,29093,2016-02-20 12:30:00.000000 UTC,3970,29.8583,29.8545
28255,39261,2016-02-21 01:31:40.000000 UTC,2770,29.8583,29.6398
39261,16111,2016-02-14 01:16:40.000000 UTC,49030,29.8584,31.1075
28255,16111,2016-02-20 21:40:00.000000 UTC,44050,29.859,30.4815
29093,39261,2016-02-05 15:15:00.000000 UTC,5110,29.8591,29.4476
39261,28255,2016-02-13 08:40:00.000000 UTC,24370,29.8594,28.33
28255,39261,2016-02-21 18:05:00.000000 UTC,8770,29.8594,29.6742
29093,16111,2016-02-01 23:55:00.000000 UTC,11770,29.8597,28.9315
16111,29093,2016-02-06 17:46:40.000000 UTC,36610,29.8599,30.0477
16111,28255,2016-02-08 03:31:40.000000 UTC,11950,29.86,28.9264
39261,29093,2016-02-15 00:25:00.000000 UTC,32290,29.86,29.9723
28255,29093,2016-02-19 01:05:00.000000 UTC,28570,29.8606,29.3676
28255,39261,2016-02-19 10:31:40.000000 UTC,4930,29.8608,29.8347
28255,29093,2016-02-19 00:01:40.000000 UTC,2290,29.861,29.9457
29093,39261,2016-02-03 08:00:00.000000 UTC,56830,29.8615,30.6406
28255,29093,2016-02-18 04:55:00.000000 UTC,33910,29.8617,29.9807
28255,16111,2016-02-19 00:01:40.000000 UTC,3370,29.8617,29.8524
16111,28255,2016-02-08 13:50:00.000000 UTC,36550,29.8618,30.2134
28255,39261,2016-02-20 16:05:00.000000 UTC,20650,29.8618,29.7812
29093,39261,2016-02-01 07:01:40.000000 UTC,55450,29.8621,30.8011
16111,29093,2016-02-11 16:20:00.000000 UTC,4390,29.8622,29.8883
39261,16111,2016-02-14 02:45:00.000000 UTC,10870,29.8622,28.4953
39261,28255,2016-02-12 11:10:00.000000 UTC,4570,29.8623,29.8815
39261,28255,2016-02-16 21:20:00.000000 UTC,14230,29.8624,29.6034
28255,39261,2016-02-18 06:40:00.000000 UTC,25150,29.8626,28.2433
16111,29093,2016-02-06 18:16:40.000000 UTC,48490,29.8627,31.4614
16111,39261,2016-02-07 00:31:40.000000 UTC,37990,29.8627,30.4381
28255,39261,2016-02-18 16:35:00.000000 UTC,19090,29.8631,29.2993
29093,28255,2016-02-01 03:46:40.000000 UTC,16690,29.8633,28.628
29093,28255,2016-02-02 02:16:40.000000 UTC,25690,29.8637,29.905
39261,29093,2016-02-12 14:20:00.000000 UTC,4810,29.8638,29.9182
39261,29093,2016-02-15 22:25:00.000000 UTC,49390,29.864,30.8761
28255,16111,2016-02-20 07:20:00.000000 UTC,46870,29.8641,29.9197
29093,39261,2016-02-01 08:20:00.000000 UTC,21610,29.8642,27.8254
39261,16111,2016-02-13 19:40:00.000000 UTC,29350,29.8643,28.8596
39261,28255,2016-02-12 11:25:00.000000 UTC,4330,29.8644,29.439
39261,28255,2016-02-12 20:01:40.000000 UTC,4450,29.8646,29.9029
28255,29093,2016-02-23 05:55:00.000000 UTC,47230,29.8646,27.8838
29093,28255,2016-02-05 10:20:00.000000 UTC,29890,29.8647,28.752
16111,29093,2016-02-07 00:31:40.000000 UTC,36910,29.8647,30.2944
16111,39261,2016-02-06 17:40:00.000000 UTC,30850,29.8649,29.1715
16111,28255,2016-02-08 03:31:40.000000 UTC,910,29.8649,29.8243
29093,16111,2016-02-03 15:16:40.000000 UTC,36790,29.8654,30.2688
28255,39261,2016-02-19 06:46:40.000000 UTC,54370,29.8657,30.0779
29093,16111,2016-02-02 14:16:40.000000 UTC,48970,29.8664,31.2643
39261,28255,2016-02-17 04:45:00.000000 UTC,17890,29.8664,28.0711
28255,29093,2016-02-19 13:10:00.000000 UTC,3430,29.8677,29.8628
28255,29093,2016-02-18 07:25:00.000000 UTC,3610,29.8678,29.8808
29093,28255,2016-02-06 04:01:40.000000 UTC,3610,29.8679,29.8632
28255,29093,2016-02-18 14:15:00.000000 UTC,10210,29.8679,28.7964
16111,29093,2016-02-07 03:15:00.000000 UTC,5230,29.868,28.4387
16111,39261,2016-02-11 01:25:00.000000 UTC,3730,29.8681,29.9
16111,28255,2016-02-07 12:00:00.000000 UTC,2110,29.8682,29.8998
28255,29093,2016-02-18 23:00:00.000000 UTC,57490,29.8684,30.5776
39261,16111,2016-02-13 15:45:00.000000 UTC,2230,29.8685,29.8782
39261,28255,2016-02-14 05:46:40.000000 UTC,3670,29.8685,29.8889
16111,39261,2016-02-12 08:15:00.000000 UTC,31930,29.8689,29.8612
39261,16111,2016-02-12 11:35:00.000000 UTC,59830,29.869,30.2067
39261,28255,2016-02-17 12:25:00.000000 UTC,5050,29.8691,29.9124
39261,28255,2016-02-13 21:01:40.000000 UTC,4270,29.8692,30.0973
16111,28255,2016-02-08 03:31:40.000000 UTC,3610,29.8693,29.9094
29093,39261,2016-02-01 09:01:40.000000 UTC,9550,29.8695,28.2765
39261,28255,2016-02-12 12:31:40.000000 UTC,4510,29.8695,29.9143
28255,29093,2016-02-18 19:10:00.000000 UTC,1090,29.8702,29.9344
39261,29093,2016-02-12 14:46:40.000000 UTC,50530,29.8703,28.8699
28255,16111,2016-02-18 11:31:40.000000 UTC,24970,29.8706,29.0275
29093,16111,2016-02-02 20:20:00.000000 UTC,27550,29.8707,29.9531
29093,39261,2016-02-01 09:01:40.000000 UTC,55810,29.8712,30.4234
29093,16111,2016-02-04 07:10:00.000000 UTC,25570,29.8712,30.4171
28255,16111,2016-02-18 17:25:00.000000 UTC,44590,29.8712,30.5492
16111,28255,2016-02-11 03:50:00.000000 UTC,11470,29.8714,28.3774
28255,29093,2016-02-21 22:30:00.000000 UTC,43210,29.8715,30.2197
29093,39261,2016-02-01 10:30:00.000000 UTC,2470,29.8716,29.8863
39261,28255,2016-02-12 12:50:00.000000 UTC,29110,29.8718,29.2942
16111,29093,2016-02-07 09:05:00.000000 UTC,42790,29.8722,30.5924
28255,16111,2016-02-21 03:30:00.000000 UTC,42610,29.8723,30.2468
39261,16111,2016-02-14 15:31:40.000000 UTC,50650,29.8724,30.8172
16111,28255,2016-02-10 07:05:00.000000 UTC,3790,29.8725,29.9141
39261,28255,2016-02-13 00:46:40.000000 UTC,4330,29.873,29.8842
28255,39261,2016-02-23 16:31:40.000000 UTC,5410,29.8735,29.5329
28255,29093,2016-02-18 11:31:40.000000 UTC,59950,29.8738,30.9051
28255,39261,2016-02-22 10:01:40.000000 UTC,4150,29.874,29.4713
28255,39261,2016-02-19 01:05:00.000000 UTC,4750,29.8742,29.8723
28255,29093,2016-02-18 05:45:00.000000 UTC,3790,29.8744,29.8797
39261,28255,2016-02-12 12:15:00.000000 UTC,4510,29.8746,29.9001
39261,29093,2016-02-14 17:15:00.000000 UTC,1630,29.875,29.865
29093,16111,2016-02-01 00:25:00.000000 UTC,44050,29.8754,30.6723
28255,39261,2016-02-19 21:45:00.000000 UTC,44290,29.8756,29.7173
28255,39261,2016-02-21 13:46:40.000000 UTC,21310,29.876,29.801
29093,39261,2016-02-01 10:30:00.000000 UTC,3190,29.8761,29.7122
39261,28255,2016-02-14 12:10:00.000000 UTC,3790,29.8766,29.8625
16111,39261,2016-02-07 13:01:40.000000 UTC,3790,29.8768,29.8941
28255,39261,2016-02-21 01:31:40.000000 UTC,3070,29.8769,29.6907
28255,39261,2016-02-18 09:15:00.000000 UTC,22930,29.8772,28.9017
39261,16111,2016-02-14 12:10:00.000000 UTC,25090,29.8774,28.6217
39261,28255,2016-02-13 12:05:00.000000 UTC,5830,29.8775,29.5782
16111,29093,2016-02-07 11:00:00.000000 UTC,59950,29.8776,31.3347
39261,29093,2016-02-13 01:40:00.000000 UTC,3310,29.8776,29.8478
28255,29093,2016-02-18 17:25:00.000000 UTC,35770,29.8778,29.4957
39261,28255,2016-02-13 01:40:00.000000 UTC,4210,29.8779,29.885
16111,39261,2016-02-11 21:31:40.000000 UTC,3550,29.878,29.8927
28255,39261,2016-02-19 10:31:40.000000 UTC,54370,29.878,29.7838
39261,28255,2016-02-14 17:15:00.000000 UTC,4150,29.8783,29.782
28255,16111,2016-02-22 00:45:00.000000 UTC,1090,29.8783,29.8271
28255,16111,2016-02-21 01:31:40.000000 UTC,10930,29.8786,29.5194
28255,16111,2016-02-18 13:31:40.000000 UTC,24430,29.879,29.3419
39261,28255,2016-02-13 00:46:40.000000 UTC,12550,29.8792,28.9537
28255,39261,2016-02-18 19:10:00.000000 UTC,59890,29.8792,30.1717
39261,28255,2016-02-13 10:55:00.000000 UTC,4150,29.8793,29.9087
39261,16111,2016-02-15 00:25:00.000000 UTC,26230,29.8793,29.8865
29093,16111,2016-02-03 01:10:00.000000 UTC,3070,29.8794,29.8631
28255,16111,2016-02-20 16:05:00.000000 UTC,28030,29.8795,29.2951
16111,29093,2016-02-07 13:01:40.000000 UTC,48550,29.8796,30.8118
28255,39261,2016-02-22 00:45:00.000000 UTC,22630,29.8798,29.0351
28255,39261,2016-02-22 19:45:00.000000 UTC,4990,29.88,29.6173
29093,39261,2016-02-02 20:20:00.000000 UTC,3730,29.8801,29.8894
39261,16111,2016-02-14 01:16:40.000000 UTC,42910,29.8802,30.1111
29093,39261,2016-02-01 03:20:00.000000 UTC,1870,29.8803,29.9076
39261,16111,2016-02-13 08:40:00.000000 UTC,47410,29.8804,30.4647
39261,28255,2016-02-12 15:15:00.000000 UTC,4510,29.8806,29.8998
39261,16111,2016-02-13 07:35:00.000000 UTC,15730,29.881,28.9277
39261,29093,2016-02-14 17:15:00.000000 UTC,4270,29.8813,29.8998
39261,28255,2016-02-13 07:35:00.000000 UTC,41890,29.8815,29.3141
39261,29093,2016-02-17 02:15:00.000000 UTC,43150,29.8816,30.5474
28255,16111,2016-02-23 08:31:40.000000 UTC,41830,29.8821,30.0613
39261,16111,2016-02-12 23:05:00.000000 UTC,21370,29.8824,28.7227
16111,28255,2016-02-11 16:20:00.000000 UTC,42190,29.8826,30.1786
28255,16111,2016-02-18 04:31:40.000000 UTC,190,29.8826,29.898
29093,39261,2016-02-01 13:46:40.000000 UTC,15190,29.8827,30.0849
29093,16111,2016-02-02 14:16:40.000000 UTC,33490,29.8827,29.536
39261,29093,2016-02-14 17:15:00.000000 UTC,18490,29.8828,28.2169
29093,39261,2016-02-03 15:16:40.000000 UTC,17230,29.8831,28.8152
16111,28255,2016-02-06 23:20:00.000000 UTC,3130,29.8831,29.8594
39261,16111,2016-02-12 23:55:00.000000 UTC,23050,29.8832,29.5815
28255,39261,2016-02-22 07:40:00.000000 UTC,3490,29.8832,29.8525
16111,39261,2016-02-10 13:45:00.000000 UTC,56170,29.8837,30.9862
29093,28255,2016-02-02 02:16:40.000000 UTC,3010,29.8839,29.6039
39261,28255,2016-02-13 23:50:00.000000 UTC,5230,29.8839,29.6542
16111,28255,2016-02-06 17:55:00.000000 UTC,3490,29.884,29.6658
39261,28255,2016-02-14 12:10:00.000000 UTC,28750,29.884,29.1732
39261,29093,2016-02-17 20:20:00.000000 UTC,26350,29.884,28.9154
29093,16111,2016-02-03 11:35:00.000000 UTC,36910,29.8843,30.272
39261,28255,2016-02-14 12:10:00.000000 UTC,4510,29.8845,29.743
39261,29093,2016-02-14 10:31:40.000000 UTC,46390,29.8847,30.2837
29093,16111,2016-02-01 02:10:00.000000 UTC,17590,29.8848,29.7335
16111,28255,2016-02-08 02:10:00.000000 UTC,27430,29.8848,29.4702
16111,39261,2016-02-08 02:10:00.000000 UTC,16090,29.8849,28.8596
28255,16111,2016-02-19 15:55:00.000000 UTC,45010,29.885,30.3792
39261,29093,2016-02-14 17:15:00.000000 UTC,50650,29.8857,30.7662
39261,29093,2016-02-18 01:45:00.000000 UTC,14650,29.8857,30.0872
28255,16111,2016-02-21 18:05:00.000000 UTC,18130,29.8858,30.0218
16111,39261,2016-02-11 11:15:00.000000 UTC,2470,29.8859,29.9101
16111,39261,2016-02-12 00:10:00.000000 UTC,6670,29.8859,28.9805
39261,28255,2016-02-13 07:35:00.000000 UTC,18430,29.8865,28.4248
16111,39261,2016-02-09 18:30:00.000000 UTC,3070,29.8866,29.5622
16111,29093,2016-02-07 21:00:00.000000 UTC,43030,29.8867,30.5113
39261,16111,2016-02-12 11:16:40.000000 UTC,8590,29.887,30.1004
28255,39261,2016-02-21 13:46:40.000000 UTC,15130,29.8871,29.7919
29093,39261,2016-02-04 09:16:40.000000 UTC,3250,29.8873,29.6619
29093,39261,2016-02-01 17:30:00.000000 UTC,4270,29.8875,29.7818
29093,39261,2016-02-01 19:31:40.000000 UTC,36130,29.8878,28.9809
29093,28255,2016-02-02 14:16:40.000000 UTC,3550,29.8886,29.9116
28255,29093,2016-02-18 04:30:00.000000 UTC,3970,29.8888,29.8788
28255,39261,2016-02-21 09:35:00.000000 UTC,3250,29.8894,29.8298
29093,16111,2016-02-01 05:50:00.000000 UTC,38530,29.8895,30.6082
39261,28255,2016-02-13 23:50:00.000000 UTC,22270,29.8899,29.9261
29093,39261,2016-02-03 09:46:40.000000 UTC,56290,29.8902,30.6054
28255,39261,2016-02-19 23:16:40.000000 UTC,2230,29.8903,29.9083
28255,16111,2016-02-18 04:40:00.000000 UTC,8650,29.8904,29.2996
39261,28255,2016-02-13 06:31:40.000000 UTC,30550,29.8907,27.8785
28255,39261,2016-02-23 03:20:00.000000 UTC,3850,29.8907,29.8831
39261,28255,2016-02-12 23:05:00.000000 UTC,42550,29.8911,28.7283
39261,29093,2016-02-13 03:31:40.000000 UTC,3010,29.8913,29.8483
28255,39261,2016-02-19 04:25:00.000000 UTC,5770,29.8914,30.7557
29093,28255,2016-02-01 01:50:00.000000 UTC,14770,29.8915,30.2999
29093,16111,2016-02-01 04:15:00.000000 UTC,55150,29.8915,30.8062
28255,16111,2016-02-18 16:35:00.000000 UTC,44710,29.8919,30.451
28255,39261,2016-02-22 03:01:40.000000 UTC,9490,29.8921,29.91
39261,28255,2016-02-14 01:16:40.000000 UTC,4090,29.8923,30.1241
16111,39261,2016-02-09 05:05:00.000000 UTC,52390,29.8924,30.9222
39261,16111,2016-02-13 05:30:00.000000 UTC,13810,29.8924,27.8786
39261,16111,2016-02-16 11:50:00.000000 UTC,1570,29.8924,29.9235
39261,28255,2016-02-15 12:00:00.000000 UTC,2950,29.8926,29.8981
39261,16111,2016-02-13 17:01:40.000000 UTC,28750,29.8931,30.3876
29093,28255,2016-02-03 08:00:00.000000 UTC,43450,29.8934,29.774
29093,16111,2016-02-05 20:16:40.000000 UTC,6730,29.8935,28.1282
16111,39261,2016-02-09 01:30:00.000000 UTC,8950,29.8936,30.1511
16111,28255,2016-02-07 17:25:00.000000 UTC,32710,29.8943,29.9443
16111,39261,2016-02-07 06:25:00.000000 UTC,3070,29.8944,30.1577
28255,39261,2016-02-22 14:50:00.000000 UTC,3370,29.8944,29.6377
16111,29093,2016-02-09 14:31:40.000000 UTC,38650,29.8946,30.5748
29093,39261,2016-02-01 13:46:40.000000 UTC,8950,29.8947,29.9922
28255,29093,2016-02-20 07:20:00.000000 UTC,56590,29.8947,30.5657
29093,16111,2016-02-04 20:15:00.000000 UTC,10210,29.8948,28.1579
29093,28255,2016-02-04 18:00:00.000000 UTC,34570,29.895,29.2248
29093,28255,2016-02-01 00:10:00.000000 UTC,20470,29.8953,30.1489
16111,29093,2016-02-08 22:01:40.000000 UTC,26110,29.8954,28.3875
39261,29093,2016-02-13 04:30:00.000000 UTC,20470,29.8955,30.081
39261,16111,2016-02-13 09:46:40.000000 UTC,8590,29.8956,29.9474
39261,28255,2016-02-14 19:00:00.000000 UTC,10030,29.8962,29.7737
28255,39261,2016-02-20 19:46:40.000000 UTC,2590,29.8962,29.7323
29093,16111,2016-02-01 01:15:00.000000 UTC,38350,29.8965,30.0981
39261,29093,2016-02-12 17:25:00.000000 UTC,7270,29.8966,29.1916
28255,29093,2016-02-18 13:31:40.000000 UTC,42310,29.8968,29.9814
39261,28255,2016-02-14 07:20:00.000000 UTC,11410,29.8969,28.535
28255,39261,2016-02-19 09:15:00.000000 UTC,1930,29.897,29.9494
28255,39261,2016-02-20 12:30:00.000000 UTC,2530,29.897,29.8466
29093,28255,2016-02-03 11:35:00.000000 UTC,2650,29.8974,29.8228
39261,29093,2016-02-14 13:50:00.000000 UTC,45430,29.8975,29.9605
29093,39261,2016-02-03 01:10:00.000000 UTC,4390,29.8977,29.9184
16111,28255,2016-02-07 11:00:00.000000 UTC,47590,29.8978,29.8269
39261,29093,2016-02-14 04:15:00.000000 UTC,2890,29.8979,29.8739
39261,28255,2016-02-14 04:15:00.000000 UTC,16090,29.8979,30.0331
29093,28255,2016-02-02 07:20:00.000000 UTC,28210,29.898,29.1293
28255,16111,2016-02-18 17:25:00.000000 UTC,44530,29.8982,30.4714
39261,28255,2016-02-16 00:35:00.000000 UTC,2470,29.8985,29.9269
16111,39261,2016-02-08 02:10:00.000000 UTC,2470,29.8988,30.0665
29093,28255,2016-02-03 19:05:00.000000 UTC,12130,29.8989,28.6453
39261,28255,2016-02-13 06:31:40.000000 UTC,4150,29.8989,29.9167
39261,28255,2016-02-12 11:01:40.000000 UTC,4570,29.8993,29.9186
16111,29093,2016-02-12 11:00:00.000000 UTC,11350,29.8994,28.147
39261,28255,2016-02-12 21:30:00.000000 UTC,42250,29.8995,29.4337
16111,28255,2016-02-08 02:10:00.000000 UTC,3370,29.9,29.8077
28255,39261,2016-02-20 19:46:40.000000 UTC,1570,29.9001,29.9884
16111,29093,2016-02-08 03:31:40.000000 UTC,3190,29.9006,29.8764
39261,16111,2016-02-13 22:25:00.000000 UTC,49210,29.9006,30.1472
39261,28255,2016-02-13 15:45:00.000000 UTC,4030,29.9011,29.9114
39261,29093,2016-02-17 02:15:00.000000 UTC,27190,29.9011,28.7403
28255,16111,2016-02-18 04:55:00.000000 UTC,3790,29.9011,29.6114
28255,16111,2016-02-19 17:20:00.000000 UTC,34750,29.9011,29.6975
16111,28255,2016-02-07 04:46:40.000000 UTC,3850,29.9014,29.893
39261,29093,2016-02-12 23:55:00.000000 UTC,3610,29.9014,29.9391
28255,39261,2016-02-18 15:00:00.000000 UTC,4570,29.9018,29.9237
28255,39261,2016-02-22 05:20:00.000000 UTC,10510,29.9019,29.4776
29093,28255,2016-02-01 00:16:40.000000 UTC,3490,29.902,29.7001
16111,29093,2016-02-07 21:00:00.000000 UTC,31630,29.902,29.8343
28255,39261,2016-02-18 21:01:40.000000 UTC,4690,29.9021,29.8862
28255,29093,2016-02-19 13:10:00.000000 UTC,43030,29.9021,29.6278
16111,39261,2016-02-07 04:00:00.000000 UTC,3370,29.9023,29.6899
39261,28255,2016-02-12 14:46:40.000000 UTC,4570,29.9024,29.9192
28255,16111,2016-02-22 12:25:00.000000 UTC,46510,29.9027,30.5076
29093,28255,2016-02-03 17:10:00.000000 UTC,35050,29.9029,29.6319
16111,39261,2016-02-08 09:15:00.000000 UTC,58630,29.9031,30.7957
28255,16111,2016-02-18 04:55:00.000000 UTC,47410,29.9032,30.6489
28255,29093,2016-02-22 03:01:40.000000 UTC,370,29.9032,27.5079
39261,29093,2016-02-12 17:25:00.000000 UTC,33370,29.9035,29.2202
28255,39261,2016-02-18 05:45:00.000000 UTC,4390,29.9035,29.9107
29093,16111,2016-02-01 01:15:00.000000 UTC,12670,29.9036,27.5663
28255,39261,2016-02-22 12:25:00.000000 UTC,3550,29.9039,29.889
28255,39261,2016-02-23 05:55:00.000000 UTC,910,29.9041,29.8185
39261,16111,2016-02-12 12:15:00.000000 UTC,2830,29.9042,30.1546
28255,16111,2016-02-23 08:31:40.000000 UTC,47110,29.9042,29.5688
16111,39261,2016-02-06 23:20:00.000000 UTC,2230,29.9043,29.9244
28255,39261,2016-02-23 00:46:40.000000 UTC,4270,29.9043,30.0998
16111,39261,2016-02-07 03:15:00.000000 UTC,3130,29.9045,29.6632
28255,39261,2016-02-21 20:16:40.000000 UTC,2770,29.9048,29.5389
28255,39261,2016-02-18 07:01:40.000000 UTC,4390,29.9051,29.8817
28255,16111,2016-02-21 03:30:00.000000 UTC,42550,29.9052,30.1445
16111,39261,2016-02-11 18:55:00.000000 UTC,3070,29.9055,29.8708
39261,16111,2016-02-12 23:05:00.000000 UTC,4150,29.9055,29.8214
28255,29093,2016-02-18 14:15:00.000000 UTC,59410,29.9057,30.9203
16111,28255,2016-02-07 22:15:00.000000 UTC,3250,29.9059,30.2125
39261,28255,2016-02-12 11:00:00.000000 UTC,4570,29.9059,29.9252
28255,29093,2016-02-19 10:31:40.000000 UTC,55270,29.9059,30.6614
39261,28255,2016-02-16 11:50:00.000000 UTC,2470,29.906,29.9135
28255,16111,2016-02-18 16:35:00.000000 UTC,4270,29.9062,29.9007
39261,16111,2016-02-17 12:25:00.000000 UTC,3730,29.9063,29.9045
39261,29093,2016-02-13 21:01:40.000000 UTC,49870,29.9064,30.7979
28255,39261,2016-02-22 05:20:00.000000 UTC,33670,29.9064,29.8032
29093,39261,2016-02-02 17:15:00.000000 UTC,3310,29.9066,29.8892
28255,39261,2016-02-20 09:01:40.000000 UTC,33490,29.9068,27.8392
39261,16111,2016-02-17 12:25:00.000000 UTC,49030,29.9071,30.3427
28255,29093,2016-02-18 16:35:00.000000 UTC,47650,29.9074,30.5597
28255,16111,2016-02-18 15:00:00.000000 UTC,4450,29.9075,29.8967
28255,16111,2016-02-22 12:25:00.000000 UTC,46570,29.9075,30.5898
28255,39261,2016-02-20 00:50:00.000000 UTC,26890,29.9076,28.4014
28255,16111,2016-02-20 05:40:00.000000 UTC,21190,29.9079,28.9514
28255,16111,2016-02-19 23:16:40.000000 UTC,43330,29.9081,30.2632
16111,39261,2016-02-07 06:25:00.000000 UTC,10450,29.9094,28.9456
16111,29093,2016-02-07 12:00:00.000000 UTC,2950,29.9094,29.8712
28255,39261,2016-02-20 02:25:00.000000 UTC,26770,29.9094,28.8474
28255,29093,2016-02-20 07:20:00.000000 UTC,30190,29.9096,28.7569
16111,29093,2016-02-07 03:15:00.000000 UTC,32950,29.91,29.4629
16111,39261,2016-02-06 22:46:40.000000 UTC,4810,29.9104,29.9563
16111,39261,2016-02-07 04:46:40.000000 UTC,8650,29.9105,30.1203
39261,16111,2016-02-12 12:15:00.000000 UTC,3670,29.9105,29.6806
39261,16111,2016-02-13 02:35:00.000000 UTC,6010,29.9107,28.7792
28255,16111,2016-02-22 17:16:40.000000 UTC,2110,29.911,29.9755
28255,29093,2016-02-18 11:31:40.000000 UTC,10990,29.9113,28.3127
16111,28255,2016-02-07 08:10:00.000000 UTC,4270,29.9115,29.9622
39261,28255,2016-02-16 05:00:00.000000 UTC,8710,29.9116,29.7557
29093,39261,2016-02-03 11:35:00.000000 UTC,50890,29.912,30.8416
29093,39261,2016-02-06 01:25:00.000000 UTC,48190,29.9122,29.97
16111,28255,2016-02-08 10:45:00.000000 UTC,4450,29.9126,29.9632
29093,28255,2016-02-02 03:30:00.000000 UTC,8770,29.913,30.1329
28255,16111,2016-02-23 05:55:00.000000 UTC,3130,29.913,29.8834
29093,39261,2016-02-01 10:30:00.000000 UTC,2110,29.9132,30.0153
29093,39261,2016-02-02 15:45:00.000000 UTC,45790,29.9132,30.6479
39261,29093,2016-02-12 12:50:00.000000 UTC,2350,29.9132,29.9531
29093,28255,2016-02-03 17:10:00.000000 UTC,3490,29.9133,29.9453
28255,29093,2016-02-21 03:30:00.000000 UTC,58390,29.9138,30.7849
16111,28255,2016-02-07 18:35:00.000000 UTC,3370,29.9139,29.7308
28255,16111,2016-02-22 00:45:00.000000 UTC,3670,29.914,29.895
29093,39261,2016-02-01 13:46:40.000000 UTC,16510,29.9144,29.0086
28255,39261,2016-02-21 20:16:40.000000 UTC,3550,29.9144,29.8293
16111,28255,2016-02-07 02:31:40.000000 UTC,3610,29.9145,29.9303
39261,16111,2016-02-13 14:30:00.000000 UTC,30550,29.9147,29.2271
28255,29093,2016-02-18 08:16:40.000000 UTC,27970,29.9147,29.6076
29093,39261,2016-02-02 10:01:40.000000 UTC,2110,29.915,30.022
28255,16111,2016-02-20 07:20:00.000000 UTC,52630,29.915,30.4105
28255,39261,2016-02-19 20:15:00.000000 UTC,5050,29.9151,29.6451
16111,29093,2016-02-08 10:45:00.000000 UTC,37750,29.9152,30.2684
28255,39261,2016-02-23 08:31:40.000000 UTC,3970,29.9153,29.8891
39261,28255,2016-02-15 12:00:00.000000 UTC,14530,29.9167,29.6907
16111,29093,2016-02-10 13:45:00.000000 UTC,39370,29.9168,30.7657
16111,28255,2016-02-08 04:55:00.000000 UTC,3790,29.9169,29.9546
28255,39261,2016-02-23 13:50:00.000000 UTC,4090,29.9171,29.9032
29093,16111,2016-02-01 08:20:00.000000 UTC,32170,29.9172,29.2082
28255,39261,2016-02-19 06:46:40.000000 UTC,4930,29.9173,29.9096
28255,39261,2016-02-18 06:01:40.000000 UTC,4390,29.9179,29.9139
16111,39261,2016-02-10 18:20:00.000000 UTC,16510,29.9182,28.0328
16111,39261,2016-02-06 22:46:40.000000 UTC,37990,29.9184,29.8764
16111,28255,2016-02-06 23:20:00.000000 UTC,17410,29.9184,28.1532
39261,29093,2016-02-15 22:25:00.000000 UTC,5710,29.9186,29.0901
16111,28255,2016-02-07 03:15:00.000000 UTC,3670,29.9187,29.9255
28255,29093,2016-02-18 14:15:00.000000 UTC,53770,29.9187,30.7699
29093,28255,2016-02-03 19:05:00.000000 UTC,4690,29.9189,30.2276
16111,39261,2016-02-10 20:40:00.000000 UTC,16870,29.9194,28.906
16111,29093,2016-02-09 14:31:40.000000 UTC,17650,29.9197,29.5139
16111,39261,2016-02-10 07:05:00.000000 UTC,59650,29.9197,30.9804
39261,28255,2016-02-13 09:46:40.000000 UTC,4090,29.92,29.904
39261,28255,2016-02-14 07:20:00.000000 UTC,46750,29.92,29.6393
39261,29093,2016-02-14 19:00:00.000000 UTC,32950,29.92,29.5555
39261,28255,2016-02-12 23:05:00.000000 UTC,1330,29.9206,29.9555
28255,16111,2016-02-21 07:31:40.000000 UTC,9910,29.9207,28.6708
29093,39261,2016-02-05 22:50:00.000000 UTC,42550,29.921,30.4893
16111,29093,2016-02-11 21:31:40.000000 UTC,22270,29.921,28.2125
16111,39261,2016-02-09 14:31:40.000000 UTC,4810,29.9214,29.9838
39261,28255,2016-02-16 09:31:40.000000 UTC,8770,29.9214,29.4975
39261,28255,2016-02-17 09:50:00.000000 UTC,2050,29.9214,29.9472
28255,39261,2016-02-22 03:01:40.000000 UTC,27670,29.9216,29.9013
39261,28255,2016-02-12 11:35:00.000000 UTC,34930,29.9218,28.8513
29093,16111,2016-02-04 03:01:40.000000 UTC,4930,29.9222,28.6571
28255,29093,2016-02-20 04:01:40.000000 UTC,2350,29.9222,29.8851
28255,16111,2016-02-18 07:25:00.000000 UTC,46870,29.923,30.6801
39261,29093,2016-02-13 07:35:00.000000 UTC,3310,29.9231,29.7495
28255,39261,2016-02-22 17:16:40.000000 UTC,3670,29.9231,29.9221
29093,28255,2016-02-01 22:46:40.000000 UTC,2350,29.9232,29.9335
16111,39261,2016-02-08 23:45:00.000000 UTC,2650,29.9236,30.1194
29093,28255,2016-02-01 06:25:00.000000 UTC,33610,29.9238,30.2357
28255,39261,2016-02-22 17:16:40.000000 UTC,34630,29.924,29.6745
28255,39261,2016-02-22 07:40:00.000000 UTC,27490,29.9241,29.6202
39261,28255,2016-02-13 05:30:00.000000 UTC,4210,29.9242,29.929
39261,16111,2016-02-14 04:15:00.000000 UTC,20230,29.9242,30.145
39261,28255,2016-02-17 04:45:00.000000 UTC,53890,29.9243,29.2383
28255,16111,2016-02-19 08:00:00.000000 UTC,57490,29.9247,29.7354
29093,39261,2016-02-01 06:25:00.000000 UTC,31150,29.925,29.9881
16111,39261,2016-02-08 02:10:00.000000 UTC,20470,29.925,30.0055
39261,29093,2016-02-15 18:10:00.000000 UTC,6790,29.9251,28.8835
29093,28255,2016-02-05 00:50:00.000000 UTC,3910,29.926,29.949
16111,29093,2016-02-06 17:35:00.000000 UTC,2470,29.926,29.4558
28255,39261,2016-02-18 06:20:00.000000 UTC,4390,29.926,29.9249
39261,16111,2016-02-13 06:31:40.000000 UTC,43030,29.9261,30.613
28255,16111,2016-02-18 04:55:00.000000 UTC,47290,29.9263,30.497
16111,39261,2016-02-07 22:15:00.000000 UTC,32950,29.9268,29.1632
28255,39261,2016-02-19 20:15:00.000000 UTC,17950,29.9269,27.5993
16111,28255,2016-02-09 22:35:00.000000 UTC,8830,29.9271,30.2589
28255,29093,2016-02-22 07:40:00.000000 UTC,47110,29.9272,30.4279
39261,28255,2016-02-12 20:01:40.000000 UTC,4510,29.9276,29.9787
29093,28255,2016-02-05 12:46:40.000000 UTC,42910,29.9286,30.2968
28255,39261,2016-02-18 10:55:00.000000 UTC,4510,29.9286,29.9286
28255,29093,2016-02-18 16:35:00.000000 UTC,47590,29.9287,30.4788
28255,29093,2016-02-18 18:16:40.000000 UTC,47290,29.929,30.5369
28255,16111,2016-02-23 03:20:00.000000 UTC,59890,29.929,30.7685
28255,29093,2016-02-18 19:10:00.000000 UTC,47110,29.9293,30.5198
16111,29093,2016-02-07 23:31:40.000000 UTC,3190,29.9295,29.9157
39261,28255,2016-02-16 07:15:00.000000 UTC,2590,29.9296,29.9077
28255,29093,2016-02-23 03:20:00.000000 UTC,3310,29.9302,29.905
16111,39261,2016-02-08 04:55:00.000000 UTC,28930,29.9306,28.9639
28255,16111,2016-02-20 02:25:00.000000 UTC,15970,29.9307,29.6943
39261,28255,2016-02-13 13:16:40.000000 UTC,1030,29.9308,29.8425
39261,16111,2016-02-14 01:16:40.000000 UTC,3430,29.9312,29.9103
29093,39261,2016-02-01 00:25:00.000000 UTC,53470,29.9313,30.3496
16111,28255,2016-02-07 04:46:40.000000 UTC,18610,29.9313,28.3175
39261,29093,2016-02-14 07:20:00.000000 UTC,2710,29.9318,30.005
28255,29093,2016-02-19 09:15:00.000000 UTC,6490,29.932,29.0775
16111,39261,2016-02-07 08:10:00.000000 UTC,28750,29.9323,29.5534
39261,28255,2016-02-18 01:45:00.000000 UTC,4810,29.9323,29.9627
16111,28255,2016-02-07 13:01:40.000000 UTC,2230,29.9326,29.9695
39261,16111,2016-02-14 20:46:40.000000 UTC,32350,29.9327,29.9352
16111,29093,2016-02-07 23:31:40.000000 UTC,5710,29.9328,28.6839
39261,29093,2016-02-15 18:10:00.000000 UTC,1450,29.9332,29.9335
29093,39261,2016-02-01 12:05:00.000000 UTC,14890,29.9334,29.9944
16111,28255,2016-02-06 18:45:00.000000 UTC,3670,29.9335,29.7116
39261,29093,2016-02-16 21:20:00.000000 UTC,11410,29.934,28.9938
28255,39261,2016-02-19 11:50:00.000000 UTC,5050,29.934,29.9325
28255,16111,2016-02-18 07:25:00.000000 UTC,46810,29.9342,30.6095
29093,16111,2016-02-01 00:10:00.000000 UTC,3850,29.9343,29.9401
29093,28255,2016-02-01 03:20:00.000000 UTC,10210,29.9343,29.5276
29093,28255,2016-02-01 04:15:00.000000 UTC,3730,29.9344,29.9637
28255,29093,2016-02-20 09:01:40.000000 UTC,56050,29.9351,30.1418
28255,39261,2016-02-20 04:01:40.000000 UTC,32770,29.9353,29.0568
16111,39261,2016-02-07 05:35:00.000000 UTC,26170,29.9358,29.1288
16111,29093,2016-02-11 13:46:40.000000 UTC,16510,29.9359,28.4666
16111,28255,2016-02-06 22:15:00.000000 UTC,3130,29.936,30.0394
28255,39261,2016-02-19 05:35:00.000000 UTC,26110,29.9363,28.228
16111,28255,2016-02-10 09:16:40.000000 UTC,53890,29.9366,30.5915
39261,29093,2016-02-12 19:20:00.000000 UTC,40330,29.9367,29.568
39261,16111,2016-02-15 22:25:00.000000 UTC,21430,29.937,29.253
28255,39261,2016-02-19 02:10:00.000000 UTC,4810,29.9373,29.9191
28255,39261,2016-02-21 15:55:00.000000 UTC,25690,29.9373,27.1678
39261,28255,2016-02-12 11:10:00.000000 UTC,7270,29.9376,28.9779
29093,28255,2016-02-05 17:45:00.000000 UTC,32470,29.9378,30.0968
29093,39261,2016-02-06 12:01:40.000000 UTC,2830,29.9379,29.9493
28255,39261,2016-02-18 15:46:40.000000 UTC,4630,29.9379,29.9439
16111,28255,2016-02-08 04:55:00.000000 UTC,6490,29.9381,28.6723
39261,16111,2016-02-13 01:40:00.000000 UTC,3790,29.9382,29.957
39261,28255,2016-02-12 18:40:00.000000 UTC,4510,29.9386,30.0189
39261,28255,2016-02-13 00:46:40.000000 UTC,4390,29.9387,29.9573
28255,16111,2016-02-18 14:15:00.000000 UTC,4630,29.9387,29.9903
16111,28255,2016-02-07 04:00:00.000000 UTC,3790,29.9389,29.9483
28255,39261,2016-02-18 14:15:00.000000 UTC,29290,29.9389,29.1026
16111,29093,2016-02-07 01:10:00.000000 UTC,4870,29.9391,29.2033
28255,39261,2016-02-21 13:46:40.000000 UTC,33250,29.9392,29.5918
29093,28255,2016-02-01 04:15:00.000000 UTC,2950,29.9393,29.8997
28255,16111,2016-02-18 05:45:00.000000 UTC,47170,29.9393,30.6062
28255,29093,2016-02-19 05:35:00.000000 UTC,33550,29.9393,29.6643
39261,16111,2016-02-13 02:35:00.000000 UTC,22870,29.9395,28.3103
39261,28255,2016-02-16 16:31:40.000000 UTC,14110,29.9397,30.2294
28255,16111,2016-02-18 05:45:00.000000 UTC,47110,29.9397,30.5199
16111,29093,2016-02-08 15:25:00.000000 UTC,17050,29.9398,29.5179
39261,28255,2016-02-13 06:31:40.000000 UTC,22330,29.9398,29.2366
28255,16111,2016-02-18 17:25:00.000000 UTC,28930,29.94,29.7432
39261,28255,2016-02-14 07:20:00.000000 UTC,4750,29.9401,29.7924
39261,29093,2016-02-14 19:00:00.000000 UTC,33190,29.9405,29.8953
16111,39261,2016-02-09 14:31:40.000000 UTC,49090,29.9414,30.8944
39261,29093,2016-02-12 21:30:00.000000 UTC,12010,29.9415,28.4797
39261,29093,2016-02-12 14:46:40.000000 UTC,51310,29.9419,30.6243
29093,39261,2016-02-01 02:55:00.000000 UTC,4690,29.9421,29.9572
29093,39261,2016-02-01 06:25:00.000000 UTC,36730,29.9422,29.4432
28255,39261,2016-02-18 14:15:00.000000 UTC,59770,29.9423,30.3234
28255,39261,2016-02-20 12:30:00.000000 UTC,31090,29.9423,28.6221
16111,39261,2016-02-12 00:10:00.000000 UTC,36670,29.9425,29.089
39261,28255,2016-02-13 10:55:00.000000 UTC,4210,29.9425,29.9722
39261,16111,2016-02-14 05:46:40.000000 UTC,8770,29.9426,29.962
28255,16111,2016-02-18 15:46:40.000000 UTC,53230,29.9426,25.2568
28255,39261,2016-02-22 22:15:00.000000 UTC,3790,29.9432,29.9373
29093,16111,2016-02-02 14:16:40.000000 UTC,5950,29.9434,28.6418
29093,28255,2016-02-02 17:15:00.000000 UTC,47950,29.9434,29.9989
29093,16111,2016-02-05 20:16:40.000000 UTC,26050,29.9434,29.1575
29093,39261,2016-02-01 12:55:00.000000 UTC,8650,29.9435,30.1162
16111,28255,2016-02-07 01:50:00.000000 UTC,3490,29.9435,29.955
28255,16111,2016-02-18 07:25:00.000000 UTC,46750,29.9436,30.5261
16111,39261,2016-02-07 23:31:40.000000 UTC,31570,29.9442,29.7159
16111,29093,2016-02-09 01:30:00.000000 UTC,49570,29.9442,30.9611
28255,39261,2016-02-19 00:01:40.000000 UTC,4750,29.9442,29.8545
28255,39261,2016-02-22 03:01:40.000000 UTC,3850,29.9443,29.8659
16111,28255,2016-02-12 08:15:00.000000 UTC,24130,29.9445,28.4713
39261,16111,2016-02-13 07:35:00.000000 UTC,14350,29.9455,30.0803
29093,16111,2016-02-01 09:45:00.000000 UTC,55030,29.946,31.025
16111,39261,2016-02-08 23:45:00.000000 UTC,3670,29.946,29.7315
28255,29093,2016-02-23 00:46:40.000000 UTC,37870,29.9462,29.8027
16111,28255,2016-02-06 17:35:00.000000 UTC,3370,29.9464,29.7629
39261,16111,2016-02-14 05:46:40.000000 UTC,8650,29.9467,30.1552
28255,16111,2016-02-20 14:16:40.000000 UTC,45670,29.9468,30.5113
39261,28255,2016-02-14 20:46:40.000000 UTC,9850,29.9471,29.8457
28255,29093,2016-02-19 23:16:40.000000 UTC,15130,29.9471,28.0958
28255,29093,2016-02-20 00:50:00.000000 UTC,46810,29.9473,30.5294
28255,39261,2016-02-22 19:45:00.000000 UTC,12070,29.9474,27.2197
39261,16111,2016-02-13 18:20:00.000000 UTC,22030,29.9476,29.1839
28255,29093,2016-02-23 16:31:40.000000 UTC,25270,29.9476,28.7095
16111,29093,2016-02-06 17:55:00.000000 UTC,59470,29.9478,31.2587
39261,28255,2016-02-14 02:45:00.000000 UTC,3790,29.9481,29.994
39261,16111,2016-02-14 19:00:00.000000 UTC,44710,29.9481,30.654
29093,16111,2016-02-04 15:46:40.000000 UTC,31810,29.9483,30.2495
16111,29093,2016-02-08 10:45:00.000000 UTC,38050,29.9483,30.7725
39261,28255,2016-02-12 16:50:00.000000 UTC,1450,29.9484,29.9849
28255,39261,2016-02-23 08:31:40.000000 UTC,18250,29.9484,28.3954
39261,16111,2016-02-12 11:00:00.000000 UTC,43510,29.9485,29.2166
29093,39261,2016-02-04 18:00:00.000000 UTC,47650,29.9487,30.1447
29093,28255,2016-02-06 14:45:00.000000 UTC,14290,29.9487,29.0036
28255,39261,2016-02-18 11:31:40.000000 UTC,4510,29.9487,29.9446
29093,16111,2016-02-05 05:31:40.000000 UTC,15550,29.9489,28.1758
39261,28255,2016-02-13 01:40:00.000000 UTC,4270,29.9489,29.9669
16111,39261,2016-02-07 23:31:40.000000 UTC,2890,29.9493,29.6612
28255,39261,2016-02-18 08:45:00.000000 UTC,48910,29.9493,29.6379
28255,39261,2016-02-18 05:05:00.000000 UTC,42790,29.9494,29.2924
16111,39261,2016-02-10 02:46:40.000000 UTC,17650,29.9499,29.2598
28255,39261,2016-02-18 07:50:00.000000 UTC,25270,29.95,27.9944
28255,39261,2016-02-19 15:55:00.000000 UTC,5110,29.9501,29.9563
16111,28255,2016-02-09 03:16:40.000000 UTC,3430,29.9502,29.9485
28255,39261,2016-02-18 07:01:40.000000 UTC,29110,29.9503,29.3164
28255,16111,2016-02-19 04:25:00.000000 UTC,19690,29.9505,29.9603
28255,16111,2016-02-18 19:10:00.000000 UTC,1390,29.9507,29.9567
28255,39261,2016-02-23 16:31:40.000000 UTC,29770,29.9507,29.7808
28255,16111,2016-02-20 05:40:00.000000 UTC,25030,29.9509,29.6937
16111,28255,2016-02-12 11:00:00.000000 UTC,6910,29.9512,28.8371
28255,29093,2016-02-19 18:46:40.000000 UTC,3310,29.9512,29.8589
29093,39261,2016-02-02 14:16:40.000000 UTC,2950,29.9514,29.9567
28255,29093,2016-02-18 06:01:40.000000 UTC,6250,29.9514,28.9849
39261,29093,2016-02-12 18:01:40.000000 UTC,1630,29.9517,29.9805
28255,39261,2016-02-21 01:31:40.000000 UTC,21850,29.9518,28.5832
16111,28255,2016-02-11 03:50:00.000000 UTC,3610,29.9519,30.3475
39261,29093,2016-02-13 05:30:00.000000 UTC,14590,29.9522,30.0722
39261,28255,2016-02-12 23:55:00.000000 UTC,12550,29.9523,29.0302
29093,39261,2016-02-02 12:50:00.000000 UTC,15010,29.9525,30.1885
28255,29093,2016-02-23 13:50:00.000000 UTC,25690,29.953,29.0786
16111,39261,2016-02-08 13:50:00.000000 UTC,2110,29.9531,26.4038
28255,29093,2016-02-22 17:16:40.000000 UTC,6370,29.9531,29.6358
28255,39261,2016-02-23 11:10:00.000000 UTC,12730,29.9531,27.2147
16111,29093,2016-02-09 10:40:00.000000 UTC,38530,29.9533,30.6094
16111,39261,2016-02-08 17:01:40.000000 UTC,32290,29.9535,29.0837
16111,39261,2016-02-10 16:01:40.000000 UTC,37630,29.9537,29.5859
28255,16111,2016-02-19 13:10:00.000000 UTC,50830,29.954,29.7839
29093,16111,2016-02-03 13:25:00.000000 UTC,27250,29.9543,29.6659
16111,39261,2016-02-07 07:16:40.000000 UTC,2950,29.9543,29.9705
28255,16111,2016-02-18 21:01:40.000000 UTC,3790,29.9545,29.9414
39261,29093,2016-02-15 04:10:00.000000 UTC,59350,29.9548,31.1546
16111,39261,2016-02-08 12:16:40.000000 UTC,7090,29.9558,28.8135
39261,29093,2016-02-13 21:01:40.000000 UTC,20950,29.9558,28.8671
16111,29093,2016-02-11 21:31:40.000000 UTC,2110,29.9566,30.0465
16111,28255,2016-02-08 18:40:00.000000 UTC,3130,29.9568,29.775
39261,16111,2016-02-14 08:55:00.000000 UTC,25750,29.9568,29.1089
28255,39261,2016-02-19 21:45:00.000000 UTC,5290,29.9568,29.9661
39261,29093,2016-02-16 02:46:40.000000 UTC,53950,29.957,30.9259
29093,28255,2016-02-01 07:40:00.000000 UTC,3490,29.9572,29.9902
28255,39261,2016-02-21 09:35:00.000000 UTC,15070,29.9572,29.907
28255,16111,2016-02-22 07:40:00.000000 UTC,2710,29.9576,29.8448
28255,16111,2016-02-22 05:20:00.000000 UTC,550,29.9578,29.9829
29093,16111,2016-02-02 21:55:00.000000 UTC,37630,29.958,30.9252
29093,39261,2016-02-01 13:46:40.000000 UTC,3070,29.9581,30.0178
39261,28255,2016-02-15 16:05:00.000000 UTC,31750,29.9582,28.9498
28255,16111,2016-02-18 15:46:40.000000 UTC,2470,29.9583,26.1585
28255,29093,2016-02-22 00:45:00.000000 UTC,20110,29.9584,29.6967
28255,29093,2016-02-18 04:46:40.000000 UTC,12190,29.9586,28.7807
39261,16111,2016-02-12 12:50:00.000000 UTC,52510,29.9587,30.3517
39261,28255,2016-02-14 04:15:00.000000 UTC,16030,29.959,30.0347
28255,29093,2016-02-21 01:31:40.000000 UTC,2650,29.9591,30.0288
39261,16111,2016-02-14 05:46:40.000000 UTC,30190,29.9594,28.9844
28255,39261,2016-02-20 19:46:40.000000 UTC,31690,29.9594,29.1965
28255,39261,2016-02-23 03:20:00.000000 UTC,10390,29.9595,30.0686
39261,16111,2016-02-13 07:35:00.000000 UTC,8770,29.96,30.1264
29093,39261,2016-02-01 09:01:40.000000 UTC,8950,29.9601,29.5612
39261,28255,2016-02-13 23:50:00.000000 UTC,4390,29.9601,30.1359
16111,29093,2016-02-07 17:25:00.000000 UTC,5410,29.9603,29.0866
16111,39261,2016-02-07 06:25:00.000000 UTC,2650,29.9606,29.8557
39261,16111,2016-02-14 17:15:00.000000 UTC,50110,29.9614,30.6667
29093,39261,2016-02-06 17:30:00.000000 UTC,3790,29.9616,29.9809
39261,29093,2016-02-17 23:01:40.000000 UTC,3430,29.9616,29.9594
28255,29093,2016-02-22 10:01:40.000000 UTC,46570,29.9616,30.3494
16111,29093,2016-02-07 04:46:40.000000 UTC,26710,29.9618,30.3914
28255,39261,2016-02-23 05:55:00.000000 UTC,11770,29.962,29.1586
39261,29093,2016-02-13 15:45:00.000000 UTC,56590,29.9621,30.7576
28255,16111,2016-02-18 09:15:00.000000 UTC,46390,29.9621,30.5903
16111,39261,2016-02-07 04:00:00.000000 UTC,8770,29.9624,29.984
39261,28255,2016-02-12 23:05:00.000000 UTC,12490,29.9625,29.2092
16111,29093,2016-02-07 09:05:00.000000 UTC,5290,29.9627,28.6334
16111,28255,2016-02-12 11:00:00.000000 UTC,47830,29.9629,30.4557
39261,29093,2016-02-12 16:16:40.000000 UTC,29890,29.9631,29.1371
39261,29093,2016-02-13 06:31:40.000000 UTC,2770,29.9632,30.0161
28255,29093,2016-02-19 23:16:40.000000 UTC,47110,29.9634,30.4875
39261,29093,2016-02-15 10:00:00.000000 UTC,53950,29.9635,28.5846
29093,39261,2016-02-05 00:50:00.000000 UTC,19930,29.9636,28.2805
29093,16111,2016-02-06 04:01:40.000000 UTC,20290,29.9637,29.0698
28255,39261,2016-02-21 20:16:40.000000 UTC,15550,29.964,29.7475
16111,39261,2016-02-06 21:16:40.000000 UTC,19990,29.9641,28.7874
29093,39261,2016-02-03 08:00:00.000000 UTC,14410,29.9642,30.051
28255,16111,2016-02-21 18:05:00.000000 UTC,24310,29.9642,28.7214
16111,28255,2016-02-07 14:05:00.000000 UTC,2350,29.9643,30.0063
28255,29093,2016-02-22 10:01:40.000000 UTC,14530,29.9643,28.6514
28255,29093,2016-02-22 19:45:00.000000 UTC,55750,29.9645,30.2878
29093,28255,2016-02-05 20:16:40.000000 UTC,2590,29.9646,29.8212
29093,28255,2016-02-06 04:01:40.000000 UTC,3670,29.9647,29.9705
39261,29093,2016-02-15 02:16:40.000000 UTC,16270,29.9649,28.5965
29093,39261,2016-02-03 08:00:00.000000 UTC,15370,29.9653,28.6888
28255,39261,2016-02-22 10:01:40.000000 UTC,3190,29.9654,29.5489
39261,16111,2016-02-12 13:31:40.000000 UTC,2590,29.9659,29.9988
29093,28255,2016-02-01 05:16:40.000000 UTC,3490,29.9661,30.2824
28255,16111,2016-02-19 00:01:40.000000 UTC,3430,29.9662,29.9508
28255,16111,2016-02-21 15:55:00.000000 UTC,45490,29.9663,30.447
39261,16111,2016-02-14 08:55:00.000000 UTC,52150,29.9669,30.4576
29093,16111,2016-02-03 02:50:00.000000 UTC,5590,29.967,28.7036
29093,16111,2016-02-01 02:10:00.000000 UTC,28510,29.9671,30.1836
29093,39261,2016-02-01 07:40:00.000000 UTC,21250,29.9671,28.3057
28255,29093,2016-02-19 13:10:00.000000 UTC,3490,29.9672,29.9651
16111,29093,2016-02-08 03:31:40.000000 UTC,5710,29.9673,28.888
29093,39261,2016-02-04 20:15:00.000000 UTC,1150,29.9675,29.9534
39261,29093,2016-02-17 23:01:40.000000 UTC,54250,29.9676,30.3185
29093,39261,2016-02-01 22:46:40.000000 UTC,7030,29.9678,28.7377
28255,29093,2016-02-20 14:16:40.000000 UTC,49810,29.9678,30.6213
28255,29093,2016-02-20 00:50:00.000000 UTC,46750,29.9681,30.4529
29093,39261,2016-02-01 15:35:00.000000 UTC,51610,29.9682,30.6218
28255,39261,2016-02-18 21:01:40.000000 UTC,4750,29.9682,29.9738
28255,39261,2016-02-23 03:20:00.000000 UTC,3910,29.9684,29.9467
29093,39261,2016-02-01 04:45:00.000000 UTC,48730,29.9686,30.4232
28255,29093,2016-02-18 15:46:40.000000 UTC,15430,29.9686,29.0266
29093,39261,2016-02-02 20:20:00.000000 UTC,3790,29.9688,29.9918
16111,29093,2016-02-06 23:20:00.000000 UTC,2410,29.9692,28.9525
39261,28255,2016-02-13 15:45:00.000000 UTC,4090,29.9692,29.9719
39261,28255,2016-02-17 20:20:00.000000 UTC,4930,29.9693,29.9808
29093,39261,2016-02-02 07:20:00.000000 UTC,44710,29.9696,30.0725
16111,28255,2016-02-06 17:55:00.000000 UTC,2410,29.9696,30.1084
28255,39261,2016-02-18 16:35:00.000000 UTC,4630,29.9698,29.9644
16111,29093,2016-02-07 08:10:00.000000 UTC,54370,29.9701,31.4518
16111,28255,2016-02-07 23:31:40.000000 UTC,3070,29.9701,29.9906
28255,16111,2016-02-18 07:50:00.000000 UTC,23830,29.9701,29.1858
29093,28255,2016-02-01 02:31:40.000000 UTC,55990,29.9703,30.0988
29093,39261,2016-02-06 09:20:00.000000 UTC,2530,29.9703,30.0368
39261,29093,2016-02-12 23:55:00.000000 UTC,26170,29.9705,29.1482
28255,29093,2016-02-22 07:40:00.000000 UTC,52750,29.9705,30.6033
29093,28255,2016-02-02 08:40:00.000000 UTC,46330,29.971,29.4616
39261,28255,2016-02-15 18:10:00.000000 UTC,13930,29.9712,29.1826
39261,28255,2016-02-13 06:31:40.000000 UTC,4210,29.9713,29.9928
28255,29093,2016-02-18 07:25:00.000000 UTC,5770,29.9713,29.4073
39261,29093,2016-02-17 07:16:40.000000 UTC,58570,29.9714,31.2678
39261,16111,2016-02-17 12:25:00.000000 UTC,27790,29.9715,29.9219
29093,39261,2016-02-02 12:50:00.000000 UTC,51190,29.9716,30.9002
28255,16111,2016-02-20 02:25:00.000000 UTC,3250,29.9716,29.9569
28255,39261,2016-02-19 23:16:40.000000 UTC,2470,29.9717,29.2599
16111,29093,2016-02-12 05:31:40.000000 UTC,40330,29.9718,30.7527
39261,28255,2016-02-12 20:45:00.000000 UTC,4390,29.9718,29.9957
28255,39261,2016-02-18 07:01:40.000000 UTC,4450,29.9719,29.9607
16111,29093,2016-02-09 14:31:40.000000 UTC,55690,29.9721,31.3638
28255,16111,2016-02-22 10:01:40.000000 UTC,47110,29.9721,30.5889
39261,28255,2016-02-13 17:01:40.000000 UTC,4090,29.9725,30.0749
28255,39261,2016-02-18 05:45:00.000000 UTC,4450,29.9727,29.99
28255,16111,2016-02-18 08:16:40.000000 UTC,46390,29.9729,30.2323
16111,28255,2016-02-06 17:35:00.000000 UTC,15790,29.9731,28.7915
16111,29093,2016-02-08 02:10:00.000000 UTC,43750,29.9738,31.3015
16111,28255,2016-02-07 01:50:00.000000 UTC,23350,29.9739,29.5884
16111,29093,2016-02-08 09:15:00.000000 UTC,43270,29.9741,30.3275
28255,29093,2016-02-18 08:16:40.000000 UTC,5950,29.9748,28.6694
28255,39261,2016-02-20 12:30:00.000000 UTC,2470,29.975,29.9078
29093,39261,2016-02-02 07:20:00.000000 UTC,49570,29.9752,30.5652
28255,39261,2016-02-20 05:40:00.000000 UTC,2350,29.9755,29.9532
16111,29093,2016-02-09 06:55:00.000000 UTC,49870,29.9757,31.2656
39261,16111,2016-02-13 03:31:40.000000 UTC,3550,29.9758,29.9847
29093,28255,2016-02-05 22:50:00.000000 UTC,3130,29.9764,29.8776
16111,28255,2016-02-08 17:01:40.000000 UTC,31750,29.9764,30.1891
39261,16111,2016-02-16 05:00:00.000000 UTC,13990,29.9764,29.5111
28255,16111,2016-02-23 03:20:00.000000 UTC,5650,29.9764,29.0073
39261,29093,2016-02-15 14:01:40.000000 UTC,7570,29.9766,29.6894
39261,28255,2016-02-15 04:10:00.000000 UTC,45850,29.9767,29.6554
28255,16111,2016-02-19 17:20:00.000000 UTC,4330,29.9768,29.9503
28255,29093,2016-02-22 03:01:40.000000 UTC,14650,29.9769,29.9063
28255,39261,2016-02-22 12:25:00.000000 UTC,3790,29.9769,29.9454
39261,29093,2016-02-12 20:45:00.000000 UTC,4030,29.977,29.9726
28255,39261,2016-02-19 06:46:40.000000 UTC,1870,29.9771,29.9674
29093,39261,2016-02-01 12:05:00.000000 UTC,8830,29.9778,30.0084
28255,39261,2016-02-20 09:01:40.000000 UTC,42850,29.9778,28.5807
28255,29093,2016-02-20 14:16:40.000000 UTC,17650,29.9778,28.5536
29093,28255,2016-02-02 14:16:40.000000 UTC,3610,29.9785,30.0101
28255,29093,2016-02-23 19:15:00.000000 UTC,45610,29.9785,30.4264
39261,28255,2016-02-17 09:50:00.000000 UTC,31570,29.9788,29.5778
28255,16111,2016-02-21 22:30:00.000000 UTC,3970,29.9794,29.9788
28255,39261,2016-02-22 12:25:00.000000 UTC,3610,29.9796,29.9251
29093,16111,2016-02-01 02:55:00.000000 UTC,17950,29.9798,28.5356
16111,39261,2016-02-06 17:30:00.000000 UTC,35650,29.98,30.4419
28255,39261,2016-02-19 06:46:40.000000 UTC,4990,29.98,29.9989
28255,39261,2016-02-18 15:00:00.000000 UTC,43330,29.9802,29.0804
28255,29093,2016-02-19 10:31:40.000000 UTC,49510,29.9805,30.2927
29093,16111,2016-02-05 17:45:00.000000 UTC,2110,29.9808,30.1504
39261,29093,2016-02-12 22:16:40.000000 UTC,3850,29.9813,29.9886
16111,39261,2016-02-07 04:00:00.000000 UTC,27790,29.9814,29.1823
28255,16111,2016-02-20 05:40:00.000000 UTC,15670,29.9814,28.7724
28255,39261,2016-02-21 05:30:00.000000 UTC,21070,29.9815,29.7905
29093,39261,2016-02-05 10:20:00.000000 UTC,3550,29.9816,29.7672
28255,39261,2016-02-18 05:45:00.000000 UTC,12670,29.9816,29.263
16111,29093,2016-02-08 13:50:00.000000 UTC,43630,29.9818,30.7802
39261,16111,2016-02-12 22:16:40.000000 UTC,7150,29.9826,28.9219
28255,29093,2016-02-18 14:15:00.000000 UTC,2650,29.9828,29.5563
39261,16111,2016-02-12 15:45:00.000000 UTC,46210,29.9829,30.3455
16111,29093,2016-02-12 05:31:40.000000 UTC,40510,29.983,30.9869
28255,39261,2016-02-18 12:10:00.000000 UTC,4570,29.9831,29.9697
28255,29093,2016-02-20 21:40:00.000000 UTC,36550,29.9837,29.3139
16111,28255,2016-02-08 13:50:00.000000 UTC,38110,29.984,29.222
29093,28255,2016-02-05 17:45:00.000000 UTC,3250,29.9845,29.9131
29093,16111,2016-02-01 03:20:00.000000 UTC,12010,29.9849,29.6692
39261,28255,2016-02-17 17:40:00.000000 UTC,1870,29.9851,29.9966
28255,39261,2016-02-23 13:50:00.000000 UTC,4150,29.9851,29.9714
16111,39261,2016-02-07 04:46:40.000000 UTC,2590,29.9853,30.1151
29093,16111,2016-02-01 05:16:40.000000 UTC,20770,29.9856,28.2002
39261,28255,2016-02-13 13:16:40.000000 UTC,4810,29.9858,30.2989
39261,29093,2016-02-14 07:20:00.000000 UTC,3130,29.9858,29.8658
39261,28255,2016-02-17 23:01:40.000000 UTC,4810,29.9858,30.0215
16111,28255,2016-02-11 16:20:00.000000 UTC,4810,29.986,30.0728
28255,39261,2016-02-18 06:40:00.000000 UTC,4450,29.986,29.9895
39261,28255,2016-02-14 19:00:00.000000 UTC,33190,29.9866,29.6485
39261,29093,2016-02-13 06:31:40.000000 UTC,2890,29.987,29.8823
28255,39261,2016-02-21 03:30:00.000000 UTC,9130,29.9871,29.675
28255,39261,2016-02-19 13:10:00.000000 UTC,19690,29.9872,29.8056
39261,29093,2016-02-12 13:10:00.000000 UTC,2230,29.9874,30.0458
39261,29093,2016-02-17 12:25:00.000000 UTC,2050,29.9876,30.0053
39261,29093,2016-02-18 01:45:00.000000 UTC,3310,29.9877,30.1461
29093,16111,2016-02-05 05:31:40.000000 UTC,41710,29.9879,30.8079
28255,29093,2016-02-20 16:05:00.000000 UTC,32770,29.988,30.0888
28255,39261,2016-02-19 08:00:00.000000 UTC,4990,29.9881,29.9737
28255,29093,2016-02-18 08:16:40.000000 UTC,26110,29.9883,28.7882
39261,28255,2016-02-17 20:20:00.000000 UTC,24370,29.9886,29.9638
28255,29093,2016-02-23 00:46:40.000000 UTC,3730,29.9887,29.977
39261,16111,2016-02-12 12:50:00.000000 UTC,3430,29.9894,29.821
28255,16111,2016-02-19 17:20:00.000000 UTC,50470,29.9898,30.7677
29093,28255,2016-02-01 15:35:00.000000 UTC,30430,29.9899,29.8721
39261,16111,2016-02-15 22:25:00.000000 UTC,15910,29.9899,29.1013
29093,16111,2016-02-02 01:05:00.000000 UTC,11770,29.99,28.7863
39261,28255,2016-02-13 05:30:00.000000 UTC,4270,29.99,29.9992
29093,28255,2016-02-03 11:35:00.000000 UTC,3010,29.9901,30.1462
29093,39261,2016-02-04 11:25:00.000000 UTC,3730,29.9906,29.8049
39261,29093,2016-02-15 18:10:00.000000 UTC,22810,29.991,30.135
39261,16111,2016-02-15 04:10:00.000000 UTC,3550,29.9911,29.8193
28255,39261,2016-02-18 10:20:00.000000 UTC,13090,29.9912,28.8641
29093,39261,2016-02-02 11:25:00.000000 UTC,3370,29.9915,29.8855
39261,28255,2016-02-14 22:35:00.000000 UTC,15370,29.9916,29.9322
39261,16111,2016-02-12 23:05:00.000000 UTC,55090,29.9917,29.7134
29093,39261,2016-02-05 12:46:40.000000 UTC,3130,29.9918,30.101
39261,29093,2016-02-13 02:35:00.000000 UTC,31750,29.9918,30.046
39261,16111,2016-02-14 01:16:40.000000 UTC,17050,29.9919,27.8705
39261,28255,2016-02-15 04:10:00.000000 UTC,32650,29.9919,29.5663
29093,16111,2016-02-01 02:55:00.000000 UTC,1390,29.9922,30.0142
29093,39261,2016-02-01 04:45:00.000000 UTC,38290,29.9923,29.1881
28255,29093,2016-02-23 05:55:00.000000 UTC,3130,29.9924,29.9827
39261,28255,2016-02-13 09:46:40.000000 UTC,4150,29.9925,29.9777
29093,39261,2016-02-05 10:20:00.000000 UTC,50470,29.9926,30.2511
28255,39261,2016-02-19 13:10:00.000000 UTC,5110,29.9926,29.9676
29093,39261,2016-02-01 09:45:00.000000 UTC,21550,29.9927,28.9397
16111,29093,2016-02-07 11:00:00.000000 UTC,48430,29.993,30.6091
39261,29093,2016-02-17 12:25:00.000000 UTC,18850,29.993,29.4902
39261,29093,2016-02-14 12:10:00.000000 UTC,47170,29.9931,30.1046
28255,29093,2016-02-18 14:15:00.000000 UTC,19210,29.9931,28.6441
39261,28255,2016-02-12 15:45:00.000000 UTC,4510,29.9933,30.0178
28255,29093,2016-02-18 06:01:40.000000 UTC,34210,29.9933,29.1778
16111,39261,2016-02-06 20:01:40.000000 UTC,47890,29.9949,30.2083
16111,29093,2016-02-06 22:15:00.000000 UTC,10510,29.9949,28.8933
28255,29093,2016-02-18 04:31:40.000000 UTC,27910,29.9953,30.2427
29093,39261,2016-02-01 09:01:40.000000 UTC,2830,29.9954,29.7663
29093,16111,2016-02-03 04:31:40.000000 UTC,36910,29.9957,29.892
16111,28255,2016-02-08 20:20:00.000000 UTC,50050,29.996,30.7246
39261,16111,2016-02-14 15:31:40.000000 UTC,50410,29.9961,30.4015
28255,16111,2016-02-19 06:46:40.000000 UTC,47170,29.9961,30.6194
28255,29093,2016-02-18 04:55:00.000000 UTC,28810,29.9963,29.2899
28255,39261,2016-02-22 19:45:00.000000 UTC,9970,29.9965,29.9748
28255,39261,2016-02-18 10:55:00.000000 UTC,4570,29.9967,30.0096
16111,29093,2016-02-07 15:10:00.000000 UTC,48730,29.9969,31.0655
16111,39261,2016-02-12 11:00:00.000000 UTC,21730,29.997,28.8299
29093,28255,2016-02-01 12:55:00.000000 UTC,52390,29.9972,30.454
16111,28255,2016-02-10 18:20:00.000000 UTC,5710,29.9973,25.3337
28255,29093,2016-02-19 18:46:40.000000 UTC,9790,29.9975,29.5766
29093,16111,2016-02-01 20:35:00.000000 UTC,22750,29.9976,29.5741
39261,29093,2016-02-15 02:16:40.000000 UTC,20530,29.9976,30.1219
39261,16111,2016-02-14 20:46:40.000000 UTC,54250,29.9977,29.7361
29093,16111,2016-02-04 09:16:40.000000 UTC,2650,29.998,29.8902
16111,28255,2016-02-11 03:50:00.000000 UTC,3550,29.9984,30.3158
39261,16111,2016-02-15 02:16:40.000000 UTC,2830,29.9984,29.9199
28255,16111,2016-02-19 05:35:00.000000 UTC,2710,29.9995,30.0266
29093,16111,2016-02-03 01:10:00.000000 UTC,3130,29.9999,29.9916
39261,28255,2016-02-13 10:55:00.000000 UTC,4270,30,30.0299
28255,29093,2016-02-18 15:46:40.000000 UTC,47770,30,30.5449
29093,39261,2016-02-01 01:15:00.000000 UTC,43150,30.0007,29.8092
16111,29093,2016-02-07 02:31:40.000000 UTC,2830,30.0007,29.9257
28255,29093,2016-02-21 22:30:00.000000 UTC,11350,30.0009,28.3248
29093,28255,2016-02-01 01:31:40.000000 UTC,33670,30.001,29.4528
16111,28255,2016-02-08 20:20:00.000000 UTC,3430,30.001,29.861
39261,29093,2016-02-13 06:31:40.000000 UTC,3490,30.0011,29.8569
39261,16111,2016-02-15 14:01:40.000000 UTC,7150,30.0012,28.9487
28255,16111,2016-02-21 15:55:00.000000 UTC,45430,30.0017,30.3526
28255,16111,2016-02-22 10:01:40.000000 UTC,47050,30.0017,30.511
39261,28255,2016-02-14 22:35:00.000000 UTC,2530,30.0018,28.8196
29093,28255,2016-02-01 12:55:00.000000 UTC,1210,30.002,29.9991
39261,29093,2016-02-13 03:31:40.000000 UTC,54190,30.0027,31.1634
28255,16111,2016-02-18 04:35:00.000000 UTC,7990,30.0028,29.6125
16111,29093,2016-02-09 01:30:00.000000 UTC,32170,30.0031,29.4359
39261,16111,2016-02-16 11:50:00.000000 UTC,7030,30.0034,28.8641
16111,29093,2016-02-06 20:25:00.000000 UTC,21730,30.0035,28.908
28255,29093,2016-02-22 12:25:00.000000 UTC,34570,30.0038,29.5611
28255,29093,2016-02-20 21:40:00.000000 UTC,26350,30.0041,29.3296
29093,28255,2016-02-05 00:50:00.000000 UTC,3970,30.0049,30.0363
29093,28255,2016-02-04 13:35:00.000000 UTC,3250,30.005,29.9413
29093,28255,2016-02-02 14:16:40.000000 UTC,17890,30.0051,28.9286
39261,29093,2016-02-14 07:20:00.000000 UTC,8590,30.0052,30.0497
39261,28255,2016-02-13 19:40:00.000000 UTC,3910,30.0054,29.8966
39261,16111,2016-02-12 13:31:40.000000 UTC,3190,30.0059,29.8654
29093,16111,2016-02-02 20:20:00.000000 UTC,5770,30.0062,28.69
16111,29093,2016-02-07 04:46:40.000000 UTC,53950,30.0063,30.8407
16111,29093,2016-02-08 09:15:00.000000 UTC,37810,30.0063,30.4618
39261,28255,2016-02-14 02:45:00.000000 UTC,3850,30.0064,30.0408
16111,28255,2016-02-10 18:20:00.000000 UTC,20770,30.0065,29.1376
39261,16111,2016-02-14 01:16:40.000000 UTC,54310,30.0065,30.8162
29093,39261,2016-02-01 11:16:40.000000 UTC,3310,30.0068,29.8732
29093,39261,2016-02-04 20:15:00.000000 UTC,24250,30.0078,29.5967
28255,16111,2016-02-18 04:46:40.000000 UTC,2710,30.0079,30.0336
29093,39261,2016-02-02 10:01:40.000000 UTC,2710,30.0081,30.0315
29093,16111,2016-02-01 14:40:00.000000 UTC,3610,30.0082,29.9978
39261,29093,2016-02-17 20:20:00.000000 UTC,32350,30.0082,29.6648
16111,29093,2016-02-07 19:46:40.000000 UTC,5590,30.0086,28.6258
39261,28255,2016-02-14 01:16:40.000000 UTC,4990,30.0087,29.8384
39261,28255,2016-02-14 07:20:00.000000 UTC,4570,30.0091,29.9353
28255,16111,2016-02-20 19:46:40.000000 UTC,17710,30.0091,29.6531
39261,16111,2016-02-17 04:45:00.000000 UTC,19270,30.0097,28.7121
16111,28255,2016-02-07 16:16:40.000000 UTC,2170,30.0098,29.9962
28255,29093,2016-02-20 14:16:40.000000 UTC,11830,30.0098,29.0667
29093,16111,2016-02-03 13:25:00.000000 UTC,36790,30.0101,30.2183
39261,16111,2016-02-13 00:46:40.000000 UTC,4030,30.0103,30.0201
39261,28255,2016-02-16 05:00:00.000000 UTC,36730,30.0105,28.1144
28255,16111,2016-02-18 10:20:00.000000 UTC,19990,30.0105,28.123
28255,39261,2016-02-22 14:50:00.000000 UTC,4390,30.0109,29.7104
29093,28255,2016-02-01 13:46:40.000000 UTC,4150,30.011,30.0185
16111,28255,2016-02-08 23:45:00.000000 UTC,22390,30.0111,29.5217
16111,39261,2016-02-08 02:10:00.000000 UTC,8710,30.0113,30.2083
39261,28255,2016-02-13 17:01:40.000000 UTC,4150,30.0114,30.1216
16111,39261,2016-02-07 06:25:00.000000 UTC,3910,30.0119,29.8306
39261,16111,2016-02-12 11:00:00.000000 UTC,2890,30.0119,30.0562
29093,16111,2016-02-02 17:15:00.000000 UTC,17230,30.0123,27.6752
29093,28255,2016-02-05 20:16:40.000000 UTC,3010,30.0123,30.1741
39261,29093,2016-02-14 01:16:40.000000 UTC,59830,30.0125,30.5599
16111,39261,2016-02-08 04:55:00.000000 UTC,3070,30.0126,30.0222
29093,16111,2016-02-02 14:16:40.000000 UTC,3310,30.0135,30.0216
29093,28255,2016-02-02 15:45:00.000000 UTC,3790,30.0135,30.0587
39261,16111,2016-02-12 11:46:40.000000 UTC,8770,30.0137,30.0634
39261,29093,2016-02-15 22:25:00.000000 UTC,3670,30.0139,30.0035
28255,29093,2016-02-23 03:20:00.000000 UTC,54370,30.0142,30.5814
39261,28255,2016-02-13 00:46:40.000000 UTC,21970,30.0147,27.6033
39261,29093,2016-02-17 20:20:00.000000 UTC,3790,30.0147,30.0443
16111,29093,2016-02-07 13:01:40.000000 UTC,42910,30.0151,30.6205
28255,29093,2016-02-18 18:16:40.000000 UTC,31990,30.0153,28.7658
39261,16111,2016-02-12 14:46:40.000000 UTC,1750,30.0156,30.1439
28255,39261,2016-02-23 05:55:00.000000 UTC,10450,30.0158,30.0309
29093,39261,2016-02-01 21:40:00.000000 UTC,24430,30.0159,29.3289
28255,29093,2016-02-18 05:16:40.000000 UTC,49930,30.0159,30.8416
16111,28255,2016-02-08 04:55:00.000000 UTC,12310,30.0161,28.8824
39261,28255,2016-02-13 01:40:00.000000 UTC,4330,30.0165,30.043
28255,29093,2016-02-20 19:46:40.000000 UTC,3370,30.0165,29.9937
16111,28255,2016-02-07 09:05:00.000000 UTC,47530,30.0168,30.4704
28255,16111,2016-02-19 17:20:00.000000 UTC,12670,30.0169,29.3136
39261,16111,2016-02-12 11:35:00.000000 UTC,53170,30.0171,30.946
28255,29093,2016-02-18 15:46:40.000000 UTC,47590,30.0171,30.2835
28255,16111,2016-02-20 14:16:40.000000 UTC,56830,30.0171,30.788
29093,39261,2016-02-01 11:16:40.000000 UTC,8650,30.0172,30.0924
28255,39261,2016-02-23 22:00:00.000000 UTC,35590,30.0174,29.9435
39261,28255,2016-02-13 23:50:00.000000 UTC,57370,30.0175,29.7884
39261,29093,2016-02-14 12:10:00.000000 UTC,51370,30.0178,29.934
28255,39261,2016-02-22 22:15:00.000000 UTC,3850,30.0179,29.9911
29093,39261,2016-02-02 10:01:40.000000 UTC,45610,30.0181,29.6868
28255,29093,2016-02-18 21:01:40.000000 UTC,52150,30.0182,30.2922
28255,39261,2016-02-18 12:10:00.000000 UTC,47110,30.0184,29.0346
28255,39261,2016-02-19 17:20:00.000000 UTC,5170,30.0192,29.9981
16111,28255,2016-02-07 23:31:40.000000 UTC,3490,30.0194,30.2724
29093,39261,2016-02-02 11:25:00.000000 UTC,14890,30.0196,30.0498
28255,39261,2016-02-18 22:00:00.000000 UTC,4810,30.02,30.021
16111,28255,2016-02-09 01:30:00.000000 UTC,3370,30.0202,30.1321
39261,28255,2016-02-13 22:25:00.000000 UTC,4030,30.0202,30.029
16111,39261,2016-02-08 13:50:00.000000 UTC,47830,30.0203,30.4663
39261,29093,2016-02-12 13:10:00.000000 UTC,30670,30.0204,28.9409
39261,28255,2016-02-14 15:31:40.000000 UTC,52150,30.0204,30.0784
29093,28255,2016-02-04 18:00:00.000000 UTC,57970,30.0207,30.6075
28255,39261,2016-02-22 07:40:00.000000 UTC,4150,30.0211,29.7774
39261,28255,2016-02-17 20:20:00.000000 UTC,31810,30.0216,28.1053
28255,29093,2016-02-18 08:45:00.000000 UTC,3550,30.0216,30.0248
28255,16111,2016-02-23 19:15:00.000000 UTC,45070,30.0216,30.2547
28255,39261,2016-02-22 22:15:00.000000 UTC,27730,30.0218,29.1078
28255,39261,2016-02-23 05:55:00.000000 UTC,10390,30.022,30.0376
39261,29093,2016-02-13 04:30:00.000000 UTC,20530,30.0224,30.0627
39261,29093,2016-02-12 14:46:40.000000 UTC,4810,30.0228,30.0625
28255,16111,2016-02-20 00:50:00.000000 UTC,48730,30.0237,30.6695
28255,39261,2016-02-19 03:16:40.000000 UTC,4930,30.0238,30.015
39261,28255,2016-02-12 11:25:00.000000 UTC,1570,30.0239,29.987
29093,39261,2016-02-03 13:25:00.000000 UTC,2830,30.0243,29.9663
29093,39261,2016-02-02 01:05:00.000000 UTC,54910,30.0244,30.7532
39261,29093,2016-02-16 21:20:00.000000 UTC,48970,30.0247,29.8445
29093,39261,2016-02-01 19:31:40.000000 UTC,46450,30.0249,30.358
16111,39261,2016-02-11 11:15:00.000000 UTC,50290,30.0253,30.7232
16111,39261,2016-02-07 07:16:40.000000 UTC,51190,30.0254,30.4786
29093,28255,2016-02-01 00:01:40.000000 UTC,25450,30.0258,28.9171
16111,29093,2016-02-07 12:00:00.000000 UTC,11050,30.0258,28.4146
39261,28255,2016-02-13 23:50:00.000000 UTC,4090,30.0258,30.1164
28255,39261,2016-02-18 12:10:00.000000 UTC,4510,30.0263,29.8873
28255,39261,2016-02-18 16:35:00.000000 UTC,1570,30.0264,30.0273
16111,28255,2016-02-06 20:25:00.000000 UTC,4030,30.0267,29.7955
16111,28255,2016-02-09 08:46:40.000000 UTC,52150,30.0267,29.0339
28255,29093,2016-02-23 05:55:00.000000 UTC,48190,30.0273,30.334
16111,29093,2016-02-08 03:31:40.000000 UTC,22630,30.0276,28.5783
29093,28255,2016-02-01 08:20:00.000000 UTC,3430,30.0279,30.0455
16111,39261,2016-02-06 18:16:40.000000 UTC,12910,30.028,29.4536
39261,29093,2016-02-18 04:30:00.000000 UTC,2650,30.0282,30.1431
28255,29093,2016-02-19 21:45:00.000000 UTC,53170,30.0283,30.8003
28255,16111,2016-02-22 19:45:00.000000 UTC,24130,30.0283,28.7361
39261,16111,2016-02-13 06:31:40.000000 UTC,3130,30.0292,30.0258
28255,39261,2016-02-18 06:01:40.000000 UTC,12850,30.0293,28.881
16111,29093,2016-02-07 01:10:00.000000 UTC,54130,30.0294,31.4254
28255,29093,2016-02-20 10:45:00.000000 UTC,50530,30.0296,30.7203
16111,39261,2016-02-06 17:30:00.000000 UTC,48310,30.0301,30.5904
29093,39261,2016-02-02 03:30:00.000000 UTC,1930,30.0303,30.0771
28255,29093,2016-02-18 16:35:00.000000 UTC,15370,30.0303,28.928
29093,39261,2016-02-06 04:01:40.000000 UTC,42850,30.0309,30.0371
28255,16111,2016-02-22 10:01:40.000000 UTC,46990,30.0309,30.4226
28255,16111,2016-02-22 05:20:00.000000 UTC,31690,30.031,30.1857
16111,29093,2016-02-06 17:30:00.000000 UTC,48250,30.0313,31.1509
39261,29093,2016-02-12 11:00:00.000000 UTC,57730,30.0319,30.5888
28255,16111,2016-02-20 04:01:40.000000 UTC,53770,30.032,31
39261,29093,2016-02-12 13:31:40.000000 UTC,2170,30.0323,30.0632
28255,16111,2016-02-21 05:30:00.000000 UTC,14710,30.0323,29.8104
39261,16111,2016-02-12 11:46:40.000000 UTC,14410,30.0324,30.157
39261,16111,2016-02-14 08:55:00.000000 UTC,52330,30.0327,30.7771
29093,28255,2016-02-02 02:16:40.000000 UTC,2590,30.0328,30.0143
16111,29093,2016-02-09 05:05:00.000000 UTC,48970,30.0329,29.3965
39261,28255,2016-02-13 15:45:00.000000 UTC,4150,30.0329,30.0267
16111,28255,2016-02-07 19:46:40.000000 UTC,3550,30.033,29.8668
28255,29093,2016-02-18 07:25:00.000000 UTC,49210,30.0331,30.2827
29093,39261,2016-02-03 08:00:00.000000 UTC,8470,30.0335,30.0839
28255,16111,2016-02-19 09:15:00.000000 UTC,20410,30.0335,28.2424
39261,16111,2016-02-17 20:20:00.000000 UTC,2590,30.0336,30.0913
29093,39261,2016-02-02 14:16:40.000000 UTC,51490,30.0338,30.8549
39261,16111,2016-02-14 04:15:00.000000 UTC,20290,30.0339,30.1044
39261,28255,2016-02-12 11:16:40.000000 UTC,1570,30.034,30.0304
28255,39261,2016-02-19 00:01:40.000000 UTC,13930,30.0342,27.9651
28255,39261,2016-02-22 19:45:00.000000 UTC,10030,30.0344,29.984
29093,28255,2016-02-04 11:25:00.000000 UTC,55270,30.0346,30.4492
28255,16111,2016-02-19 02:10:00.000000 UTC,26110,30.035,30.1533
16111,39261,2016-02-07 06:25:00.000000 UTC,1930,30.0355,28.3449
28255,29093,2016-02-18 05:45:00.000000 UTC,21250,30.0356,29.5612
39261,28255,2016-02-12 20:45:00.000000 UTC,4450,30.0357,30.0724
29093,16111,2016-02-03 08:00:00.000000 UTC,59590,30.036,31.201
28255,39261,2016-02-18 07:25:00.000000 UTC,4510,30.0361,30.0213
28255,39261,2016-02-18 07:01:40.000000 UTC,4510,30.0362,30.0346
16111,29093,2016-02-11 06:16:40.000000 UTC,1870,30.0363,30.0311
28255,16111,2016-02-19 11:50:00.000000 UTC,57370,30.0365,31.1296
16111,39261,2016-02-06 19:01:40.000000 UTC,54010,30.0369,30.9775
39261,16111,2016-02-15 18:10:00.000000 UTC,31690,30.037,28.6707
29093,39261,2016-02-01 08:20:00.000000 UTC,2590,30.0374,30.0175
39261,29093,2016-02-13 03:31:40.000000 UTC,59770,30.0374,31.2296
16111,28255,2016-02-07 15:10:00.000000 UTC,21010,30.0379,28.5795
16111,29093,2016-02-07 23:31:40.000000 UTC,3250,30.0381,30.0266
39261,16111,2016-02-13 03:31:40.000000 UTC,21430,30.0384,30.277
39261,16111,2016-02-16 09:31:40.000000 UTC,4630,30.0387,30.0609
29093,39261,2016-02-06 17:30:00.000000 UTC,34150,30.0388,29.3981
39261,28255,2016-02-15 06:05:00.000000 UTC,9490,30.0388,29.8389
28255,39261,2016-02-20 12:30:00.000000 UTC,2410,30.0388,29.9535
39261,28255,2016-02-14 04:15:00.000000 UTC,9970,30.0393,30.058
39261,29093,2016-02-16 02:46:40.000000 UTC,3130,30.0394,30.0639
28255,29093,2016-02-22 07:40:00.000000 UTC,31990,30.0394,28.2764
39261,28255,2016-02-12 11:10:00.000000 UTC,1570,30.0395,30.059
29093,16111,2016-02-04 13:35:00.000000 UTC,2590,30.0397,29.892
39261,29093,2016-02-12 20:01:40.000000 UTC,18130,30.0402,27.9243
39261,16111,2016-02-13 08:40:00.000000 UTC,14470,30.0403,30.1566
29093,16111,2016-02-04 07:10:00.000000 UTC,2110,30.0404,28.3669
28255,16111,2016-02-18 15:46:40.000000 UTC,50530,30.0408,30.72
39261,16111,2016-02-12 18:01:40.000000 UTC,19450,30.041,28.5243
39261,16111,2016-02-12 23:05:00.000000 UTC,32770,30.0411,29.1889
39261,29093,2016-02-14 05:46:40.000000 UTC,3310,30.0414,30.0043
39261,28255,2016-02-16 05:00:00.000000 UTC,32710,30.0416,29.557
16111,28255,2016-02-08 03:31:40.000000 UTC,3730,30.0418,30.0864
39261,28255,2016-02-12 11:05:00.000000 UTC,1570,30.0419,30.0752
28255,29093,2016-02-18 09:15:00.000000 UTC,49030,30.0425,30.5066
39261,16111,2016-02-15 02:16:40.000000 UTC,21310,30.0427,28.8404
28255,16111,2016-02-20 12:30:00.000000 UTC,45910,30.0428,30.2567
39261,28255,2016-02-12 11:00:00.000000 UTC,1570,30.0429,30.0861
16111,39261,2016-02-08 09:15:00.000000 UTC,23530,30.043,30.0044
29093,28255,2016-02-01 02:31:40.000000 UTC,27130,30.0432,30.0341
16111,29093,2016-02-06 21:16:40.000000 UTC,2830,30.0433,29.9928
39261,28255,2016-02-12 16:16:40.000000 UTC,24670,30.0435,29.1918
29093,16111,2016-02-05 07:55:00.000000 UTC,41650,30.044,30.9489
28255,16111,2016-02-18 06:40:00.000000 UTC,46810,30.0443,30.3458
29093,39261,2016-02-06 17:30:00.000000 UTC,3850,30.0449,30.0605
28255,16111,2016-02-22 07:40:00.000000 UTC,21610,30.0451,27.6032
16111,29093,2016-02-07 08:10:00.000000 UTC,5110,30.0453,29.2299
29093,16111,2016-02-04 05:05:00.000000 UTC,10570,30.0455,28.3469
29093,28255,2016-02-06 17:30:00.000000 UTC,14830,30.0456,28.9954
29093,28255,2016-02-01 00:00:00.000000 UTC,15910,30.0458,28.4785
29093,39261,2016-02-01 05:16:40.000000 UTC,54970,30.0462,30.7967
29093,28255,2016-02-01 07:01:40.000000 UTC,3490,30.0463,30.2486
39261,29093,2016-02-16 02:46:40.000000 UTC,9070,30.0463,30.1319
28255,39261,2016-02-18 12:10:00.000000 UTC,4630,30.0465,30.0471
16111,29093,2016-02-10 18:20:00.000000 UTC,4150,30.0467,30.0463
16111,29093,2016-02-09 05:05:00.000000 UTC,3670,30.0468,30.0473
28255,29093,2016-02-19 18:46:40.000000 UTC,8950,30.0468,29.7772
28255,39261,2016-02-19 18:46:40.000000 UTC,5230,30.0471,30.02
28255,39261,2016-02-19 17:20:00.000000 UTC,32050,30.0472,29.422
39261,28255,2016-02-13 22:25:00.000000 UTC,29830,30.0473,28.0891
39261,16111,2016-02-14 10:31:40.000000 UTC,34750,30.0475,29.5185
39261,29093,2016-02-14 04:15:00.000000 UTC,8770,30.0476,30.0284
28255,16111,2016-02-20 04:01:40.000000 UTC,3130,30.0476,30.077
28255,39261,2016-02-18 06:40:00.000000 UTC,4510,30.0479,30.0598
16111,28255,2016-02-08 13:50:00.000000 UTC,2170,30.048,30.0493
39261,16111,2016-02-12 11:10:00.000000 UTC,53770,30.0483,30.9517
28255,39261,2016-02-23 00:46:40.000000 UTC,5050,30.0487,29.7994
28255,16111,2016-02-19 06:46:40.000000 UTC,58390,30.0491,30.9815
39261,29093,2016-02-13 08:40:00.000000 UTC,3130,30.0493,29.8183
39261,29093,2016-02-14 05:46:40.000000 UTC,55030,30.0493,28.7711
39261,29093,2016-02-15 04:10:00.000000 UTC,53590,30.0495,30.7953
28255,39261,2016-02-23 13:50:00.000000 UTC,4210,30.0495,30.0338
39261,28255,2016-02-14 04:15:00.000000 UTC,10030,30.0497,30.0712
39261,29093,2016-02-15 02:16:40.000000 UTC,14770,30.05,30.1326
29093,39261,2016-02-01 14:40:00.000000 UTC,4270,30.0501,29.8166
39261,28255,2016-02-17 04:45:00.000000 UTC,2110,30.0503,30.071
28255,39261,2016-02-19 13:10:00.000000 UTC,5170,30.0503,30.0547
29093,28255,2016-02-01 00:25:00.000000 UTC,2470,30.0506,30.1724
29093,16111,2016-02-01 15:35:00.000000 UTC,49570,30.0509,31.2005
39261,16111,2016-02-16 23:46:40.000000 UTC,52630,30.0509,30.9119
28255,29093,2016-02-18 16:35:00.000000 UTC,32170,30.0512,29.1537
29093,39261,2016-02-01 00:35:00.000000 UTC,28630,30.0513,27.8904
39261,16111,2016-02-12 18:01:40.000000 UTC,35650,30.0515,29.8249
39261,28255,2016-02-18 01:45:00.000000 UTC,1690,30.0516,30.1086
28255,29093,2016-02-19 04:25:00.000000 UTC,51010,30.0516,30.9354
28255,39261,2016-02-22 03:01:40.000000 UTC,9670,30.0518,29.8059
39261,29093,2016-02-15 02:16:40.000000 UTC,9070,30.0519,30.1397
29093,39261,2016-02-01 07:40:00.000000 UTC,2590,30.0523,29.7461
39261,16111,2016-02-12 11:01:40.000000 UTC,8770,30.0523,30.1561
39261,28255,2016-02-13 05:30:00.000000 UTC,4330,30.0525,30.0638
16111,29093,2016-02-11 21:31:40.000000 UTC,34990,30.0528,30.8181
28255,39261,2016-02-22 12:25:00.000000 UTC,9610,30.0528,29.9118
29093,16111,2016-02-01 16:31:40.000000 UTC,1210,30.0532,30.0902
28255,39261,2016-02-18 23:00:00.000000 UTC,4810,30.0532,30.0272
28255,16111,2016-02-19 04:25:00.000000 UTC,2830,30.0534,29.9672
29093,28255,2016-02-01 22:46:40.000000 UTC,32530,30.0535,28.762
29093,39261,2016-02-03 01:10:00.000000 UTC,29830,30.0541,29.9423
39261,29093,2016-02-17 04:45:00.000000 UTC,26830,30.0541,28.2646
29093,28255,2016-02-01 15:35:00.000000 UTC,4390,30.0542,30.0951
39261,16111,2016-02-12 12:15:00.000000 UTC,3070,30.0542,30.0586
16111,29093,2016-02-07 06:25:00.000000 UTC,3010,30.0543,30.0505
39261,28255,2016-02-15 18:10:00.000000 UTC,45490,30.0544,29.1993
28255,39261,2016-02-22 12:25:00.000000 UTC,6070,30.0544,26.006
39261,28255,2016-02-13 10:55:00.000000 UTC,21490,30.0545,27.4474
16111,28255,2016-02-06 17:40:00.000000 UTC,2590,30.0548,30.2538
28255,39261,2016-02-18 07:50:00.000000 UTC,4510,30.0548,30.0304
39261,28255,2016-02-12 13:31:40.000000 UTC,4690,30.0549,30.0763
16111,39261,2016-02-08 04:55:00.000000 UTC,2530,30.0553,29.126
39261,28255,2016-02-12 19:20:00.000000 UTC,4510,30.0553,30.0764
39261,28255,2016-02-12 15:45:00.000000 UTC,4570,30.0555,30.0958
29093,39261,2016-02-04 07:10:00.000000 UTC,2590,30.0557,29.9788
39261,29093,2016-02-12 20:45:00.000000 UTC,4090,30.0557,30.065
29093,16111,2016-02-01 08:20:00.000000 UTC,38170,30.0558,30.3203
29093,39261,2016-02-02 17:15:00.000000 UTC,670,30.0559,30.0864
28255,29093,2016-02-18 04:31:40.000000 UTC,26950,30.0564,29.064
16111,29093,2016-02-06 19:40:00.000000 UTC,4690,30.0566,29.3924
39261,28255,2016-02-12 23:55:00.000000 UTC,11110,30.0567,30.3076
39261,29093,2016-02-17 23:01:40.000000 UTC,3490,30.0571,30.0406
29093,28255,2016-02-03 11:35:00.000000 UTC,2530,30.0573,29.6428
16111,29093,2016-02-06 18:45:00.000000 UTC,47770,30.0582,30.2076
39261,29093,2016-02-15 06:05:00.000000 UTC,8650,30.0584,30.1813
29093,39261,2016-02-01 18:30:00.000000 UTC,58090,30.0586,30.2129
16111,39261,2016-02-06 17:55:00.000000 UTC,6850,30.0588,29.4053
28255,29093,2016-02-22 00:45:00.000000 UTC,3190,30.0588,30.0308
16111,39261,2016-02-07 04:00:00.000000 UTC,3190,30.059,29.9259
39261,29093,2016-02-13 04:30:00.000000 UTC,3850,30.0597,29.9588
29093,39261,2016-02-06 06:40:00.000000 UTC,56050,30.0602,30.9817
29093,16111,2016-02-01 08:20:00.000000 UTC,3730,30.0605,30.0671
29093,28255,2016-02-01 21:40:00.000000 UTC,8050,30.0607,29.704
29093,16111,2016-02-01 07:40:00.000000 UTC,6670,30.0609,28.8534
39261,29093,2016-02-12 22:16:40.000000 UTC,3910,30.061,30.0723
29093,39261,2016-02-05 07:55:00.000000 UTC,9070,30.0611,29.6514
16111,28255,2016-02-07 11:00:00.000000 UTC,59770,30.0611,30.6098
39261,28255,2016-02-17 15:01:40.000000 UTC,5050,30.0611,30.0759
39261,29093,2016-02-12 14:46:40.000000 UTC,22330,30.0615,28.1369
29093,39261,2016-02-04 15:46:40.000000 UTC,41170,30.0618,29.7965
29093,39261,2016-02-01 12:55:00.000000 UTC,9010,30.0619,30.197
28255,39261,2016-02-22 00:45:00.000000 UTC,20410,30.062,28.2667
28255,39261,2016-02-18 17:25:00.000000 UTC,4750,30.0625,30.0585
39261,28255,2016-02-12 11:05:00.000000 UTC,29890,30.0626,30.079
28255,16111,2016-02-18 05:05:00.000000 UTC,35530,30.0626,29.0881
16111,28255,2016-02-07 01:10:00.000000 UTC,11410,30.0627,29.3958
16111,28255,2016-02-09 08:46:40.000000 UTC,12790,30.0628,29.357
16111,29093,2016-02-07 11:00:00.000000 UTC,54190,30.0632,30.9864
28255,29093,2016-02-20 14:16:40.000000 UTC,6430,30.0637,28.6638
39261,29093,2016-02-13 03:31:40.000000 UTC,3190,30.0642,30.0781
28255,16111,2016-02-19 11:50:00.000000 UTC,30730,30.0647,29.0052
39261,16111,2016-02-12 13:31:40.000000 UTC,2770,30.0648,30.1316
39261,16111,2016-02-13 08:40:00.000000 UTC,18970,30.0649,28.9958
39261,29093,2016-02-13 14:30:00.000000 UTC,1990,30.065,30.0778
16111,39261,2016-02-11 21:31:40.000000 UTC,3670,30.0653,30.068
16111,29093,2016-02-07 04:00:00.000000 UTC,10690,30.0654,28.942
39261,16111,2016-02-13 21:01:40.000000 UTC,12070,30.0654,29.3495
39261,28255,2016-02-13 21:01:40.000000 UTC,33370,30.0658,28.488
28255,16111,2016-02-21 18:05:00.000000 UTC,1870,30.0658,30.0416
28255,39261,2016-02-21 22:30:00.000000 UTC,20410,30.0661,28.5041
39261,29093,2016-02-14 04:15:00.000000 UTC,2770,30.0662,29.7259
16111,29093,2016-02-10 23:01:40.000000 UTC,50830,30.0665,31.0932
28255,29093,2016-02-20 02:25:00.000000 UTC,40330,30.0665,29.4134
29093,16111,2016-02-04 15:46:40.000000 UTC,35950,30.0669,29.7795
29093,16111,2016-02-02 23:31:40.000000 UTC,48670,30.0671,31.2009
28255,29093,2016-02-21 15:55:00.000000 UTC,6970,30.0671,28.8098
29093,39261,2016-02-02 14:16:40.000000 UTC,10750,30.0673,29.0015
28255,16111,2016-02-18 04:55:00.000000 UTC,46810,30.0676,29.5713
16111,39261,2016-02-08 06:20:00.000000 UTC,3190,30.0678,29.8702
39261,16111,2016-02-15 14:01:40.000000 UTC,55810,30.0681,30.833
39261,29093,2016-02-14 07:20:00.000000 UTC,2890,30.0682,30.0537
29093,28255,2016-02-01 05:50:00.000000 UTC,3310,30.0685,30.0659
16111,39261,2016-02-12 00:10:00.000000 UTC,35290,30.0688,30.3313
16111,28255,2016-02-06 21:45:00.000000 UTC,3850,30.0691,30.0332
16111,29093,2016-02-12 02:50:00.000000 UTC,45370,30.0697,29.8759
29093,28255,2016-02-01 01:31:40.000000 UTC,3370,30.0701,29.9864
16111,29093,2016-02-12 05:31:40.000000 UTC,40390,30.0702,30.8357
28255,39261,2016-02-18 12:50:00.000000 UTC,4630,30.0704,30.0529
29093,39261,2016-02-01 16:31:40.000000 UTC,3430,30.0705,30.1181
28255,16111,2016-02-19 05:35:00.000000 UTC,2950,30.0705,29.9924
28255,39261,2016-02-20 21:40:00.000000 UTC,21610,30.0709,28.724
39261,29093,2016-02-13 01:40:00.000000 UTC,16450,30.071,29.047
39261,29093,2016-02-17 12:25:00.000000 UTC,4810,30.0711,30.1026
28255,39261,2016-02-19 20:15:00.000000 UTC,38530,30.0711,28.945
29093,28255,2016-02-01 07:01:40.000000 UTC,3550,30.0719,30.2992
16111,39261,2016-02-07 15:10:00.000000 UTC,4270,30.072,30.0903
29093,39261,2016-02-03 11:35:00.000000 UTC,14770,30.0721,30.2135
28255,29093,2016-02-19 09:15:00.000000 UTC,49930,30.0721,30.6486
39261,28255,2016-02-12 13:10:00.000000 UTC,4750,30.0725,30.0924
28255,29093,2016-02-20 10:45:00.000000 UTC,50470,30.0727,30.6549
39261,28255,2016-02-12 14:20:00.000000 UTC,4630,30.0729,30.0966
16111,39261,2016-02-07 09:05:00.000000 UTC,33730,30.073,30.0572
39261,16111,2016-02-12 20:01:40.000000 UTC,1930,30.0731,30.0948
39261,29093,2016-02-13 21:01:40.000000 UTC,21130,30.0731,29.2866
39261,29093,2016-02-18 01:45:00.000000 UTC,53710,30.0731,30.4842
29093,28255,2016-02-01 00:46:40.000000 UTC,8170,30.0732,29.8599
29093,16111,2016-02-02 03:30:00.000000 UTC,26950,30.0732,30.5961
39261,16111,2016-02-12 12:00:00.000000 UTC,2950,30.0733,30.0353
16111,39261,2016-02-07 04:00:00.000000 UTC,2770,30.0734,30.099
39261,28255,2016-02-16 02:46:40.000000 UTC,56590,30.0737,30.2485
16111,29093,2016-02-07 03:15:00.000000 UTC,54010,30.074,31.0155
16111,39261,2016-02-07 04:46:40.000000 UTC,3250,30.0742,30.0035
16111,39261,2016-02-09 20:31:40.000000 UTC,3250,30.0743,29.9922
39261,29093,2016-02-12 20:01:40.000000 UTC,12070,30.0743,29.1947
39261,16111,2016-02-12 11:01:40.000000 UTC,3430,30.0745,30.1212
28255,29093,2016-02-18 09:46:40.000000 UTC,3610,30.0746,30.0821
39261,29093,2016-02-12 20:45:00.000000 UTC,55570,30.0747,30.7895
28255,29093,2016-02-23 00:46:40.000000 UTC,3790,30.0747,30.0625
28255,29093,2016-02-18 04:40:00.000000 UTC,1330,30.0748,30.0281
16111,39261,2016-02-06 17:35:00.000000 UTC,54970,30.0749,29.674
28255,16111,2016-02-19 06:46:40.000000 UTC,15190,30.0751,28.7522
39261,16111,2016-02-12 11:05:00.000000 UTC,3190,30.0753,30.1371
29093,28255,2016-02-04 03:01:40.000000 UTC,4690,30.0757,30.1157
16111,29093,2016-02-06 19:01:40.000000 UTC,42790,30.0759,31.1406
16111,39261,2016-02-12 00:10:00.000000 UTC,4030,30.0761,30.0886
29093,28255,2016-02-01 18:30:00.000000 UTC,4690,30.0766,30.0903
39261,16111,2016-02-15 10:00:00.000000 UTC,13870,30.0766,28.2714
29093,16111,2016-02-01 01:50:00.000000 UTC,1390,30.0767,30.1183
16111,28255,2016-02-09 18:30:00.000000 UTC,49330,30.0768,30.5835
29093,16111,2016-02-06 12:01:40.000000 UTC,9370,30.0769,27.5425
16111,29093,2016-02-08 10:45:00.000000 UTC,3430,30.0771,30.0623
39261,29093,2016-02-15 02:16:40.000000 UTC,14830,30.0773,30.1465
29093,28255,2016-02-01 04:45:00.000000 UTC,58270,30.0774,29.9389
29093,16111,2016-02-01 19:31:40.000000 UTC,49390,30.0774,31.184
29093,39261,2016-02-04 11:25:00.000000 UTC,3610,30.0775,29.9478
28255,39261,2016-02-22 17:16:40.000000 UTC,9850,30.0775,29.9955
28255,29093,2016-02-18 05:05:00.000000 UTC,49870,30.0776,30.5692
29093,39261,2016-02-01 02:31:40.000000 UTC,1750,30.0777,30.0846
16111,28255,2016-02-07 18:35:00.000000 UTC,3190,30.078,29.9675
28255,16111,2016-02-23 11:10:00.000000 UTC,2470,30.0782,30.1494
39261,28255,2016-02-13 12:05:00.000000 UTC,4270,30.0784,30.1421
16111,28255,2016-02-09 22:35:00.000000 UTC,28270,30.079,28.5411
39261,29093,2016-02-15 00:25:00.000000 UTC,3550,30.0792,30.0758
39261,16111,2016-02-13 07:35:00.000000 UTC,53230,30.0794,30.4769
29093,28255,2016-02-05 00:50:00.000000 UTC,4030,30.08,30.1176
39261,29093,2016-02-14 08:55:00.000000 UTC,23950,30.0804,29.3305
39261,29093,2016-02-13 21:01:40.000000 UTC,55510,30.0805,30.9689
39261,29093,2016-02-12 17:25:00.000000 UTC,12730,30.0807,29.379
39261,28255,2016-02-13 01:40:00.000000 UTC,4390,30.0807,30.1134
28255,29093,2016-02-18 14:15:00.000000 UTC,47890,30.0811,30.2448
29093,39261,2016-02-01 23:55:00.000000 UTC,35770,30.0812,30.3298
29093,39261,2016-02-02 23:31:40.000000 UTC,58630,30.0812,28.4175
28255,29093,2016-02-18 10:55:00.000000 UTC,48610,30.0812,30.3618
39261,16111,2016-02-13 07:35:00.000000 UTC,26770,30.0813,29.2526
28255,29093,2016-02-18 09:15:00.000000 UTC,48970,30.0817,30.4181
39261,16111,2016-02-14 01:16:40.000000 UTC,54190,30.082,30.6054
39261,16111,2016-02-15 02:16:40.000000 UTC,8830,30.0821,30.2011
16111,39261,2016-02-06 23:55:00.000000 UTC,2230,30.0823,30.0963
39261,16111,2016-02-16 00:35:00.000000 UTC,3070,30.0824,30.0828
39261,16111,2016-02-17 12:25:00.000000 UTC,3850,30.0827,30.0976
39261,29093,2016-02-14 19:00:00.000000 UTC,1390,30.0832,30.1025
39261,16111,2016-02-13 23:50:00.000000 UTC,15010,30.0835,29.1624
39261,16111,2016-02-17 07:16:40.000000 UTC,35110,30.0837,29.3262
28255,16111,2016-02-21 22:30:00.000000 UTC,49690,30.0838,30.683
29093,39261,2016-02-06 17:30:00.000000 UTC,24370,30.0841,28.0841
29093,28255,2016-02-05 05:31:40.000000 UTC,4510,30.0843,30.1145
39261,29093,2016-02-12 11:10:00.000000 UTC,51970,30.0843,30.2922
39261,29093,2016-02-13 07:35:00.000000 UTC,3130,30.0843,29.9657
29093,28255,2016-02-05 22:50:00.000000 UTC,16990,30.0847,28.7791
29093,28255,2016-02-01 13:46:40.000000 UTC,12490,30.0862,29.4197
28255,16111,2016-02-20 00:50:00.000000 UTC,54190,30.0862,30.6239
39261,16111,2016-02-13 10:55:00.000000 UTC,58390,30.0866,31.329
39261,16111,2016-02-16 11:50:00.000000 UTC,4270,30.0866,30.1035
39261,16111,2016-02-13 22:25:00.000000 UTC,50170,30.0869,30.7871
28255,16111,2016-02-18 16:35:00.000000 UTC,50350,30.0869,30.6924
39261,29093,2016-02-15 02:16:40.000000 UTC,9130,30.087,30.1651
28255,29093,2016-02-22 03:01:40.000000 UTC,3970,30.087,29.9071
39261,28255,2016-02-14 04:15:00.000000 UTC,3910,30.0872,30.0881
39261,16111,2016-02-12 11:00:00.000000 UTC,3430,30.0873,30.1335
39261,29093,2016-02-15 06:05:00.000000 UTC,20050,30.0877,30.1995
16111,39261,2016-02-10 20:40:00.000000 UTC,3250,30.0878,30.1926
16111,39261,2016-02-12 05:31:40.000000 UTC,1930,30.0878,30.1462
39261,28255,2016-02-12 18:40:00.000000 UTC,4570,30.088,30.0933
28255,29093,2016-02-18 04:55:00.000000 UTC,4090,30.0881,30.0685
28255,16111,2016-02-20 04:01:40.000000 UTC,15790,30.0882,29.3596
29093,16111,2016-02-03 02:50:00.000000 UTC,5410,30.0883,29.1945
29093,28255,2016-02-03 13:25:00.000000 UTC,3850,30.0885,30.0615
16111,29093,2016-02-08 07:46:40.000000 UTC,5830,30.0887,29.0272
39261,28255,2016-02-12 18:01:40.000000 UTC,4630,30.0887,30.0871
16111,39261,2016-02-09 05:05:00.000000 UTC,3550,30.0889,30.1035
39261,29093,2016-02-12 20:01:40.000000 UTC,4150,30.0889,30.0967
29093,39261,2016-02-02 07:20:00.000000 UTC,26110,30.089,30.1641
39261,16111,2016-02-13 00:46:40.000000 UTC,4090,30.0891,30.1122
16111,29093,2016-02-11 21:31:40.000000 UTC,13750,30.0892,28.3606
16111,39261,2016-02-07 09:05:00.000000 UTC,3190,30.0895,29.8905
29093,28255,2016-02-02 12:50:00.000000 UTC,11590,30.0897,29.0014
39261,29093,2016-02-17 02:15:00.000000 UTC,9070,30.0897,30.1325
16111,39261,2016-02-11 06:16:40.000000 UTC,4570,30.0901,30.1239
28255,39261,2016-02-18 11:31:40.000000 UTC,36730,30.0903,29.5396
16111,28255,2016-02-07 02:31:40.000000 UTC,3730,30.0904,30.1068
16111,39261,2016-02-09 20:31:40.000000 UTC,56350,30.0908,30.3875
28255,29093,2016-02-18 04:55:00.000000 UTC,55630,30.0908,30.7944
29093,28255,2016-02-01 00:25:00.000000 UTC,3310,30.0911,29.9781
16111,39261,2016-02-07 05:35:00.000000 UTC,3610,30.0913,29.9568
29093,39261,2016-02-06 12:01:40.000000 UTC,2410,30.0915,29.2652
28255,29093,2016-02-18 06:01:40.000000 UTC,3910,30.0915,30.067
29093,39261,2016-02-01 00:10:00.000000 UTC,11950,30.0919,29.8894
39261,16111,2016-02-17 02:15:00.000000 UTC,8170,30.092,30.0471
16111,28255,2016-02-08 06:20:00.000000 UTC,30070,30.0921,29.7224
16111,39261,2016-02-10 00:40:00.000000 UTC,3430,30.0922,30.2128
39261,28255,2016-02-12 12:50:00.000000 UTC,4690,30.0923,30.0838
16111,39261,2016-02-07 03:15:00.000000 UTC,49870,30.0924,30.1739
39261,28255,2016-02-17 20:20:00.000000 UTC,1810,30.0924,30.0713
16111,39261,2016-02-07 23:31:40.000000 UTC,37510,30.0926,29.7701
28255,16111,2016-02-20 07:20:00.000000 UTC,3550,30.0926,29.8628
39261,29093,2016-02-17 07:16:40.000000 UTC,2590,30.0927,30.1374
39261,29093,2016-02-14 17:15:00.000000 UTC,6970,30.0928,29.26
29093,16111,2016-02-04 05:05:00.000000 UTC,36430,30.0929,30.283
29093,16111,2016-02-01 02:55:00.000000 UTC,49210,30.0932,29.8104
28255,16111,2016-02-22 00:45:00.000000 UTC,3790,30.0936,30.094
29093,39261,2016-02-01 12:55:00.000000 UTC,2710,30.0937,30.0928
28255,29093,2016-02-18 06:40:00.000000 UTC,26530,30.094,29.0427
39261,29093,2016-02-13 08:40:00.000000 UTC,14890,30.0941,28.7449
39261,16111,2016-02-16 23:46:40.000000 UTC,2590,30.0942,30.2352
16111,39261,2016-02-07 06:25:00.000000 UTC,3790,30.0943,29.965
39261,29093,2016-02-12 17:25:00.000000 UTC,27970,30.0944,29.6997
39261,16111,2016-02-15 14:01:40.000000 UTC,1630,30.095,30.0637
39261,29093,2016-02-17 07:16:40.000000 UTC,58330,30.095,30.9311
28255,29093,2016-02-18 21:01:40.000000 UTC,57790,30.095,30.4382
16111,29093,2016-02-07 15:10:00.000000 UTC,3730,30.0951,30.8139
39261,29093,2016-02-14 08:55:00.000000 UTC,2590,30.0955,30.1174
39261,29093,2016-02-16 05:00:00.000000 UTC,3490,30.0955,29.9618
28255,16111,2016-02-19 02:10:00.000000 UTC,26170,30.0959,29.9904
39261,28255,2016-02-12 20:45:00.000000 UTC,4510,30.0961,30.1435
28255,39261,2016-02-23 00:46:40.000000 UTC,10930,30.0964,29.7546
39261,29093,2016-02-14 04:15:00.000000 UTC,59230,30.0965,30.6796
28255,29093,2016-02-18 08:16:40.000000 UTC,17230,30.0965,28.4388
16111,28255,2016-02-08 20:20:00.000000 UTC,3130,30.0967,30.0587
29093,39261,2016-02-04 22:31:40.000000 UTC,1450,30.0968,30.0713
39261,16111,2016-02-14 02:45:00.000000 UTC,30790,30.0968,28.5179
28255,39261,2016-02-18 05:30:00.000000 UTC,5770,30.0969,29.6446
28255,39261,2016-02-19 21:45:00.000000 UTC,14830,30.0969,27.9927
28255,29093,2016-02-20 21:40:00.000000 UTC,2170,30.0969,27.7296
28255,39261,2016-02-22 17:16:40.000000 UTC,9910,30.0972,30.0123
16111,39261,2016-02-07 17:25:00.000000 UTC,7570,30.0973,29.1499
39261,28255,2016-02-13 19:40:00.000000 UTC,4270,30.0973,30.1757
28255,29093,2016-02-18 04:55:00.000000 UTC,21430,30.0973,29.4583
28255,39261,2016-02-19 11:50:00.000000 UTC,1930,30.0973,30.1402
28255,16111,2016-02-18 12:50:00.000000 UTC,2110,30.0974,30.1365
29093,39261,2016-02-01 13:46:40.000000 UTC,50830,30.0978,30.0074
16111,29093,2016-02-09 20:31:40.000000 UTC,1390,30.098,30.1308
39261,29093,2016-02-14 04:15:00.000000 UTC,3190,30.0982,30.0814
28255,29093,2016-02-21 22:30:00.000000 UTC,3550,30.0982,30.0762
29093,16111,2016-02-01 13:46:40.000000 UTC,23110,30.0983,29.03
29093,39261,2016-02-03 11:35:00.000000 UTC,3490,30.0986,29.986
39261,29093,2016-02-16 14:10:00.000000 UTC,1870,30.0989,30.1018
29093,16111,2016-02-05 07:55:00.000000 UTC,51850,30.099,29.0633
39261,16111,2016-02-13 08:40:00.000000 UTC,10210,30.099,27.974
28255,39261,2016-02-18 18:16:40.000000 UTC,35470,30.0993,29.0272
16111,28255,2016-02-11 21:31:40.000000 UTC,2950,30.1001,29.9136
39261,16111,2016-02-12 12:00:00.000000 UTC,8770,30.1001,30.0771
28255,29093,2016-02-20 21:40:00.000000 UTC,36610,30.1002,29.4461
28255,39261,2016-02-18 07:25:00.000000 UTC,4570,30.1005,30.0943
16111,39261,2016-02-07 09:05:00.000000 UTC,51790,30.1007,30.6659
16111,28255,2016-02-07 02:31:40.000000 UTC,12070,30.1009,28.6638
29093,39261,2016-02-03 23:00:00.000000 UTC,1450,30.101,30.1145
29093,16111,2016-02-01 03:46:40.000000 UTC,32590,30.1011,29.9024
16111,29093,2016-02-06 18:05:00.000000 UTC,36190,30.1011,29.0436
29093,39261,2016-02-01 09:01:40.000000 UTC,2590,30.1012,30.0633
29093,16111,2016-02-01 19:31:40.000000 UTC,3610,30.1014,30.1009
29093,39261,2016-02-01 01:15:00.000000 UTC,1570,30.1017,30.1478
16111,29093,2016-02-07 03:15:00.000000 UTC,53950,30.1018,30.9098
16111,39261,2016-02-09 06:55:00.000000 UTC,6190,30.1019,29.0743
39261,28255,2016-02-14 19:00:00.000000 UTC,46210,30.1023,29.6979
28255,16111,2016-02-22 05:20:00.000000 UTC,47770,30.1023,29.9779
28255,16111,2016-02-23 08:31:40.000000 UTC,47470,30.1023,30.3266
29093,16111,2016-02-03 01:10:00.000000 UTC,16330,30.1033,29.7897
16111,28255,2016-02-12 02:50:00.000000 UTC,3370,30.1037,30.2296
16111,39261,2016-02-08 15:25:00.000000 UTC,2530,30.1042,26.3563
29093,16111,2016-02-02 10:01:40.000000 UTC,970,30.1043,30.0948
16111,28255,2016-02-06 17:55:00.000000 UTC,3190,30.1044,30.0058
29093,39261,2016-02-03 09:46:40.000000 UTC,8770,30.1046,30.0729
16111,28255,2016-02-06 17:35:00.000000 UTC,3190,30.1047,29.9938
16111,39261,2016-02-08 20:20:00.000000 UTC,2470,30.1047,30.2184
28255,16111,2016-02-20 21:40:00.000000 UTC,49630,30.1047,30.6491
39261,16111,2016-02-15 06:05:00.000000 UTC,2590,30.1049,30.1702
28255,39261,2016-02-19 23:16:40.000000 UTC,30430,30.105,28.391
16111,39261,2016-02-06 17:31:40.000000 UTC,6790,30.1054,29.3242
39261,16111,2016-02-14 02:45:00.000000 UTC,20650,30.1054,30.2104
28255,16111,2016-02-23 16:31:40.000000 UTC,13930,30.1054,28.6563
16111,39261,2016-02-10 18:20:00.000000 UTC,3370,30.1057,30.0272
39261,28255,2016-02-17 09:50:00.000000 UTC,43330,30.1057,29.9377
29093,39261,2016-02-01 10:30:00.000000 UTC,43750,30.1059,29.4255
16111,28255,2016-02-06 17:46:40.000000 UTC,3190,30.106,30.0128
16111,28255,2016-02-08 20:20:00.000000 UTC,37270,30.1061,28.6446
16111,39261,2016-02-10 07:05:00.000000 UTC,4270,30.1061,30.1145
39261,16111,2016-02-17 15:01:40.000000 UTC,3490,30.1061,30.0975
28255,29093,2016-02-19 11:50:00.000000 UTC,50530,30.1062,30.1063
29093,39261,2016-02-01 04:45:00.000000 UTC,4990,30.1063,30.1238
16111,29093,2016-02-07 19:46:40.000000 UTC,43330,30.1064,31.0648
16111,39261,2016-02-11 01:25:00.000000 UTC,970,30.1065,30.0729
29093,28255,2016-02-01 07:40:00.000000 UTC,11350,30.1066,29.0473
16111,39261,2016-02-06 23:55:00.000000 UTC,19930,30.1066,30.1373
39261,28255,2016-02-12 16:50:00.000000 UTC,42490,30.1068,29.3896
39261,16111,2016-02-13 07:35:00.000000 UTC,9310,30.107,30.1647
28255,16111,2016-02-23 03:20:00.000000 UTC,3610,30.107,30.1046
16111,29093,2016-02-08 22:01:40.000000 UTC,6250,30.1074,28.8235
28255,16111,2016-02-23 03:20:00.000000 UTC,33250,30.1074,29.5879
29093,16111,2016-02-03 08:00:00.000000 UTC,10870,30.1078,29.0153
29093,39261,2016-02-02 07:20:00.000000 UTC,2470,30.1079,30.0231
16111,28255,2016-02-06 18:30:00.000000 UTC,2830,30.1086,30.1623
39261,28255,2016-02-16 21:20:00.000000 UTC,5530,30.1086,30.1407
39261,28255,2016-02-14 17:15:00.000000 UTC,26410,30.1088,28.1178
29093,28255,2016-02-01 06:25:00.000000 UTC,3430,30.1089,30.1937
16111,28255,2016-02-06 22:15:00.000000 UTC,3370,30.1092,30.2524
28255,16111,2016-02-19 20:15:00.000000 UTC,4090,30.1092,30.0944
39261,16111,2016-02-14 02:45:00.000000 UTC,26290,30.1093,30.1597
16111,28255,2016-02-12 02:50:00.000000 UTC,9250,30.1095,30.2887
39261,29093,2016-02-14 19:00:00.000000 UTC,40150,30.1095,29.4444
29093,16111,2016-02-01 09:01:40.000000 UTC,3850,30.1096,30.0911
28255,39261,2016-02-19 04:25:00.000000 UTC,4990,30.1098,30.1062
16111,29093,2016-02-07 13:01:40.000000 UTC,9250,30.1099,30.6874
28255,39261,2016-02-23 13:50:00.000000 UTC,4270,30.1099,30.0906
39261,16111,2016-02-14 05:46:40.000000 UTC,3070,30.11,30.184
39261,28255,2016-02-13 21:01:40.000000 UTC,12310,30.1101,27.1262
28255,39261,2016-02-18 08:16:40.000000 UTC,4570,30.1102,30.0944
39261,28255,2016-02-12 11:01:40.000000 UTC,6850,30.1103,29.7884
39261,16111,2016-02-15 00:25:00.000000 UTC,47770,30.1103,29.7809
39261,16111,2016-02-12 11:05:00.000000 UTC,3430,30.1105,30.1072
29093,16111,2016-02-01 13:46:40.000000 UTC,49270,30.1107,30.5502
39261,29093,2016-02-16 23:46:40.000000 UTC,27790,30.1113,28.922
28255,16111,2016-02-19 13:10:00.000000 UTC,24850,30.1114,29.0273
39261,28255,2016-02-13 05:30:00.000000 UTC,4390,30.1115,30.123
16111,39261,2016-02-06 19:20:00.000000 UTC,4450,30.1116,30.1122
39261,29093,2016-02-15 04:10:00.000000 UTC,3010,30.1117,30.1534
29093,39261,2016-02-04 13:35:00.000000 UTC,3310,30.1119,30.0935
16111,28255,2016-02-10 09:16:40.000000 UTC,52870,30.1123,30.7759
39261,16111,2016-02-16 05:00:00.000000 UTC,14050,30.1124,29.3804
39261,28255,2016-02-12 19:20:00.000000 UTC,4570,30.1127,30.1448
29093,16111,2016-02-03 04:31:40.000000 UTC,48310,30.1131,30.6787
39261,16111,2016-02-12 20:45:00.000000 UTC,4570,30.1131,30.1434
39261,16111,2016-02-16 21:20:00.000000 UTC,14590,30.1131,30.1473
29093,39261,2016-02-01 00:00:00.000000 UTC,4390,30.1132,30.1211
28255,16111,2016-02-18 09:46:40.000000 UTC,34870,30.1133,29.8401
16111,39261,2016-02-07 03:15:00.000000 UTC,8650,30.1135,30.1151
28255,16111,2016-02-18 17:25:00.000000 UTC,17950,30.1135,29.4233
16111,29093,2016-02-07 12:00:00.000000 UTC,5170,30.1136,29.202
29093,28255,2016-02-01 05:16:40.000000 UTC,3310,30.1137,30.2653
29093,39261,2016-02-02 17:15:00.000000 UTC,17590,30.1137,28.921
29093,28255,2016-02-03 11:35:00.000000 UTC,32710,30.1139,30.0611
29093,39261,2016-02-04 05:05:00.000000 UTC,38590,30.1139,29.4524
16111,28255,2016-02-12 05:31:40.000000 UTC,51250,30.1141,30.2949
16111,28255,2016-02-07 07:16:40.000000 UTC,4330,30.1142,30.1411
28255,29093,2016-02-20 12:30:00.000000 UTC,50050,30.1143,30.5085
28255,29093,2016-02-21 05:30:00.000000 UTC,57670,30.1143,30.1687
39261,29093,2016-02-12 14:46:40.000000 UTC,7750,30.1146,29.2332
28255,16111,2016-02-18 16:35:00.000000 UTC,50290,30.1146,30.6105
29093,28255,2016-02-05 00:50:00.000000 UTC,12130,30.1151,29.3464
29093,39261,2016-02-02 01:05:00.000000 UTC,4570,30.1154,30.1325
29093,39261,2016-02-06 01:25:00.000000 UTC,1870,30.1154,30.0964
28255,29093,2016-02-19 01:05:00.000000 UTC,51610,30.1155,30.8461
29093,16111,2016-02-04 05:05:00.000000 UTC,47710,30.1158,30.8381
28255,29093,2016-02-18 11:31:40.000000 UTC,3430,30.1159,30.0814
39261,29093,2016-02-13 09:46:40.000000 UTC,2590,30.116,30.0689
39261,16111,2016-02-12 11:10:00.000000 UTC,3190,30.1164,30.0408
28255,16111,2016-02-22 05:20:00.000000 UTC,38170,30.1165,29.7485
39261,29093,2016-02-16 18:55:00.000000 UTC,4090,30.1166,30.1
39261,28255,2016-02-13 00:46:40.000000 UTC,4570,30.1169,30.1451
39261,28255,2016-02-14 20:46:40.000000 UTC,14170,30.1169,27.6968
29093,39261,2016-02-05 12:46:40.000000 UTC,3310,30.1171,30.1935
28255,16111,2016-02-18 06:01:40.000000 UTC,3310,30.1172,29.9795
29093,28255,2016-02-05 20:16:40.000000 UTC,2890,30.1175,30.1432
28255,39261,2016-02-18 07:50:00.000000 UTC,4570,30.1175,30.1022
39261,29093,2016-02-12 21:30:00.000000 UTC,55390,30.1176,30.8148
16111,29093,2016-02-09 05:05:00.000000 UTC,49030,30.1177,29.5533
28255,29093,2016-02-21 11:40:00.000000 UTC,34210,30.1178,29.9717
29093,16111,2016-02-01 07:01:40.000000 UTC,3790,30.1182,30.1224
39261,16111,2016-02-15 04:10:00.000000 UTC,8650,30.1182,30.2249
39261,29093,2016-02-13 03:31:40.000000 UTC,14830,30.1184,30.2246
28255,39261,2016-02-18 13:31:40.000000 UTC,4690,30.1187,30.0997
16111,39261,2016-02-07 23:31:40.000000 UTC,14350,30.119,30.1437
16111,29093,2016-02-10 11:30:00.000000 UTC,4090,30.1191,30.1208
28255,16111,2016-02-22 07:40:00.000000 UTC,15670,30.1191,28.7119
16111,39261,2016-02-07 00:31:40.000000 UTC,25570,30.1196,30.7225
28255,29093,2016-02-19 18:46:40.000000 UTC,3190,30.1196,30.075
16111,28255,2016-02-08 03:31:40.000000 UTC,3790,30.1197,30.1648
29093,16111,2016-02-02 14:16:40.000000 UTC,3370,30.1199,30.1405
16111,29093,2016-02-11 16:20:00.000000 UTC,4510,30.1203,30.1378
39261,16111,2016-02-14 01:16:40.000000 UTC,26590,30.1205,30.238
39261,16111,2016-02-14 04:15:00.000000 UTC,20110,30.1205,30.1006
39261,29093,2016-02-13 10:55:00.000000 UTC,23290,30.1206,28.5731
39261,29093,2016-02-14 17:15:00.000000 UTC,12730,30.1206,28.7441
28255,39261,2016-02-18 09:15:00.000000 UTC,24550,30.1209,29.6508
16111,29093,2016-02-11 11:15:00.000000 UTC,50890,30.1212,30.6283
16111,29093,2016-02-12 11:00:00.000000 UTC,34990,30.1215,30.7363
29093,16111,2016-02-02 21:55:00.000000 UTC,53830,30.1216,30.4386
39261,16111,2016-02-12 12:31:40.000000 UTC,2950,30.1216,30.1272
39261,28255,2016-02-12 14:20:00.000000 UTC,4570,30.1218,30.0216
16111,39261,2016-02-07 14:05:00.000000 UTC,6430,30.1221,29.5754
28255,16111,2016-02-20 21:40:00.000000 UTC,12070,30.1224,28.9535
28255,16111,2016-02-20 04:01:40.000000 UTC,36790,30.1226,30.1907
29093,39261,2016-02-03 11:35:00.000000 UTC,2950,30.1228,30.2243
28255,29093,2016-02-19 13:10:00.000000 UTC,54790,30.1229,30.8299
29093,39261,2016-02-01 11:16:40.000000 UTC,2590,30.1231,30.158
39261,28255,2016-02-14 01:16:40.000000 UTC,23170,30.1232,29.3336
29093,28255,2016-02-04 13:35:00.000000 UTC,3010,30.1236,29.9994
16111,28255,2016-02-06 18:30:00.000000 UTC,2650,30.1236,30.2136
39261,28255,2016-02-17 02:15:00.000000 UTC,43870,30.1236,29.6408
28255,39261,2016-02-22 17:16:40.000000 UTC,4570,30.1236,29.8936
29093,39261,2016-02-06 17:30:00.000000 UTC,3910,30.1238,30.1341
16111,39261,2016-02-11 11:15:00.000000 UTC,2350,30.1238,30.1454
39261,16111,2016-02-12 11:00:00.000000 UTC,3790,30.1241,29.9931
28255,39261,2016-02-18 17:25:00.000000 UTC,4810,30.1241,30.1344
28255,29093,2016-02-20 02:25:00.000000 UTC,30790,30.1241,29.583
29093,39261,2016-02-02 14:16:40.000000 UTC,51430,30.1242,30.7756
39261,16111,2016-02-12 11:25:00.000000 UTC,3070,30.1246,30.1464
39261,16111,2016-02-14 02:45:00.000000 UTC,10510,30.1247,29.3645
16111,28255,2016-02-07 09:05:00.000000 UTC,4570,30.125,30.1529
16111,28255,2016-02-09 01:30:00.000000 UTC,3610,30.125,30.3322
39261,28255,2016-02-13 12:05:00.000000 UTC,4330,30.125,30.1873
28255,39261,2016-02-18 08:16:40.000000 UTC,1390,30.1252,30.1108
39261,28255,2016-02-12 21:30:00.000000 UTC,28210,30.1253,27.9906
28255,39261,2016-02-22 17:16:40.000000 UTC,9970,30.1254,30.0204
39261,29093,2016-02-13 06:31:40.000000 UTC,3190,30.126,30.0245
16111,29093,2016-02-07 08:10:00.000000 UTC,59770,30.1262,31.1845
29093,28255,2016-02-01 00:35:00.000000 UTC,3310,30.1265,30
28255,39261,2016-02-19 20:15:00.000000 UTC,5350,30.1265,30.1235
39261,29093,2016-02-14 13:50:00.000000 UTC,22390,30.1266,28.3121
29093,28255,2016-02-01 05:16:40.000000 UTC,16690,30.1271,29.3638
28255,29093,2016-02-18 04:35:00.000000 UTC,6430,30.1272,29.3039
29093,16111,2016-02-01 02:55:00.000000 UTC,3970,30.1273,30.1415
16111,29093,2016-02-11 11:15:00.000000 UTC,41170,30.1273,29.872
39261,29093,2016-02-13 04:30:00.000000 UTC,53470,30.1275,30.2737
28255,39261,2016-02-22 12:25:00.000000 UTC,29050,30.1278,29.2229
39261,29093,2016-02-15 02:16:40.000000 UTC,9010,30.1279,30.1068
28255,39261,2016-02-20 16:05:00.000000 UTC,21070,30.128,29.2418
29093,39261,2016-02-04 05:05:00.000000 UTC,2230,30.1282,30.1347
39261,28255,2016-02-17 07:16:40.000000 UTC,5350,30.1286,30.1608
28255,16111,2016-02-18 08:16:40.000000 UTC,41050,30.1286,30.3964
39261,29093,2016-02-13 01:40:00.000000 UTC,9550,30.1289,30.233
28255,39261,2016-02-18 14:15:00.000000 UTC,1510,30.1289,30.1104
16111,39261,2016-02-07 08:10:00.000000 UTC,17230,30.1291,28.3992
16111,39261,2016-02-08 12:16:40.000000 UTC,49270,30.1291,28.927
28255,39261,2016-02-23 00:46:40.000000 UTC,10150,30.1293,30.0068
16111,28255,2016-02-06 21:45:00.000000 UTC,3070,30.1295,30.0752
29093,28255,2016-02-02 10:01:40.000000 UTC,3730,30.1296,30.1314
16111,39261,2016-02-11 01:25:00.000000 UTC,3910,30.1298,30.1663
28255,16111,2016-02-18 05:05:00.000000 UTC,26410,30.1298,29.063
16111,29093,2016-02-06 18:16:40.000000 UTC,42730,30.1299,31.0671
39261,16111,2016-02-12 11:01:40.000000 UTC,3070,30.1301,30.1789
39261,28255,2016-02-13 14:30:00.000000 UTC,5350,30.1302,29.9931
16111,39261,2016-02-10 23:01:40.000000 UTC,3490,30.1304,30.1308
28255,16111,2016-02-20 21:40:00.000000 UTC,49570,30.1304,30.5603
28255,39261,2016-02-18 04:46:40.000000 UTC,11890,30.1305,29.8941
28255,39261,2016-02-18 12:50:00.000000 UTC,4690,30.1314,30.1261
28255,29093,2016-02-18 05:05:00.000000 UTC,4090,30.1317,30.1223
16111,29093,2016-02-08 03:31:40.000000 UTC,3310,30.1318,30.126
39261,29093,2016-02-12 20:45:00.000000 UTC,4150,30.132,30.1515
28255,39261,2016-02-20 12:30:00.000000 UTC,2290,30.1325,29.9587
29093,16111,2016-02-02 10:01:40.000000 UTC,5950,30.133,28.9028
39261,16111,2016-02-12 11:10:00.000000 UTC,8770,30.133,30.0493
29093,39261,2016-02-01 04:15:00.000000 UTC,7030,30.1331,30.171
28255,29093,2016-02-18 05:16:40.000000 UTC,26950,30.1333,29.4589
16111,28255,2016-02-06 20:01:40.000000 UTC,2410,30.1334,29.5991
39261,16111,2016-02-12 17:25:00.000000 UTC,36070,30.1336,29.3681
28255,16111,2016-02-20 10:45:00.000000 UTC,52090,30.1336,30.7533
16111,28255,2016-02-10 02:46:40.000000 UTC,17290,30.1337,28.6807
39261,16111,2016-02-14 17:15:00.000000 UTC,56770,30.1338,30.3827
39261,16111,2016-02-14 02:45:00.000000 UTC,3370,30.1342,30.1309
28255,39261,2016-02-22 17:16:40.000000 UTC,3970,30.1343,30.0753
39261,16111,2016-02-18 01:45:00.000000 UTC,56830,30.1344,30.7637
28255,29093,2016-02-22 17:16:40.000000 UTC,33550,30.1345,29.4677
16111,29093,2016-02-10 13:45:00.000000 UTC,4150,30.1349,30.1427
28255,16111,2016-02-19 11:50:00.000000 UTC,51610,30.1351,30.7397
39261,16111,2016-02-16 16:31:40.000000 UTC,3670,30.1353,30.1454
29093,39261,2016-02-01 01:31:40.000000 UTC,4630,30.1355,30.1684
39261,16111,2016-02-13 09:46:40.000000 UTC,8650,30.1355,30.1068
16111,28255,2016-02-07 01:50:00.000000 UTC,17650,30.1357,29.0898
29093,39261,2016-02-04 09:16:40.000000 UTC,2770,30.1358,30.1315
16111,39261,2016-02-06 22:46:40.000000 UTC,2050,30.1362,30.158
16111,39261,2016-02-07 03:15:00.000000 UTC,2590,30.1362,30.1743
39261,29093,2016-02-17 07:16:40.000000 UTC,58210,30.1362,30.7388
28255,29093,2016-02-22 03:01:40.000000 UTC,3310,30.1362,30.1265
28255,29093,2016-02-18 06:20:00.000000 UTC,4990,30.1364,29.9085
16111,39261,2016-02-11 13:46:40.000000 UTC,45070,30.1365,30.5142
28255,16111,2016-02-23 00:46:40.000000 UTC,3910,30.1365,30.1232
29093,39261,2016-02-05 00:50:00.000000 UTC,4750,30.1366,30.1474
29093,39261,2016-02-03 08:00:00.000000 UTC,31270,30.1368,29.0525
29093,39261,2016-02-03 21:01:40.000000 UTC,4090,30.1369,30.1401
28255,39261,2016-02-23 05:55:00.000000 UTC,4210,30.137,30.1038
39261,16111,2016-02-16 00:35:00.000000 UTC,2950,30.1373,30.1363
29093,16111,2016-02-05 07:55:00.000000 UTC,37210,30.1375,30.0326
39261,28255,2016-02-12 11:35:00.000000 UTC,46150,30.1375,27.3532
39261,29093,2016-02-12 22:16:40.000000 UTC,3970,30.1375,30.1498
16111,29093,2016-02-07 21:00:00.000000 UTC,42670,30.1378,29.6913
16111,28255,2016-02-09 22:35:00.000000 UTC,3610,30.138,30.0192
28255,16111,2016-02-18 18:16:40.000000 UTC,49870,30.138,30.5407
16111,29093,2016-02-07 11:00:00.000000 UTC,27310,30.1383,29.864
39261,28255,2016-02-17 04:45:00.000000 UTC,5290,30.1386,30.16
28255,29093,2016-02-22 17:16:40.000000 UTC,29950,30.1388,28.6122
29093,28255,2016-02-01 04:15:00.000000 UTC,3070,30.1389,30.025
16111,39261,2016-02-08 07:46:40.000000 UTC,3610,30.139,30.1355
39261,28255,2016-02-17 12:25:00.000000 UTC,5230,30.1391,30.1633
39261,29093,2016-02-13 03:31:40.000000 UTC,20470,30.1395,30.2088
39261,29093,2016-02-14 02:45:00.000000 UTC,3370,30.1396,30.1338
16111,28255,2016-02-09 14:31:40.000000 UTC,14410,30.1397,28.5141
28255,39261,2016-02-18 19:10:00.000000 UTC,13150,30.1399,29.4388
29093,16111,2016-02-05 03:10:00.000000 UTC,41950,30.1407,31.2041
16111,39261,2016-02-08 04:55:00.000000 UTC,3250,30.1408,30.1787
28255,29093,2016-02-21 01:31:40.000000 UTC,58630,30.1408,30.6812
28255,29093,2016-02-19 09:15:00.000000 UTC,4090,30.1409,30.1169
28255,29093,2016-02-19 21:45:00.000000 UTC,3130,30.1409,29.9777
29093,28255,2016-02-01 00:35:00.000000 UTC,16090,30.141,28.4067
28255,29093,2016-02-18 20:05:00.000000 UTC,52630,30.141,30.8846
28255,16111,2016-02-23 05:55:00.000000 UTC,48010,30.1417,30.2562
39261,29093,2016-02-17 02:15:00.000000 UTC,59530,30.1418,30.9559
28255,29093,2016-02-21 01:31:40.000000 UTC,3130,30.1421,29.7734
16111,29093,2016-02-12 00:10:00.000000 UTC,4630,30.1426,30.1589
29093,39261,2016-02-02 17:15:00.000000 UTC,27490,30.1428,29.3324
39261,28255,2016-02-14 04:15:00.000000 UTC,58510,30.1428,30.3977
16111,29093,2016-02-09 01:30:00.000000 UTC,22870,30.1429,29.4604
28255,16111,2016-02-23 08:31:40.000000 UTC,53350,30.1429,30.9302
16111,29093,2016-02-08 15:25:00.000000 UTC,28030,30.1431,30.0641
29093,39261,2016-02-01 12:55:00.000000 UTC,2950,30.1433,30.181
16111,29093,2016-02-06 23:20:00.000000 UTC,3490,30.1434,30.7759
28255,29093,2016-02-19 15:55:00.000000 UTC,3370,30.1434,30.1254
16111,39261,2016-02-08 02:10:00.000000 UTC,8890,30.1435,30.1495
16111,39261,2016-02-07 06:25:00.000000 UTC,3430,30.1438,30.1027
39261,16111,2016-02-15 04:10:00.000000 UTC,8470,30.1439,30.2454
16111,28255,2016-02-07 23:31:40.000000 UTC,3310,30.1441,30.2259
39261,29093,2016-02-12 15:45:00.000000 UTC,4750,30.1445,30.1521
16111,39261,2016-02-07 02:31:40.000000 UTC,8470,30.1447,30.2049
16111,39261,2016-02-09 08:46:40.000000 UTC,53050,30.1447,30.3281
39261,28255,2016-02-12 18:01:40.000000 UTC,4690,30.1447,30.1502
39261,29093,2016-02-15 14:01:40.000000 UTC,46450,30.1451,30.4972
28255,29093,2016-02-18 08:16:40.000000 UTC,54910,30.1451,30.7227
28255,39261,2016-02-18 18:16:40.000000 UTC,4810,30.1452,30.1452
16111,39261,2016-02-06 22:15:00.000000 UTC,4930,30.1454,30.1531
39261,28255,2016-02-12 11:01:40.000000 UTC,22690,30.1456,28.0919
39261,28255,2016-02-16 14:10:00.000000 UTC,21070,30.1457,28.3437
39261,28255,2016-02-16 23:46:40.000000 UTC,5410,30.1457,30.1793
16111,39261,2016-02-10 09:16:40.000000 UTC,7510,30.1458,29.5276
39261,16111,2016-02-14 19:00:00.000000 UTC,6370,30.1459,29.309
28255,16111,2016-02-18 15:00:00.000000 UTC,50650,30.1459,30.6375
39261,16111,2016-02-14 02:45:00.000000 UTC,20710,30.1463,30.1551
29093,28255,2016-02-01 00:10:00.000000 UTC,3190,30.1466,30.0324
39261,16111,2016-02-12 16:50:00.000000 UTC,2350,30.1467,30.1667
39261,29093,2016-02-13 02:35:00.000000 UTC,9310,30.1467,30.2252
28255,29093,2016-02-21 01:31:40.000000 UTC,20590,30.1469,29.4982
29093,39261,2016-02-02 12:50:00.000000 UTC,3550,30.1471,30.0861
16111,39261,2016-02-07 15:10:00.000000 UTC,4330,30.1471,30.1815
16111,39261,2016-02-10 00:40:00.000000 UTC,3490,30.1471,30.2634
39261,16111,2016-02-13 21:01:40.000000 UTC,27250,30.1471,29.7041
28255,29093,2016-02-19 18:46:40.000000 UTC,2890,30.1471,29.8935
16111,28255,2016-02-09 22:35:00.000000 UTC,2950,30.1472,30.2573
28255,16111,2016-02-21 09:35:00.000000 UTC,2590,30.1472,30.2444
29093,28255,2016-02-05 10:20:00.000000 UTC,5050,30.1473,30.2008
28255,16111,2016-02-18 17:25:00.000000 UTC,50050,30.1474,30.537
16111,39261,2016-02-08 13:50:00.000000 UTC,4450,30.1475,30.1659
28255,29093,2016-02-20 12:30:00.000000 UTC,49990,30.1476,30.4189
29093,39261,2016-02-01 08:20:00.000000 UTC,20230,30.1482,30.1001
28255,29093,2016-02-18 05:05:00.000000 UTC,28990,30.1482,28.7889
28255,29093,2016-02-23 19:15:00.000000 UTC,52330,30.1482,30.5119
28255,39261,2016-02-18 10:55:00.000000 UTC,5170,30.1483,30.5393
29093,16111,2016-02-02 02:16:40.000000 UTC,48970,30.1485,30.5803
39261,28255,2016-02-13 23:50:00.000000 UTC,22870,30.1485,29.7688
39261,28255,2016-02-12 12:50:00.000000 UTC,4750,30.1488,30.1526
39261,16111,2016-02-16 02:46:40.000000 UTC,3070,30.1488,29.9579
29093,28255,2016-02-01 04:45:00.000000 UTC,33130,30.1491,30.0293
28255,39261,2016-02-20 17:55:00.000000 UTC,2590,30.1494,29.8735
39261,16111,2016-02-12 12:31:40.000000 UTC,8590,30.1505,30.2141
39261,28255,2016-02-12 19:20:00.000000 UTC,1390,30.1507,30.1877
16111,39261,2016-02-10 02:46:40.000000 UTC,23950,30.1508,28.5857
39261,29093,2016-02-14 19:00:00.000000 UTC,4210,30.1512,30.1555
16111,39261,2016-02-08 06:20:00.000000 UTC,32710,30.1513,27.9656
28255,16111,2016-02-22 12:25:00.000000 UTC,2830,30.1515,29.9445
29093,16111,2016-02-02 12:50:00.000000 UTC,16870,30.1516,29.2759
39261,29093,2016-02-12 13:10:00.000000 UTC,29770,30.1516,30.2695
28255,16111,2016-02-22 03:01:40.000000 UTC,3550,30.1518,30.1485
29093,39261,2016-02-01 22:46:40.000000 UTC,6850,30.1519,29.1575
16111,39261,2016-02-07 06:25:00.000000 UTC,3670,30.1519,30.0683
16111,39261,2016-02-08 06:20:00.000000 UTC,3430,30.1519,30.1561
29093,16111,2016-02-01 01:31:40.000000 UTC,6790,30.152,28.9874
16111,28255,2016-02-06 19:20:00.000000 UTC,3490,30.1521,30.0766
39261,28255,2016-02-13 22:25:00.000000 UTC,4390,30.1523,30.1651
39261,29093,2016-02-14 04:15:00.000000 UTC,19810,30.1523,29.807
28255,16111,2016-02-18 04:40:00.000000 UTC,2950,30.1524,30.1064
39261,16111,2016-02-17 07:16:40.000000 UTC,4630,30.1526,30.1761
16111,28255,2016-02-11 01:25:00.000000 UTC,4090,30.1528,29.9705
16111,39261,2016-02-11 21:31:40.000000 UTC,3730,30.1529,30.1459
16111,28255,2016-02-06 19:20:00.000000 UTC,3250,30.153,30.1196
39261,29093,2016-02-12 23:55:00.000000 UTC,3790,30.1531,30.1616
39261,16111,2016-02-14 17:15:00.000000 UTC,6850,30.1535,29.3315
28255,16111,2016-02-21 03:30:00.000000 UTC,48130,30.1544,30.2979
16111,28255,2016-02-06 19:40:00.000000 UTC,3610,30.155,30.0265
39261,16111,2016-02-12 11:16:40.000000 UTC,20350,30.1551,30.0904
16111,29093,2016-02-07 05:35:00.000000 UTC,25990,30.1554,30.4755
28255,16111,2016-02-19 17:20:00.000000 UTC,55510,30.1557,29.9429
29093,28255,2016-02-02 11:25:00.000000 UTC,4810,30.1558,29.9322
29093,28255,2016-02-01 00:25:00.000000 UTC,3190,30.1559,30.0767
16111,39261,2016-02-08 00:50:00.000000 UTC,2230,30.1559,30.2253
28255,29093,2016-02-18 04:46:40.000000 UTC,4150,30.1561,30.1367
39261,16111,2016-02-17 17:40:00.000000 UTC,8830,30.1562,30.1733
29093,16111,2016-02-01 21:40:00.000000 UTC,6310,30.1565,28.8101
16111,28255,2016-02-07 21:00:00.000000 UTC,9010,30.1566,30.1968
16111,39261,2016-02-11 13:46:40.000000 UTC,8650,30.1566,30.1566
28255,29093,2016-02-18 07:25:00.000000 UTC,11590,30.1566,28.8406
39261,28255,2016-02-12 13:10:00.000000 UTC,1510,30.1567,30.1892
39261,28255,2016-02-13 07:35:00.000000 UTC,4630,30.1569,30.2486
39261,16111,2016-02-17 02:15:00.000000 UTC,25390,30.1572,28.9735
39261,29093,2016-02-14 19:00:00.000000 UTC,55630,30.1574,30.51
39261,16111,2016-02-15 14:01:40.000000 UTC,4330,30.1575,30.0796
28255,29093,2016-02-18 09:46:40.000000 UTC,3670,30.1575,30.1461
16111,39261,2016-02-06 17:30:00.000000 UTC,59530,30.1576,30.9971
39261,29093,2016-02-12 19:20:00.000000 UTC,50890,30.1577,30.9669
39261,16111,2016-02-14 08:55:00.000000 UTC,35110,30.1578,29.4104
16111,28255,2016-02-06 22:46:40.000000 UTC,17050,30.158,28.7642
16111,39261,2016-02-07 04:00:00.000000 UTC,2830,30.158,30.1465
39261,29093,2016-02-13 17:01:40.000000 UTC,4570,30.1583,30.1814
28255,16111,2016-02-19 06:46:40.000000 UTC,52630,30.1584,30.5723
39261,29093,2016-02-15 22:25:00.000000 UTC,32650,30.1589,30.1764
39261,28255,2016-02-18 04:30:00.000000 UTC,4870,30.1589,30.1648
29093,28255,2016-02-01 04:15:00.000000 UTC,3430,30.1592,30.1505
16111,28255,2016-02-07 06:25:00.000000 UTC,4210,30.1592,30.1834
28255,29093,2016-02-21 13:46:40.000000 UTC,4510,30.1592,30.141
39261,29093,2016-02-12 17:25:00.000000 UTC,4570,30.1594,30.1794
29093,39261,2016-02-01 00:25:00.000000 UTC,4330,30.1595,30.1596
29093,39261,2016-02-03 15:16:40.000000 UTC,3490,30.1597,30.2694
16111,29093,2016-02-06 17:31:40.000000 UTC,2470,30.1597,29.4629
39261,16111,2016-02-15 06:05:00.000000 UTC,2890,30.1597,30.0357
39261,16111,2016-02-12 12:31:40.000000 UTC,3250,30.1599,30.1032
29093,16111,2016-02-06 12:01:40.000000 UTC,46330,30.1603,30.8159
39261,29093,2016-02-13 14:30:00.000000 UTC,56890,30.1604,30.6795
28255,39261,2016-02-23 00:46:40.000000 UTC,10210,30.1607,30.0132
29093,16111,2016-02-02 18:46:40.000000 UTC,43330,30.1611,31.2113
16111,28255,2016-02-08 06:20:00.000000 UTC,58570,30.1614,30.8405
16111,39261,2016-02-09 12:35:00.000000 UTC,4690,30.1619,30.1782
28255,29093,2016-02-18 04:55:00.000000 UTC,4150,30.1621,30.1545
28255,39261,2016-02-18 07:25:00.000000 UTC,4630,30.1624,30.1621
28255,16111,2016-02-18 14:15:00.000000 UTC,7510,30.1624,29.7055
28255,29093,2016-02-18 08:16:40.000000 UTC,54850,30.1627,30.6313
29093,28255,2016-02-02 03:30:00.000000 UTC,49570,30.1628,30.4065
29093,28255,2016-02-01 01:00:00.000000 UTC,9370,30.1631,29.9325
28255,39261,2016-02-18 15:46:40.000000 UTC,22930,30.1637,28.1059
39261,16111,2016-02-12 14:20:00.000000 UTC,2650,30.164,30.2111
16111,29093,2016-02-09 01:30:00.000000 UTC,17290,30.1642,29.3687
16111,29093,2016-02-07 22:15:00.000000 UTC,3310,30.1643,30.166
39261,16111,2016-02-17 17:40:00.000000 UTC,14590,30.1644,30.1127
16111,39261,2016-02-11 18:55:00.000000 UTC,3310,30.1646,30.1553
39261,28255,2016-02-13 12:05:00.000000 UTC,4390,30.1648,30.2266
29093,28255,2016-02-02 04:45:00.000000 UTC,15910,30.165,28.7931
28255,16111,2016-02-20 21:40:00.000000 UTC,49510,30.165,30.4632
16111,29093,2016-02-06 18:16:40.000000 UTC,42670,30.1651,30.9781
39261,16111,2016-02-15 04:10:00.000000 UTC,8590,30.1655,30.2296
16111,29093,2016-02-06 19:40:00.000000 UTC,2890,30.1658,30.1297
39261,29093,2016-02-13 10:55:00.000000 UTC,17590,30.1658,28.3758
28255,39261,2016-02-19 09:15:00.000000 UTC,32170,30.166,28.6152
29093,28255,2016-02-01 17:30:00.000000 UTC,4570,30.1662,30.1876
29093,39261,2016-02-03 17:10:00.000000 UTC,3730,30.1663,30.1562
16111,28255,2016-02-06 17:35:00.000000 UTC,20350,30.1664,30.1524
39261,29093,2016-02-16 07:15:00.000000 UTC,2290,30.1664,30.2606
29093,39261,2016-02-06 06:40:00.000000 UTC,2470,30.1667,30.221
39261,28255,2016-02-13 05:30:00.000000 UTC,4450,30.167,30.1768
28255,29093,2016-02-18 06:01:40.000000 UTC,3970,30.167,30.1521
28255,29093,2016-02-18 20:05:00.000000 UTC,52570,30.1677,30.7956
39261,16111,2016-02-12 11:25:00.000000 UTC,2950,30.1678,30.1259
29093,39261,2016-02-03 13:25:00.000000 UTC,3970,30.168,30.036
29093,16111,2016-02-05 03:10:00.000000 UTC,41890,30.1681,31.1325
39261,28255,2016-02-16 02:46:40.000000 UTC,33430,30.1681,28.4457
29093,39261,2016-02-02 11:25:00.000000 UTC,32230,30.1684,29.4718
28255,16111,2016-02-20 05:40:00.000000 UTC,3010,30.1684,30.1154
16111,28255,2016-02-08 17:01:40.000000 UTC,2530,30.1685,30.1963
28255,29093,2016-02-23 19:15:00.000000 UTC,30370,30.1689,28.8167
39261,29093,2016-02-12 19:20:00.000000 UTC,1450,30.169,30.2178
39261,29093,2016-02-12 14:46:40.000000 UTC,22390,30.1693,28.3411
39261,29093,2016-02-15 02:16:40.000000 UTC,3370,30.1698,30.1545
29093,16111,2016-02-05 05:31:40.000000 UTC,2650,30.1699,30.3906
29093,16111,2016-02-01 11:16:40.000000 UTC,49330,30.17,30.7404
39261,29093,2016-02-13 00:46:40.000000 UTC,3610,30.17,30.1799
16111,39261,2016-02-11 16:20:00.000000 UTC,56770,30.1701,30.483
29093,39261,2016-02-03 17:10:00.000000 UTC,53470,30.1702,30.0774
39261,16111,2016-02-15 16:05:00.000000 UTC,13990,30.1714,19.764
29093,16111,2016-02-02 20:20:00.000000 UTC,22030,30.1716,29.8231
16111,28255,2016-02-07 02:31:40.000000 UTC,3790,30.1716,30.1851
16111,29093,2016-02-06 17:30:00.000000 UTC,42670,30.1719,31.0268
28255,29093,2016-02-18 10:55:00.000000 UTC,9310,30.1723,30.1699
39261,29093,2016-02-12 13:31:40.000000 UTC,46690,30.1724,30.5716
16111,39261,2016-02-09 05:05:00.000000 UTC,3610,30.1725,30.1743
29093,28255,2016-02-01 09:01:40.000000 UTC,3790,30.173,30.1913
29093,39261,2016-02-04 20:15:00.000000 UTC,30190,30.1731,29.7288
16111,29093,2016-02-07 06:25:00.000000 UTC,3070,30.1731,30.1453
28255,29093,2016-02-21 01:31:40.000000 UTC,3250,30.1731,29.9408
29093,39261,2016-02-03 09:46:40.000000 UTC,19450,30.1732,28.622
16111,39261,2016-02-07 04:00:00.000000 UTC,3010,30.1733,30.0885
16111,39261,2016-02-11 03:50:00.000000 UTC,6790,30.1736,29.309
29093,39261,2016-02-01 07:40:00.000000 UTC,8470,30.174,29.8215
28255,16111,2016-02-23 08:31:40.000000 UTC,53290,30.174,30.8534
16111,39261,2016-02-06 18:45:00.000000 UTC,4450,30.1744,30.1845
39261,28255,2016-02-12 13:55:00.000000 UTC,4690,30.1744,30.1871
29093,39261,2016-02-02 11:25:00.000000 UTC,9310,30.1746,29.9659
28255,29093,2016-02-19 20:15:00.000000 UTC,8830,30.1747,30.0951
16111,28255,2016-02-12 02:50:00.000000 UTC,9190,30.1749,30.2878
28255,29093,2016-02-18 04:40:00.000000 UTC,4150,30.175,30.1384
28255,16111,2016-02-20 14:16:40.000000 UTC,56770,30.1752,30.6835
28255,16111,2016-02-18 19:10:00.000000 UTC,45430,30.1753,29.802
39261,16111,2016-02-12 13:55:00.000000 UTC,2890,30.1758,30.1145
28255,39261,2016-02-18 13:31:40.000000 UTC,4750,30.1761,30.1671
29093,28255,2016-02-02 02:16:40.000000 UTC,30970,30.1763,28.8753
29093,39261,2016-02-01 15:35:00.000000 UTC,9370,30.1764,30.1608
28255,29093,2016-02-20 07:20:00.000000 UTC,4690,30.1764,30.1623
28255,39261,2016-02-20 02:25:00.000000 UTC,5530,30.1766,30.1592
16111,39261,2016-02-07 06:25:00.000000 UTC,3550,30.1767,30.1325
29093,16111,2016-02-01 18:30:00.000000 UTC,31990,30.1768,29.1795
29093,39261,2016-02-01 09:45:00.000000 UTC,2650,30.1769,30.1975
39261,28255,2016-02-13 18:20:00.000000 UTC,4210,30.177,30.201
39261,29093,2016-02-13 02:35:00.000000 UTC,9370,30.1771,30.2196
39261,28255,2016-02-12 12:00:00.000000 UTC,52990,30.1774,29.844
16111,28255,2016-02-10 04:55:00.000000 UTC,3670,30.1775,30.1799
28255,16111,2016-02-22 00:45:00.000000 UTC,3850,30.1775,30.1827
28255,16111,2016-02-18 14:15:00.000000 UTC,1930,30.1777,30.2253
39261,29093,2016-02-16 02:46:40.000000 UTC,3730,30.1781,30.1351
28255,29093,2016-02-20 21:40:00.000000 UTC,21910,30.1781,28.314
29093,28255,2016-02-04 09:16:40.000000 UTC,15310,30.1782,27.9673
39261,28255,2016-02-13 18:20:00.000000 UTC,21070,30.1782,27.1363
28255,16111,2016-02-20 16:05:00.000000 UTC,4750,30.1782,30.185
29093,16111,2016-02-02 01:05:00.000000 UTC,6190,30.1784,28.9101
29093,16111,2016-02-04 15:46:40.000000 UTC,59590,30.1784,31.3459
16111,29093,2016-02-11 13:46:40.000000 UTC,45010,30.1784,29.9182
39261,16111,2016-02-15 04:10:00.000000 UTC,3250,30.1788,30.1312
28255,39261,2016-02-19 14:31:40.000000 UTC,32350,30.1793,28.7627
39261,28255,2016-02-12 11:25:00.000000 UTC,30670,30.1794,29.4236
28255,39261,2016-02-23 22:00:00.000000 UTC,5470,30.1795,30.0871
28255,39261,2016-02-18 07:50:00.000000 UTC,12790,30.1796,29.138
39261,28255,2016-02-12 11:25:00.000000 UTC,24910,30.1798,29.129
28255,16111,2016-02-18 15:00:00.000000 UTC,50590,30.18,30.5441
28255,16111,2016-02-22 19:45:00.000000 UTC,4510,30.1802,30.1487
39261,16111,2016-02-12 11:01:40.000000 UTC,3670,30.1804,30.0923
29093,39261,2016-02-01 23:55:00.000000 UTC,59530,30.1807,30.5748
29093,28255,2016-02-05 12:46:40.000000 UTC,2350,30.181,30.2018
16111,29093,2016-02-07 17:25:00.000000 UTC,43030,30.181,30.5714
28255,39261,2016-02-19 05:35:00.000000 UTC,5050,30.181,30.1616
28255,39261,2016-02-19 03:16:40.000000 UTC,4990,30.1812,30.097
28255,16111,2016-02-23 19:15:00.000000 UTC,4690,30.1818,30.1902
28255,39261,2016-02-22 03:01:40.000000 UTC,14530,30.1819,28.4444
29093,16111,2016-02-01 06:25:00.000000 UTC,43810,30.182,30.4118
28255,16111,2016-02-22 19:45:00.000000 UTC,55810,30.1827,30.3354
39261,29093,2016-02-17 02:15:00.000000 UTC,3730,30.183,30.143
39261,16111,2016-02-12 11:00:00.000000 UTC,3670,30.1831,30.1011
29093,39261,2016-02-03 11:35:00.000000 UTC,2830,30.1832,30.1936
39261,16111,2016-02-15 04:10:00.000000 UTC,58390,30.1834,30.8574
28255,39261,2016-02-23 05:55:00.000000 UTC,4270,30.1836,30.1295
16111,39261,2016-02-07 08:10:00.000000 UTC,4330,30.1837,30.0051
29093,39261,2016-02-01 00:00:00.000000 UTC,4450,30.1839,30.2068
28255,39261,2016-02-22 22:15:00.000000 UTC,4810,30.1839,29.9331
16111,39261,2016-02-06 17:55:00.000000 UTC,1390,30.1841,29.8631
16111,28255,2016-02-08 12:16:40.000000 UTC,1930,30.1843,30.209
39261,28255,2016-02-13 15:45:00.000000 UTC,970,30.1846,30.1765
16111,28255,2016-02-07 03:15:00.000000 UTC,3850,30.1847,30.2056
28255,16111,2016-02-18 20:05:00.000000 UTC,4030,30.1847,30.1807
28255,16111,2016-02-19 08:00:00.000000 UTC,2830,30.1848,30.0848
16111,28255,2016-02-07 00:31:40.000000 UTC,3670,30.1849,30.3675
29093,39261,2016-02-02 23:31:40.000000 UTC,4330,30.1852,30.1911
16111,28255,2016-02-08 17:01:40.000000 UTC,14230,30.1852,30.2393
29093,16111,2016-02-01 22:46:40.000000 UTC,43690,30.1856,30.9071
16111,39261,2016-02-08 20:20:00.000000 UTC,8410,30.1857,30.1646
39261,16111,2016-02-15 22:25:00.000000 UTC,14830,30.1857,30.186
16111,28255,2016-02-06 21:45:00.000000 UTC,4150,30.1859,30.0453
29093,39261,2016-02-03 11:35:00.000000 UTC,3070,30.186,30.22
28255,16111,2016-02-19 11:50:00.000000 UTC,57430,30.186,31.193
39261,16111,2016-02-17 23:01:40.000000 UTC,2530,30.1865,30.2119
29093,39261,2016-02-01 20:35:00.000000 UTC,28510,30.1866,29.8243
39261,28255,2016-02-14 02:45:00.000000 UTC,23050,30.1867,29.4087
39261,28255,2016-02-15 14:01:40.000000 UTC,31390,30.1871,27.9362
28255,16111,2016-02-21 03:30:00.000000 UTC,48070,30.1871,30.1833
28255,39261,2016-02-19 00:01:40.000000 UTC,4990,30.1878,30.1855
28255,29093,2016-02-23 03:20:00.000000 UTC,54490,30.188,30.75
39261,29093,2016-02-17 09:50:00.000000 UTC,19990,30.1881,28.2055
28255,16111,2016-02-19 20:15:00.000000 UTC,4150,30.1881,30.1911
39261,28255,2016-02-12 20:01:40.000000 UTC,6550,30.1882,29.586
39261,29093,2016-02-15 00:25:00.000000 UTC,9490,30.1884,30.1851
16111,29093,2016-02-07 17:25:00.000000 UTC,3250,30.1886,30.1695
28255,16111,2016-02-18 09:46:40.000000 UTC,2110,30.1889,29.7931
16111,39261,2016-02-07 01:50:00.000000 UTC,2470,30.1892,30.1825
39261,16111,2016-02-14 07:20:00.000000 UTC,8590,30.1892,30.1798
28255,16111,2016-02-18 05:16:40.000000 UTC,2830,30.1894,30.1711
28255,16111,2016-02-23 13:50:00.000000 UTC,2410,30.1894,30.2042
29093,16111,2016-02-01 19:31:40.000000 UTC,11890,30.1899,28.9216
28255,16111,2016-02-18 05:16:40.000000 UTC,19990,30.1901,30.2522
29093,39261,2016-02-01 09:45:00.000000 UTC,20230,30.1902,30.1869
29093,16111,2016-02-03 23:00:00.000000 UTC,2890,30.1902,30.1794
16111,29093,2016-02-11 01:25:00.000000 UTC,4330,30.1905,30.2124
28255,16111,2016-02-18 04:40:00.000000 UTC,2830,30.1906,30.1379
16111,28255,2016-02-08 23:45:00.000000 UTC,3070,30.1909,30.0233
16111,39261,2016-02-06 18:30:00.000000 UTC,1450,30.1911,30.2224
39261,28255,2016-02-16 02:46:40.000000 UTC,19090,30.1911,28.2348
39261,29093,2016-02-16 09:31:40.000000 UTC,2350,30.1911,30.2052
29093,39261,2016-02-02 11:25:00.000000 UTC,2710,30.1913,30.0823
16111,28255,2016-02-08 03:31:40.000000 UTC,3850,30.1913,30.2367
28255,29093,2016-02-23 00:46:40.000000 UTC,11410,30.1914,29.1962
16111,29093,2016-02-06 19:40:00.000000 UTC,16150,30.1915,28.8242
39261,16111,2016-02-12 12:31:40.000000 UTC,8650,30.1915,30.2104
28255,29093,2016-02-18 20:05:00.000000 UTC,35350,30.1916,29.6664
28255,29093,2016-02-19 21:45:00.000000 UTC,43330,30.1917,29.0761
16111,28255,2016-02-09 14:31:40.000000 UTC,4990,30.192,30.3181
39261,28255,2016-02-13 13:16:40.000000 UTC,35530,30.192,29.4234
16111,28255,2016-02-08 09:15:00.000000 UTC,53230,30.1921,30.6164
29093,16111,2016-02-01 01:15:00.000000 UTC,55330,30.1922,30.9828
29093,28255,2016-02-01 01:50:00.000000 UTC,3490,30.1922,30.1018
28255,16111,2016-02-23 03:20:00.000000 UTC,54310,30.1922,30.6592
29093,16111,2016-02-02 23:31:40.000000 UTC,790,30.1923,30.1443
28255,39261,2016-02-19 10:31:40.000000 UTC,5170,30.1923,30.183
16111,28255,2016-02-06 18:30:00.000000 UTC,2950,30.1924,30.0459
29093,16111,2016-02-02 20:20:00.000000 UTC,5530,30.1926,29.3511
16111,28255,2016-02-06 18:16:40.000000 UTC,3130,30.193,30.1446
39261,29093,2016-02-13 21:01:40.000000 UTC,4030,30.1931,30.1859
28255,39261,2016-02-22 07:40:00.000000 UTC,2530,30.1932,28.3799
16111,28255,2016-02-12 02:50:00.000000 UTC,9070,30.1936,30.2496
29093,28255,2016-02-01 00:16:40.000000 UTC,14530,30.1937,30.2701
29093,39261,2016-02-02 02:16:40.000000 UTC,4810,30.1937,30.1921
28255,16111,2016-02-22 19:45:00.000000 UTC,1750,30.1937,30.1995
39261,29093,2016-02-14 19:00:00.000000 UTC,51490,30.194,29.5738
16111,29093,2016-02-06 22:46:40.000000 UTC,10630,30.1942,28.7614
16111,29093,2016-02-10 13:45:00.000000 UTC,15730,30.1945,27.8933
39261,16111,2016-02-15 00:25:00.000000 UTC,3250,30.1945,30.0552
28255,16111,2016-02-23 03:20:00.000000 UTC,3670,30.195,30.1839
28255,16111,2016-02-20 23:35:00.000000 UTC,3850,30.1953,30.169
28255,39261,2016-02-19 09:15:00.000000 UTC,5950,30.1954,30.8243
28255,39261,2016-02-18 05:30:00.000000 UTC,6370,30.1956,29.8749
29093,16111,2016-02-01 07:40:00.000000 UTC,27370,30.1957,30.4713
39261,29093,2016-02-13 03:31:40.000000 UTC,3370,30.1959,30.2346
29093,28255,2016-02-02 18:46:40.000000 UTC,4210,30.1961,30.209
16111,39261,2016-02-09 05:05:00.000000 UTC,11530,30.1962,29.223
29093,39261,2016-02-03 13:25:00.000000 UTC,3310,30.1963,30.2375
39261,16111,2016-02-12 19:20:00.000000 UTC,28330,30.1966,29.6415
29093,28255,2016-02-04 11:25:00.000000 UTC,8950,30.1967,29.8792
39261,16111,2016-02-13 10:55:00.000000 UTC,8470,30.1967,30.2053
39261,29093,2016-02-13 13:16:40.000000 UTC,24730,30.1969,29.4774
39261,28255,2016-02-12 23:55:00.000000 UTC,4510,30.1972,30.1976
29093,39261,2016-02-01 00:01:40.000000 UTC,4450,30.1974,30.2157
39261,28255,2016-02-15 00:25:00.000000 UTC,16690,30.1974,28.3821
28255,16111,2016-02-20 23:35:00.000000 UTC,10150,30.1974,30.5401
29093,39261,2016-02-06 17:30:00.000000 UTC,3970,30.1976,30.2016
39261,16111,2016-02-12 11:01:40.000000 UTC,3550,30.1976,30.1591
28255,29093,2016-02-18 16:35:00.000000 UTC,58510,30.1976,30.1206
39261,29093,2016-02-16 18:55:00.000000 UTC,4150,30.1977,30.1938
39261,16111,2016-02-12 11:16:40.000000 UTC,3070,30.1978,30.1371
16111,28255,2016-02-12 00:10:00.000000 UTC,3250,30.198,30.1845
29093,16111,2016-02-01 18:30:00.000000 UTC,6370,30.1981,28.8835
39261,28255,2016-02-12 18:01:40.000000 UTC,4750,30.1981,30.2085
39261,16111,2016-02-12 11:00:00.000000 UTC,3550,30.1986,30.1681
28255,29093,2016-02-18 18:16:40.000000 UTC,18370,30.1986,28.4405
39261,28255,2016-02-12 11:46:40.000000 UTC,4870,30.199,30.2219
39261,28255,2016-02-18 04:30:00.000000 UTC,1630,30.1991,30.2094
28255,39261,2016-02-18 04:55:00.000000 UTC,37150,30.1994,28.2608
29093,28255,2016-02-01 05:50:00.000000 UTC,9430,30.1996,30.215
39261,28255,2016-02-14 15:31:40.000000 UTC,20710,30.1996,28.5883
29093,28255,2016-02-01 20:35:00.000000 UTC,4930,30.2002,30.2225
28255,29093,2016-02-18 07:01:40.000000 UTC,3850,30.2003,30.1769
16111,28255,2016-02-11 11:15:00.000000 UTC,37210,30.201,27.9646
16111,39261,2016-02-12 02:50:00.000000 UTC,59710,30.201,30.4941
28255,29093,2016-02-23 03:20:00.000000 UTC,54430,30.2014,30.6709
16111,28255,2016-02-06 17:46:40.000000 UTC,3010,30.2015,30.1354
16111,28255,2016-02-07 03:15:00.000000 UTC,35650,30.2015,29.5025
39261,28255,2016-02-15 18:10:00.000000 UTC,45730,30.2015,28.6864
39261,16111,2016-02-12 11:25:00.000000 UTC,8650,30.2022,30.1304
28255,29093,2016-02-18 06:40:00.000000 UTC,55210,30.2022,30.7157
16111,28255,2016-02-07 09:05:00.000000 UTC,49150,30.2023,29.5015
29093,28255,2016-02-03 23:00:00.000000 UTC,4210,30.2024,30.223
39261,16111,2016-02-13 21:01:40.000000 UTC,29230,30.2024,28.1611
16111,28255,2016-02-07 18:35:00.000000 UTC,3010,30.2029,30.1319
39261,28255,2016-02-12 12:50:00.000000 UTC,4810,30.2029,30.2166
29093,39261,2016-02-01 16:31:40.000000 UTC,3670,30.2031,30.2924
39261,28255,2016-02-17 17:40:00.000000 UTC,5110,30.2031,30.2116
16111,29093,2016-02-08 02:10:00.000000 UTC,5530,30.2035,29.2315
16111,28255,2016-02-08 18:40:00.000000 UTC,8590,30.2037,30.1918
28255,16111,2016-02-18 10:20:00.000000 UTC,2410,30.2038,30.213
39261,29093,2016-02-13 01:40:00.000000 UTC,3610,30.2039,30.1944
28255,29093,2016-02-21 15:55:00.000000 UTC,4330,30.2039,30.2062
28255,16111,2016-02-19 21:45:00.000000 UTC,3970,30.204,30.1732
39261,16111,2016-02-16 23:46:40.000000 UTC,8470,30.2041,30.2338
28255,29093,2016-02-18 05:16:40.000000 UTC,3910,30.2041,29.9173
28255,16111,2016-02-19 03:16:40.000000 UTC,3010,30.2041,29.9631
16111,39261,2016-02-08 20:20:00.000000 UTC,43150,30.2045,29.3904
28255,29093,2016-02-18 08:16:40.000000 UTC,11290,30.2046,29.2606
29093,28255,2016-02-02 12:50:00.000000 UTC,3850,30.2047,30.4061
16111,39261,2016-02-06 17:40:00.000000 UTC,18670,30.2049,29.5284
28255,29093,2016-02-22 19:45:00.000000 UTC,4390,30.2049,30.1842
28255,39261,2016-02-19 15:55:00.000000 UTC,5290,30.205,30.2037
28255,39261,2016-02-18 20:05:00.000000 UTC,23050,30.2051,27.9296
28255,29093,2016-02-20 09:01:40.000000 UTC,4510,30.2052,30.1749
16111,39261,2016-02-09 01:30:00.000000 UTC,40450,30.2057,29.7327
39261,29093,2016-02-12 15:15:00.000000 UTC,1930,30.2058,30.2041
28255,16111,2016-02-18 21:01:40.000000 UTC,54430,30.2059,29.842
39261,29093,2016-02-16 16:31:40.000000 UTC,12130,30.2061,29.9249
39261,29093,2016-02-13 03:31:40.000000 UTC,20530,30.2063,30.2019
16111,28255,2016-02-09 06:55:00.000000 UTC,41890,30.2064,29.8839
39261,16111,2016-02-12 16:16:40.000000 UTC,31330,30.2064,27.7881
29093,39261,2016-02-05 22:50:00.000000 UTC,4570,30.2065,30.2157
29093,28255,2016-02-01 02:55:00.000000 UTC,26170,30.2066,29.1349
16111,28255,2016-02-09 08:46:40.000000 UTC,4270,30.2066,30.203
29093,39261,2016-02-01 18:30:00.000000 UTC,3910,30.2069,30.2232
28255,16111,2016-02-18 15:46:40.000000 UTC,4570,30.207,30.2035
29093,39261,2016-02-01 04:45:00.000000 UTC,1990,30.2071,30.2053
28255,39261,2016-02-19 01:05:00.000000 UTC,4990,30.2071,30.1888
29093,16111,2016-02-02 18:46:40.000000 UTC,3310,30.2072,30.1877
16111,28255,2016-02-08 02:10:00.000000 UTC,3910,30.2072,30.4274
39261,29093,2016-02-16 23:46:40.000000 UTC,3550,30.2073,30.2099
39261,16111,2016-02-13 00:46:40.000000 UTC,27550,30.2075,30.2264
39261,16111,2016-02-15 02:16:40.000000 UTC,3130,30.2079,30.2022
28255,16111,2016-02-20 05:40:00.000000 UTC,52690,30.2082,29.7405
39261,28255,2016-02-12 18:40:00.000000 UTC,4690,30.2084,30.2266
29093,28255,2016-02-02 10:01:40.000000 UTC,3550,30.2086,30.2098
28255,39261,2016-02-23 19:15:00.000000 UTC,16450,30.2087,29.0077
39261,16111,2016-02-17 02:15:00.000000 UTC,2470,30.2094,30.178
28255,39261,2016-02-18 09:15:00.000000 UTC,18850,30.2095,29.1805
28255,29093,2016-02-18 10:55:00.000000 UTC,44230,30.2095,29.9419
28255,39261,2016-02-20 02:25:00.000000 UTC,2170,30.2097,30.1862
29093,16111,2016-02-05 10:20:00.000000 UTC,2590,30.2098,30.4652
28255,29093,2016-02-19 04:25:00.000000 UTC,4630,30.2098,30.2067
29093,16111,2016-02-04 09:16:40.000000 UTC,2830,30.2099,30.1888
28255,16111,2016-02-23 03:20:00.000000 UTC,54370,30.2099,30.7543
29093,28255,2016-02-02 08:40:00.000000 UTC,310,30.21,30.1985
28255,29093,2016-02-18 05:05:00.000000 UTC,4150,30.21,30.2094
39261,16111,2016-02-13 19:40:00.000000 UTC,4450,30.2102,30.2212
39261,29093,2016-02-12 13:55:00.000000 UTC,35350,30.2103,30.2056
39261,28255,2016-02-13 02:35:00.000000 UTC,24190,30.2104,29.2427
29093,28255,2016-02-05 00:50:00.000000 UTC,1090,30.2105,30.2547
28255,29093,2016-02-18 15:46:40.000000 UTC,21190,30.2106,28.7174
39261,29093,2016-02-12 22:16:40.000000 UTC,4030,30.2107,30.2211
16111,29093,2016-02-09 16:30:00.000000 UTC,44470,30.211,31.1175
39261,16111,2016-02-12 23:05:00.000000 UTC,4390,30.211,30.217
28255,29093,2016-02-18 10:55:00.000000 UTC,3550,30.2113,30.1905
16111,28255,2016-02-07 21:00:00.000000 UTC,8950,30.2114,30.2232
16111,28255,2016-02-07 01:10:00.000000 UTC,3910,30.2115,30.3969
16111,28255,2016-02-06 21:45:00.000000 UTC,9130,30.2117,30.2373
29093,16111,2016-02-01 01:15:00.000000 UTC,49690,30.2118,30.7508
16111,29093,2016-02-07 09:05:00.000000 UTC,54190,30.212,31.1511
39261,29093,2016-02-13 03:31:40.000000 UTC,9130,30.212,30.24
39261,28255,2016-02-18 04:30:00.000000 UTC,4930,30.212,30.2314
16111,28255,2016-02-06 21:16:40.000000 UTC,40030,30.2122,29.9152
39261,28255,2016-02-13 05:30:00.000000 UTC,4750,30.2126,30.3672
28255,39261,2016-02-18 08:45:00.000000 UTC,1390,30.2126,30.2519
28255,39261,2016-02-20 00:50:00.000000 UTC,5470,30.2127,30.1195
29093,28255,2016-02-01 09:01:40.000000 UTC,17590,30.2132,29.043
29093,39261,2016-02-03 13:25:00.000000 UTC,3130,30.2134,30.2279
16111,29093,2016-02-09 12:35:00.000000 UTC,49690,30.2135,30.6204
16111,29093,2016-02-11 06:16:40.000000 UTC,45550,30.2138,31.1896
29093,16111,2016-02-01 02:31:40.000000 UTC,49450,30.2142,30.4228
28255,16111,2016-02-23 00:46:40.000000 UTC,3970,30.2142,30.211
28255,29093,2016-02-20 19:46:40.000000 UTC,3610,30.2143,30.1967
29093,16111,2016-02-02 01:05:00.000000 UTC,17230,30.2144,29.0997
29093,16111,2016-02-03 23:00:00.000000 UTC,15790,30.2144,29.7361
39261,29093,2016-02-13 15:45:00.000000 UTC,21970,30.2145,28.0545
28255,29093,2016-02-23 03:20:00.000000 UTC,20170,30.2147,29.1656
28255,16111,2016-02-23 05:55:00.000000 UTC,3430,30.2147,30.199
39261,28255,2016-02-13 18:20:00.000000 UTC,4270,30.2151,30.2324
29093,28255,2016-02-01 12:05:00.000000 UTC,4090,30.2152,30.2148
29093,39261,2016-02-03 21:01:40.000000 UTC,4150,30.2154,30.2278
16111,39261,2016-02-06 21:45:00.000000 UTC,4870,30.2155,30.2175
16111,28255,2016-02-10 18:20:00.000000 UTC,2350,30.2155,30.2549
28255,16111,2016-02-23 19:15:00.000000 UTC,1930,30.2157,30.2063
16111,29093,2016-02-06 18:16:40.000000 UTC,31750,30.2159,30.5897
29093,28255,2016-02-01 08:20:00.000000 UTC,3550,30.216,30.2117
28255,16111,2016-02-18 04:55:00.000000 UTC,3370,30.2161,29.9541
29093,16111,2016-02-02 20:20:00.000000 UTC,11350,30.2162,28.5994
29093,39261,2016-02-02 01:05:00.000000 UTC,37210,30.2163,29.6382
39261,16111,2016-02-14 08:55:00.000000 UTC,2590,30.2165,30.2509
39261,28255,2016-02-12 13:31:40.000000 UTC,4750,30.2167,30.1476
39261,16111,2016-02-12 20:01:40.000000 UTC,4810,30.2169,30.2303
28255,39261,2016-02-18 17:25:00.000000 UTC,18490,30.2169,29.7922
16111,28255,2016-02-08 18:40:00.000000 UTC,8530,30.2171,30.1828
39261,16111,2016-02-14 04:15:00.000000 UTC,3250,30.2172,30.2013
39261,28255,2016-02-17 12:25:00.000000 UTC,23770,30.2172,28.7117
28255,29093,2016-02-19 23:16:40.000000 UTC,26170,30.2172,28.7205
29093,16111,2016-02-01 00:00:00.000000 UTC,17710,30.2175,29.5189
39261,29093,2016-02-12 21:30:00.000000 UTC,27910,30.2175,30.1322
29093,39261,2016-02-01 22:46:40.000000 UTC,48490,30.2176,30.2638
39261,16111,2016-02-16 16:31:40.000000 UTC,3730,30.2178,30.2208
39261,28255,2016-02-13 00:46:40.000000 UTC,4690,30.2179,30.2445
28255,29093,2016-02-18 13:31:40.000000 UTC,9070,30.218,30.2171
28255,39261,2016-02-19 21:45:00.000000 UTC,5470,30.218,30.2242
29093,28255,2016-02-05 00:50:00.000000 UTC,4150,30.2181,30.2622
39261,28255,2016-02-12 16:16:40.000000 UTC,13390,30.2181,27.5665
16111,39261,2016-02-10 23:01:40.000000 UTC,47650,30.2185,29.2704
39261,28255,2016-02-13 05:30:00.000000 UTC,4510,30.2187,30.2254
28255,39261,2016-02-20 16:05:00.000000 UTC,1750,30.219,30.2805
28255,16111,2016-02-22 22:15:00.000000 UTC,4270,30.2191,30.2065
16111,29093,2016-02-09 05:05:00.000000 UTC,3790,30.2194,30.2602
29093,39261,2016-02-06 04:01:40.000000 UTC,2170,30.2196,30.2219
16111,39261,2016-02-07 02:31:40.000000 UTC,2830,30.2198,29.9354
28255,29093,2016-02-18 04:31:40.000000 UTC,56890,30.2198,30.0374
28255,16111,2016-02-21 05:30:00.000000 UTC,8950,30.2198,30.2293
29093,28255,2016-02-03 04:31:40.000000 UTC,8530,30.2202,29.7056
16111,39261,2016-02-11 18:55:00.000000 UTC,4390,30.2202,30.061
29093,39261,2016-02-06 12:01:40.000000 UTC,16870,30.2204,28.4243
28255,29093,2016-02-22 22:15:00.000000 UTC,4030,30.2206,30.2134
29093,28255,2016-02-02 06:01:40.000000 UTC,3370,30.2207,30.1681
16111,39261,2016-02-07 21:00:00.000000 UTC,25870,30.2211,30.1197
28255,39261,2016-02-18 08:16:40.000000 UTC,4690,30.2211,30.2173
39261,16111,2016-02-14 13:50:00.000000 UTC,56410,30.2214,30.4749
28255,39261,2016-02-18 07:25:00.000000 UTC,4690,30.2215,30.2249
28255,29093,2016-02-21 18:05:00.000000 UTC,4030,30.222,30.2253
29093,39261,2016-02-01 04:15:00.000000 UTC,4990,30.2221,30.2264
28255,16111,2016-02-22 00:45:00.000000 UTC,31990,30.2221,29.403
16111,39261,2016-02-08 07:46:40.000000 UTC,3670,30.2222,30.202
29093,39261,2016-02-01 00:46:40.000000 UTC,54730,30.2223,30.7396
39261,16111,2016-02-12 11:10:00.000000 UTC,3550,30.2223,30.1261
29093,39261,2016-02-01 00:01:40.000000 UTC,59710,30.2224,30.8802
39261,28255,2016-02-12 11:35:00.000000 UTC,4930,30.2227,30.249
39261,29093,2016-02-13 08:40:00.000000 UTC,2890,30.2232,30.124
16111,39261,2016-02-12 00:10:00.000000 UTC,4150,30.224,30.2547
29093,28255,2016-02-01 05:50:00.000000 UTC,9490,30.2241,30.2338
28255,29093,2016-02-18 04:46:40.000000 UTC,4210,30.2243,30.2164
28255,29093,2016-02-19 14:31:40.000000 UTC,3370,30.2243,30.0177
39261,28255,2016-02-13 08:40:00.000000 UTC,5410,30.2244,30.1099
16111,28255,2016-02-08 18:40:00.000000 UTC,2650,30.2245,30.2316
29093,39261,2016-02-01 14:40:00.000000 UTC,2950,30.2248,30.0104
39261,28255,2016-02-13 06:31:40.000000 UTC,4450,30.2248,30.2397
39261,16111,2016-02-13 10:55:00.000000 UTC,2770,30.2254,30.1747
29093,16111,2016-02-05 15:15:00.000000 UTC,41170,30.2255,30.4371
29093,16111,2016-02-03 01:10:00.000000 UTC,3250,30.226,30.2217
39261,16111,2016-02-12 11:10:00.000000 UTC,13930,30.2264,29.8482
28255,16111,2016-02-18 15:00:00.000000 UTC,4630,30.2265,30.2257
29093,39261,2016-02-04 13:35:00.000000 UTC,15490,30.2266,30.155
39261,29093,2016-02-12 13:31:40.000000 UTC,28450,30.2267,28.714
39261,29093,2016-02-12 23:05:00.000000 UTC,3850,30.2272,30.2161
29093,39261,2016-02-03 04:31:40.000000 UTC,5050,30.2274,30.2222
39261,28255,2016-02-12 12:00:00.000000 UTC,4810,30.2276,30.2242
39261,29093,2016-02-12 23:55:00.000000 UTC,3850,30.2283,30.2225
16111,28255,2016-02-12 02:50:00.000000 UTC,3250,30.2285,30.2425
16111,39261,2016-02-09 20:31:40.000000 UTC,9250,30.2286,30.0195
28255,39261,2016-02-18 09:46:40.000000 UTC,19330,30.2287,27.9871
28255,29093,2016-02-23 19:15:00.000000 UTC,4870,30.2292,30.2204
16111,28255,2016-02-06 21:45:00.000000 UTC,9190,30.2297,30.2607
16111,29093,2016-02-07 15:10:00.000000 UTC,10810,30.2298,29.2916
28255,29093,2016-02-18 13:31:40.000000 UTC,3190,30.2302,30.2016
28255,16111,2016-02-18 07:50:00.000000 UTC,2650,30.2304,30.244
39261,29093,2016-02-15 08:01:40.000000 UTC,2590,30.2308,30.1604
28255,29093,2016-02-23 16:31:40.000000 UTC,8050,30.2311,29.6069
16111,29093,2016-02-06 22:46:40.000000 UTC,3010,30.2314,30.2309
28255,16111,2016-02-19 01:05:00.000000 UTC,9430,30.2316,30.3046
29093,39261,2016-02-06 06:40:00.000000 UTC,2410,30.2319,30.2813
39261,28255,2016-02-12 13:55:00.000000 UTC,4750,30.232,30.2554
28255,29093,2016-02-19 02:10:00.000000 UTC,1990,30.232,30.2146
16111,28255,2016-02-08 04:55:00.000000 UTC,24250,30.2322,28.6747
28255,39261,2016-02-18 06:01:40.000000 UTC,1330,30.233,30.2498
39261,16111,2016-02-16 18:55:00.000000 UTC,3490,30.2332,30.2514
16111,28255,2016-02-06 17:55:00.000000 UTC,33610,30.2333,29.0991
28255,29093,2016-02-18 16:35:00.000000 UTC,2530,30.2333,29.8427
39261,28255,2016-02-13 15:45:00.000000 UTC,4570,30.2334,30.2409
16111,29093,2016-02-08 02:10:00.000000 UTC,43330,30.2336,30.7703
28255,29093,2016-02-18 04:55:00.000000 UTC,4210,30.2336,30.2346
28255,16111,2016-02-22 12:25:00.000000 UTC,2890,30.2336,29.8669
28255,29093,2016-02-23 22:00:00.000000 UTC,4570,30.2336,30.2041
29093,28255,2016-02-06 06:40:00.000000 UTC,12310,30.2339,29.6723
28255,29093,2016-02-18 09:46:40.000000 UTC,3730,30.2339,30.2022
29093,39261,2016-02-01 00:25:00.000000 UTC,4390,30.2341,30.2549
16111,39261,2016-02-09 06:55:00.000000 UTC,58930,30.2341,31.0943
29093,28255,2016-02-06 01:25:00.000000 UTC,3610,30.2344,30.1571
39261,29093,2016-02-12 23:05:00.000000 UTC,11890,30.2345,27.6102
28255,29093,2016-02-23 00:46:40.000000 UTC,3910,30.2347,30.2127
28255,16111,2016-02-19 06:46:40.000000 UTC,52690,30.2348,30.6744
29093,16111,2016-02-04 05:05:00.000000 UTC,2470,30.2349,29.509
29093,39261,2016-02-01 09:45:00.000000 UTC,1870,30.2351,30.3403
16111,29093,2016-02-11 06:16:40.000000 UTC,45490,30.2352,31.1107
39261,28255,2016-02-15 04:10:00.000000 UTC,46090,30.2352,29.2238
16111,28255,2016-02-07 14:05:00.000000 UTC,48490,30.2354,30.1782
39261,16111,2016-02-13 03:31:40.000000 UTC,3730,30.2354,30.2304
16111,28255,2016-02-08 10:45:00.000000 UTC,4630,30.2359,30.2781
39261,29093,2016-02-16 02:46:40.000000 UTC,3310,30.2359,30.1642
28255,16111,2016-02-21 20:16:40.000000 UTC,4390,30.236,30.2129
39261,16111,2016-02-14 04:15:00.000000 UTC,9010,30.2364,30.2065
16111,28255,2016-02-08 20:20:00.000000 UTC,8530,30.2365,30.1244
29093,28255,2016-02-06 14:45:00.000000 UTC,5050,30.2372,30.2675
16111,39261,2016-02-08 06:20:00.000000 UTC,3490,30.2374,30.2101
28255,16111,2016-02-22 03:01:40.000000 UTC,3610,30.2375,30.2222
29093,39261,2016-02-01 00:01:40.000000 UTC,59650,30.2378,30.7822
16111,29093,2016-02-07 16:16:40.000000 UTC,3310,30.2378,30.3595
16111,39261,2016-02-09 10:40:00.000000 UTC,4510,30.2378,30.249
29093,39261,2016-02-02 17:15:00.000000 UTC,22330,30.2383,30.2183
16111,28255,2016-02-09 18:30:00.000000 UTC,2470,30.2383,30.2701
29093,16111,2016-02-03 19:05:00.000000 UTC,3130,30.2384,30.2446
39261,16111,2016-02-16 16:31:40.000000 UTC,49630,30.2385,30.6662
16111,39261,2016-02-06 19:01:40.000000 UTC,53770,30.2386,30.5971
28255,29093,2016-02-18 05:45:00.000000 UTC,55330,30.239,30.7005
28255,29093,2016-02-18 06:01:40.000000 UTC,4030,30.239,30.2305
16111,28255,2016-02-07 00:31:40.000000 UTC,51490,30.2391,30.6976
29093,16111,2016-02-01 13:46:40.000000 UTC,54970,30.2392,30.9003
16111,28255,2016-02-10 02:46:40.000000 UTC,3550,30.2395,30.323
29093,28255,2016-02-03 13:25:00.000000 UTC,3190,30.2396,30.2418
16111,28255,2016-02-09 14:31:40.000000 UTC,2050,30.2396,30.2785
16111,28255,2016-02-08 09:15:00.000000 UTC,4450,30.2397,30.2643
29093,16111,2016-02-01 21:40:00.000000 UTC,17230,30.2398,29.3009
16111,29093,2016-02-07 11:00:00.000000 UTC,3190,30.24,30.2307
28255,16111,2016-02-19 10:31:40.000000 UTC,2170,30.2401,30.0072
28255,16111,2016-02-21 11:40:00.000000 UTC,2530,30.2401,30.1271
16111,29093,2016-02-08 03:31:40.000000 UTC,3370,30.2402,30.2378
39261,16111,2016-02-13 12:05:00.000000 UTC,2590,30.2404,30.2292
39261,29093,2016-02-15 04:10:00.000000 UTC,2890,30.2407,30.0407
29093,28255,2016-02-05 07:55:00.000000 UTC,4750,30.2408,30.2887
28255,16111,2016-02-21 07:31:40.000000 UTC,15430,30.2409,28.8499
39261,16111,2016-02-12 23:55:00.000000 UTC,4210,30.2411,30.24
16111,29093,2016-02-09 06:55:00.000000 UTC,44050,30.2416,30.7609
28255,29093,2016-02-18 04:40:00.000000 UTC,4210,30.2416,30.2182
16111,39261,2016-02-08 04:55:00.000000 UTC,52090,30.2417,30.8629
28255,39261,2016-02-22 22:15:00.000000 UTC,18070,30.2417,27.6617
16111,39261,2016-02-07 07:16:40.000000 UTC,3970,30.2426,30.1226
39261,16111,2016-02-17 12:25:00.000000 UTC,3970,30.2428,30.2627
28255,39261,2016-02-18 19:10:00.000000 UTC,4930,30.2428,30.2371
29093,28255,2016-02-05 10:20:00.000000 UTC,18070,30.2432,29.1052
39261,28255,2016-02-13 04:30:00.000000 UTC,5050,30.2432,30.3908
16111,29093,2016-02-10 07:05:00.000000 UTC,4090,30.2433,30.2623
29093,39261,2016-02-05 22:50:00.000000 UTC,1510,30.2435,30.2175
39261,28255,2016-02-15 20:16:40.000000 UTC,14830,30.2436,29.8638
39261,16111,2016-02-12 21:30:00.000000 UTC,4630,30.2438,30.2513
16111,29093,2016-02-06 21:16:40.000000 UTC,10570,30.244,28.8354
39261,16111,2016-02-15 08:01:40.000000 UTC,19570,30.2441,29.3922
16111,28255,2016-02-07 23:31:40.000000 UTC,4330,30.2442,30.059
28255,16111,2016-02-18 15:46:40.000000 UTC,1750,30.2442,30.2639
29093,28255,2016-02-01 09:01:40.000000 UTC,3850,30.2444,30.2479
29093,28255,2016-02-01 01:50:00.000000 UTC,8830,30.2448,30.2781
29093,16111,2016-02-02 02:16:40.000000 UTC,44950,30.2449,29.8259
29093,39261,2016-02-01 00:10:00.000000 UTC,59650,30.245,30.7902
39261,28255,2016-02-12 11:25:00.000000 UTC,4930,30.2451,30.2522
39261,29093,2016-02-12 12:50:00.000000 UTC,18250,30.2452,30.7191
29093,16111,2016-02-01 17:30:00.000000 UTC,3730,30.2454,30.2532
16111,29093,2016-02-08 17:01:40.000000 UTC,3610,30.2455,30.2396
28255,16111,2016-02-19 04:25:00.000000 UTC,3130,30.2456,30.1911
16111,28255,2016-02-06 23:20:00.000000 UTC,4570,30.2457,30.0592
29093,28255,2016-02-03 17:10:00.000000 UTC,51430,30.2461,30.219
16111,28255,2016-02-10 00:40:00.000000 UTC,3070,30.2466,30.0445
29093,39261,2016-02-04 07:10:00.000000 UTC,2350,30.2467,30.2842
28255,16111,2016-02-18 08:16:40.000000 UTC,2830,30.2468,29.9506
28255,29093,2016-02-22 17:16:40.000000 UTC,34870,30.2468,29.9554
39261,16111,2016-02-14 13:50:00.000000 UTC,1990,30.2469,30.2602
16111,39261,2016-02-07 19:46:40.000000 UTC,5050,30.247,30.2774
16111,28255,2016-02-11 01:25:00.000000 UTC,32410,30.247,29.3031
28255,39261,2016-02-21 18:05:00.000000 UTC,9730,30.247,29.7274
28255,16111,2016-02-23 16:31:40.000000 UTC,2230,30.2471,30.2323
29093,28255,2016-02-01 00:16:40.000000 UTC,2650,30.2476,30.2378
29093,16111,2016-02-03 04:31:40.000000 UTC,43990,30.2479,30.415
28255,29093,2016-02-18 12:10:00.000000 UTC,4030,30.2482,29.8573
29093,28255,2016-02-01 01:50:00.000000 UTC,2950,30.2483,30.2663
39261,29093,2016-02-15 10:00:00.000000 UTC,36610,30.2483,29.2591
16111,39261,2016-02-11 11:15:00.000000 UTC,55090,30.2486,30.0163
39261,28255,2016-02-12 18:01:40.000000 UTC,4810,30.2486,30.262
28255,39261,2016-02-18 20:05:00.000000 UTC,4930,30.2486,30.2314
29093,28255,2016-02-02 20:20:00.000000 UTC,18790,30.2487,29.7717
16111,39261,2016-02-09 22:35:00.000000 UTC,9190,30.2487,30.2405
39261,29093,2016-02-13 18:20:00.000000 UTC,4450,30.2488,30.25
28255,29093,2016-02-18 12:10:00.000000 UTC,48190,30.2489,30.1742
39261,29093,2016-02-13 03:31:40.000000 UTC,21130,30.249,29.9586
39261,29093,2016-02-14 04:15:00.000000 UTC,10150,30.2491,28.8238
39261,29093,2016-02-12 12:31:40.000000 UTC,47350,30.2492,30.2234
16111,39261,2016-02-10 09:16:40.000000 UTC,4630,30.2495,30.2571
28255,29093,2016-02-21 07:31:40.000000 UTC,34630,30.2496,29.3288
39261,28255,2016-02-12 22:16:40.000000 UTC,24370,30.2499,29.2658
39261,28255,2016-02-12 11:46:40.000000 UTC,4930,30.2501,30.2826
39261,16111,2016-02-12 23:05:00.000000 UTC,22990,30.2504,30.0192
16111,28255,2016-02-07 08:10:00.000000 UTC,4450,30.2506,30.273
39261,28255,2016-02-12 16:50:00.000000 UTC,4810,30.2507,30.2655
28255,16111,2016-02-20 14:16:40.000000 UTC,56890,30.2511,30.8854
29093,28255,2016-02-01 16:31:40.000000 UTC,4510,30.2514,30.2785
16111,29093,2016-02-07 11:00:00.000000 UTC,38230,30.2514,30.5124
29093,39261,2016-02-02 14:16:40.000000 UTC,58390,30.2518,30.6849
16111,29093,2016-02-06 17:35:00.000000 UTC,1990,30.2518,27.8353
39261,16111,2016-02-17 17:40:00.000000 UTC,3850,30.2521,30.1378
16111,28255,2016-02-06 17:40:00.000000 UTC,14650,30.2528,30.2437
28255,39261,2016-02-18 05:16:40.000000 UTC,59110,30.2528,29.7851
29093,28255,2016-02-02 06:01:40.000000 UTC,2950,30.2529,30.1896
28255,39261,2016-02-18 05:16:40.000000 UTC,11290,30.2534,30.282
16111,28255,2016-02-10 00:40:00.000000 UTC,3970,30.2536,30.1386
39261,28255,2016-02-12 23:55:00.000000 UTC,4570,30.2538,30.257
28255,29093,2016-02-18 05:05:00.000000 UTC,6310,30.2539,29.4675
28255,39261,2016-02-19 09:15:00.000000 UTC,1870,30.2539,30.2241
28255,16111,2016-02-20 17:55:00.000000 UTC,4510,30.2539,30.158
39261,29093,2016-02-12 13:10:00.000000 UTC,29050,30.254,29.901
28255,16111,2016-02-18 19:10:00.000000 UTC,4210,30.254,30.2532
28255,29093,2016-02-23 08:31:40.000000 UTC,59110,30.2543,30.8272
28255,29093,2016-02-18 07:50:00.000000 UTC,3910,30.2544,30.2384
39261,28255,2016-02-13 17:01:40.000000 UTC,4510,30.2546,30.2504
28255,16111,2016-02-18 07:50:00.000000 UTC,2590,30.2546,30.2786
39261,29093,2016-02-17 15:01:40.000000 UTC,4630,30.2549,30.2561
29093,39261,2016-02-02 08:40:00.000000 UTC,8710,30.2551,29.9039
29093,16111,2016-02-03 23:00:00.000000 UTC,10510,30.2551,29.0059
28255,29093,2016-02-18 23:00:00.000000 UTC,2290,30.2551,30.2028
29093,39261,2016-02-02 14:16:40.000000 UTC,3850,30.2554,30.1976
39261,16111,2016-02-14 12:10:00.000000 UTC,5170,30.2555,30.2855
28255,29093,2016-02-18 04:35:00.000000 UTC,15490,30.2555,28.7078
16111,39261,2016-02-07 21:00:00.000000 UTC,2170,30.2556,30.2557
16111,28255,2016-02-08 03:31:40.000000 UTC,3910,30.2556,30.302
16111,28255,2016-02-06 17:40:00.000000 UTC,2830,30.2557,30.2569
29093,39261,2016-02-02 23:31:40.000000 UTC,4390,30.2558,30.2827
29093,16111,2016-02-04 18:00:00.000000 UTC,52930,30.2563,30.7968
29093,16111,2016-02-05 12:46:40.000000 UTC,41410,30.2564,30.6984
39261,29093,2016-02-15 04:10:00.000000 UTC,3310,30.2568,30.21
39261,16111,2016-02-12 18:01:40.000000 UTC,24850,30.2569,29.0498
29093,16111,2016-02-01 23:55:00.000000 UTC,49090,30.2571,30.9158
29093,28255,2016-02-01 02:31:40.000000 UTC,9010,30.2572,30.2036
16111,28255,2016-02-06 23:20:00.000000 UTC,9610,30.2573,30.3472
39261,16111,2016-02-13 06:31:40.000000 UTC,9190,30.2574,30.2152
28255,16111,2016-02-19 11:50:00.000000 UTC,58570,30.2576,29.879
29093,16111,2016-02-02 12:50:00.000000 UTC,3490,30.2577,30.2673
39261,28255,2016-02-13 08:40:00.000000 UTC,4630,30.2577,30.3447
28255,29093,2016-02-22 12:25:00.000000 UTC,2110,30.2577,30.4036
28255,16111,2016-02-22 00:45:00.000000 UTC,3910,30.258,30.2644
39261,16111,2016-02-14 05:46:40.000000 UTC,13870,30.2582,29.8475
29093,28255,2016-02-01 06:25:00.000000 UTC,3670,30.2585,30.3607
39261,28255,2016-02-13 03:31:40.000000 UTC,4990,30.2586,30.4597
29093,28255,2016-02-01 00:05:00.000000 UTC,26110,30.2588,29.9595
29093,28255,2016-02-01 04:45:00.000000 UTC,28330,30.2588,29.5938
16111,39261,2016-02-07 14:05:00.000000 UTC,42190,30.2591,30.1876
28255,16111,2016-02-18 12:10:00.000000 UTC,4990,30.2592,30.2319
39261,16111,2016-02-16 11:50:00.000000 UTC,29050,30.2594,29.3589
28255,39261,2016-02-19 01:05:00.000000 UTC,5050,30.2596,30.2568
28255,16111,2016-02-18 06:01:40.000000 UTC,37150,30.2597,29.6346
16111,39261,2016-02-10 16:01:40.000000 UTC,2590,30.2603,30.247
16111,28255,2016-02-12 02:50:00.000000 UTC,3970,30.2603,30.1194
39261,29093,2016-02-17 15:01:40.000000 UTC,1690,30.2604,30.2808
29093,39261,2016-02-01 09:45:00.000000 UTC,1930,30.2606,30.3554
28255,16111,2016-02-18 20:05:00.000000 UTC,4090,30.2606,30.2671
39261,29093,2016-02-14 01:16:40.000000 UTC,9310,30.2608,30.2126
16111,39261,2016-02-06 17:35:00.000000 UTC,48490,30.2609,30.3551
39261,16111,2016-02-13 06:31:40.000000 UTC,3370,30.261,30.2466
29093,16111,2016-02-05 12:46:40.000000 UTC,41350,30.2611,30.5995
28255,29093,2016-02-20 21:40:00.000000 UTC,53830,30.2611,30.5919
39261,29093,2016-02-12 12:15:00.000000 UTC,2290,30.2612,30.2578
28255,16111,2016-02-18 05:16:40.000000 UTC,3250,30.2613,30.2038
16111,29093,2016-02-06 23:20:00.000000 UTC,2950,30.2614,30.2343
39261,28255,2016-02-15 20:16:40.000000 UTC,33310,30.2619,29.2518
29093,28255,2016-02-05 15:15:00.000000 UTC,2830,30.262,30.0201
16111,39261,2016-02-08 15:25:00.000000 UTC,4750,30.2621,30.2884
39261,16111,2016-02-15 22:25:00.000000 UTC,3370,30.2624,30.2665
39261,29093,2016-02-12 16:16:40.000000 UTC,1810,30.2626,30.2374
28255,29093,2016-02-22 00:45:00.000000 UTC,3430,30.2626,30.2481
28255,39261,2016-02-19 11:50:00.000000 UTC,5290,30.2628,30.2643
16111,39261,2016-02-08 04:55:00.000000 UTC,3850,30.2634,30.2202
29093,28255,2016-02-03 02:50:00.000000 UTC,2170,30.2635,30.3198
16111,28255,2016-02-07 01:10:00.000000 UTC,33370,30.2636,29.3827
28255,39261,2016-02-19 03:16:40.000000 UTC,1750,30.2637,30.2721
39261,16111,2016-02-12 14:46:40.000000 UTC,2590,30.2642,30.2244
29093,39261,2016-02-04 20:15:00.000000 UTC,42250,30.2643,29.9005
28255,29093,2016-02-21 22:30:00.000000 UTC,790,30.2646,30.2161
16111,28255,2016-02-12 08:15:00.000000 UTC,16630,30.2647,30.3731
16111,29093,2016-02-09 01:30:00.000000 UTC,17410,30.2648,29.0794
29093,16111,2016-02-03 19:05:00.000000 UTC,10450,30.2652,29.3368
16111,28255,2016-02-07 03:15:00.000000 UTC,3910,30.2653,30.2857
16111,39261,2016-02-09 22:35:00.000000 UTC,56890,30.2653,30.2856
28255,16111,2016-02-18 18:16:40.000000 UTC,55570,30.2656,30.8489
29093,28255,2016-02-03 08:00:00.000000 UTC,31450,30.2657,29.2544
16111,28255,2016-02-07 11:00:00.000000 UTC,1870,30.2658,30.3106
28255,29093,2016-02-18 05:05:00.000000 UTC,49330,30.2658,29.4547
39261,29093,2016-02-12 11:25:00.000000 UTC,23290,30.2659,28.6091
16111,39261,2016-02-06 20:25:00.000000 UTC,4750,30.2665,30.2701
29093,28255,2016-02-03 13:25:00.000000 UTC,4150,30.2667,30.1377
28255,39261,2016-02-18 08:45:00.000000 UTC,4750,30.2668,30.2547
29093,28255,2016-02-04 11:25:00.000000 UTC,21730,30.267,28.0445
39261,29093,2016-02-13 21:01:40.000000 UTC,4090,30.2671,30.2661
29093,39261,2016-02-06 09:20:00.000000 UTC,9070,30.2676,30.0188
29093,28255,2016-02-03 04:31:40.000000 UTC,8410,30.2678,29.9057
16111,39261,2016-02-07 23:31:40.000000 UTC,2350,30.2678,30.3279
39261,28255,2016-02-13 14:30:00.000000 UTC,41530,30.2681,29.4364
28255,29093,2016-02-18 10:55:00.000000 UTC,38650,30.2682,29.6909
39261,28255,2016-02-12 11:35:00.000000 UTC,4990,30.2686,30.3046
28255,29093,2016-02-22 00:45:00.000000 UTC,9070,30.2688,30.2071
28255,29093,2016-02-22 19:45:00.000000 UTC,4450,30.2689,30.2672
28255,29093,2016-02-18 10:55:00.000000 UTC,3610,30.269,30.2273
28255,16111,2016-02-20 14:16:40.000000 UTC,51070,30.2694,30.345
28255,16111,2016-02-18 23:00:00.000000 UTC,31690,30.2697,29.3505
28255,16111,2016-02-18 04:30:00.000000 UTC,2950,30.2698,30.221
16111,29093,2016-02-07 15:10:00.000000 UTC,43150,30.2702,30.9596
29093,16111,2016-02-03 15:16:40.000000 UTC,59590,30.2704,31.6612
29093,16111,2016-02-04 20:15:00.000000 UTC,58750,30.2706,31.3952
28255,16111,2016-02-20 04:01:40.000000 UTC,3370,30.2709,30.2204
39261,16111,2016-02-14 01:16:40.000000 UTC,16690,30.2712,28.9321
16111,29093,2016-02-07 22:15:00.000000 UTC,3370,30.2713,30.2656
39261,29093,2016-02-16 21:20:00.000000 UTC,3970,30.2713,30.2816
29093,28255,2016-02-02 01:05:00.000000 UTC,2410,30.2717,30.2622
28255,16111,2016-02-19 01:05:00.000000 UTC,16210,30.2718,29.415
28255,16111,2016-02-21 05:30:00.000000 UTC,3850,30.2718,30.1479
29093,39261,2016-02-03 01:10:00.000000 UTC,48970,30.2724,30.6333
29093,39261,2016-02-05 22:50:00.000000 UTC,4630,30.2726,30.2979
28255,39261,2016-02-18 08:16:40.000000 UTC,4750,30.2726,30.2713
39261,29093,2016-02-13 13:16:40.000000 UTC,2110,30.2728,30.2664
28255,29093,2016-02-18 12:10:00.000000 UTC,20590,30.2728,30.1987
29093,39261,2016-02-06 09:20:00.000000 UTC,2290,30.273,29.8744
16111,28255,2016-02-09 08:46:40.000000 UTC,52810,30.2735,30.4711
39261,29093,2016-02-12 21:30:00.000000 UTC,4090,30.2735,30.274
16111,28255,2016-02-11 06:16:40.000000 UTC,41530,30.2737,29.3104
16111,39261,2016-02-07 17:25:00.000000 UTC,4630,30.2738,30.2857
39261,29093,2016-02-16 21:20:00.000000 UTC,20530,30.2739,28.7533
39261,28255,2016-02-14 08:55:00.000000 UTC,44830,30.2741,28.9208
16111,39261,2016-02-07 09:05:00.000000 UTC,4570,30.2743,30.0877
39261,28255,2016-02-14 05:46:40.000000 UTC,670,30.2743,30.1882
39261,28255,2016-02-12 23:05:00.000000 UTC,4750,30.2749,30.2729
28255,29093,2016-02-23 11:10:00.000000 UTC,3010,30.2749,30.2187
16111,28255,2016-02-06 20:50:00.000000 UTC,3250,30.2751,30.3025
28255,16111,2016-02-20 23:35:00.000000 UTC,3910,30.2752,30.2529
29093,39261,2016-02-02 21:55:00.000000 UTC,18550,30.2754,29.4662
29093,39261,2016-02-01 14:40:00.000000 UTC,3850,30.2755,30.2049
29093,16111,2016-02-04 07:10:00.000000 UTC,47590,30.2755,30.5601
16111,28255,2016-02-06 17:55:00.000000 UTC,43390,30.2755,29.417
39261,29093,2016-02-16 18:55:00.000000 UTC,4210,30.2755,30.2812
28255,29093,2016-02-20 02:25:00.000000 UTC,8170,30.2756,29.8612
39261,28255,2016-02-12 11:16:40.000000 UTC,4930,30.276,30.2755
16111,29093,2016-02-07 19:46:40.000000 UTC,43270,30.2763,30.9779
16111,29093,2016-02-06 17:31:40.000000 UTC,2890,30.2765,30.2749
29093,28255,2016-02-02 18:46:40.000000 UTC,4270,30.2768,30.3027
16111,29093,2016-02-07 03:15:00.000000 UTC,59770,30.2768,31.3631
28255,29093,2016-02-20 09:01:40.000000 UTC,4570,30.2768,30.2791
28255,39261,2016-02-23 08:31:40.000000 UTC,10570,30.2768,30.0948
16111,28255,2016-02-12 11:00:00.000000 UTC,1810,30.2771,25.103
39261,29093,2016-02-12 11:05:00.000000 UTC,2470,30.2771,30.2283
28255,39261,2016-02-18 15:46:40.000000 UTC,7750,30.2772,27.3638
28255,39261,2016-02-18 06:40:00.000000 UTC,35050,30.2777,29.151
28255,16111,2016-02-23 03:20:00.000000 UTC,3730,30.2778,30.2553
39261,16111,2016-02-12 20:45:00.000000 UTC,33430,30.2779,29.3971
16111,29093,2016-02-08 22:01:40.000000 UTC,3670,30.2781,30.2868
29093,39261,2016-02-01 18:30:00.000000 UTC,33910,30.2782,29.4214
29093,39261,2016-02-03 15:16:40.000000 UTC,4390,30.2782,30.1364
28255,16111,2016-02-18 07:01:40.000000 UTC,2830,30.2782,30.2297
28255,29093,2016-02-21 20:16:40.000000 UTC,34030,30.2783,28.9416
39261,28255,2016-02-13 06:31:40.000000 UTC,4510,30.2784,30.2873
16111,28255,2016-02-07 22:15:00.000000 UTC,56650,30.2787,30.8036
16111,39261,2016-02-10 02:46:40.000000 UTC,11530,30.2787,29.4585
39261,16111,2016-02-12 23:05:00.000000 UTC,4450,30.2788,30.3011
16111,29093,2016-02-06 17:55:00.000000 UTC,2950,30.2791,30.2512
29093,39261,2016-02-01 14:40:00.000000 UTC,47050,30.2793,29.0236
29093,39261,2016-02-01 07:40:00.000000 UTC,26170,30.2794,30.0427
39261,16111,2016-02-18 01:45:00.000000 UTC,2110,30.2794,30.3025
39261,29093,2016-02-15 00:25:00.000000 UTC,9610,30.2798,30.2062
39261,16111,2016-02-12 14:20:00.000000 UTC,8530,30.2799,29.995
28255,39261,2016-02-23 11:10:00.000000 UTC,4450,30.28,30.2404
39261,29093,2016-02-12 22:16:40.000000 UTC,4090,30.2804,30.2864
29093,16111,2016-02-03 02:50:00.000000 UTC,43030,30.2807,31.0033
39261,16111,2016-02-17 02:15:00.000000 UTC,2410,30.2808,30.2621
28255,16111,2016-02-21 01:31:40.000000 UTC,3730,30.2809,30.289
28255,39261,2016-02-18 04:30:00.000000 UTC,11830,30.2812,30.0814
29093,39261,2016-02-01 05:50:00.000000 UTC,42790,30.2813,29.8361
39261,29093,2016-02-12 18:40:00.000000 UTC,4450,30.2817,30.2663
29093,16111,2016-02-03 21:01:40.000000 UTC,48010,30.2819,30.9564
16111,28255,2016-02-09 10:40:00.000000 UTC,22810,30.2823,28.3852
16111,39261,2016-02-11 01:25:00.000000 UTC,4030,30.2824,30.3133
39261,29093,2016-02-14 17:15:00.000000 UTC,4510,30.2824,30.2935
28255,16111,2016-02-20 10:45:00.000000 UTC,17830,30.2824,28.6492
39261,16111,2016-02-12 19:20:00.000000 UTC,4870,30.2825,30.2847
16111,29093,2016-02-08 10:45:00.000000 UTC,3550,30.2826,30.2793
28255,16111,2016-02-19 21:45:00.000000 UTC,4030,30.2831,30.2591
16111,28255,2016-02-06 18:30:00.000000 UTC,3010,30.2832,30.1827
16111,39261,2016-02-10 02:46:40.000000 UTC,3790,30.2832,30.3035
39261,28255,2016-02-12 12:00:00.000000 UTC,4870,30.2835,30.289
16111,28255,2016-02-07 14:05:00.000000 UTC,24790,30.2839,29.8727
28255,29093,2016-02-18 11:31:40.000000 UTC,26950,30.284,29.9478
29093,28255,2016-02-01 12:05:00.000000 UTC,4150,30.2841,30.2865
28255,39261,2016-02-20 14:16:40.000000 UTC,38650,30.2844,29.889
29093,28255,2016-02-01 00:05:00.000000 UTC,21250,30.2845,29.7826
16111,28255,2016-02-11 06:16:40.000000 UTC,57790,30.2846,30.7255
39261,16111,2016-02-12 11:25:00.000000 UTC,2830,30.2851,30.0422
29093,28255,2016-02-01 07:40:00.000000 UTC,26770,30.2852,28.1927
28255,29093,2016-02-18 05:05:00.000000 UTC,4210,30.2855,30.2905
28255,16111,2016-02-20 04:01:40.000000 UTC,9010,30.2855,30.1534
39261,29093,2016-02-12 11:01:40.000000 UTC,2470,30.2856,30.2492
39261,28255,2016-02-17 07:16:40.000000 UTC,23830,30.2858,28.1986
28255,29093,2016-02-18 07:01:40.000000 UTC,3910,30.2859,30.2659
39261,29093,2016-02-14 12:10:00.000000 UTC,22810,30.2861,28.3635
16111,28255,2016-02-10 13:45:00.000000 UTC,25630,30.2864,29.1676
28255,29093,2016-02-19 09:15:00.000000 UTC,1270,30.2866,30.2852
29093,39261,2016-02-02 17:15:00.000000 UTC,3670,30.2867,30.3263
39261,16111,2016-02-15 14:01:40.000000 UTC,6910,30.2868,29.5304
16111,28255,2016-02-12 11:00:00.000000 UTC,4210,30.287,30.3213
28255,16111,2016-02-18 17:25:00.000000 UTC,55750,30.287,30.854
28255,16111,2016-02-19 23:16:40.000000 UTC,54610,30.2871,30.7492
29093,39261,2016-02-02 03:30:00.000000 UTC,4930,30.2874,30.314
16111,29093,2016-02-07 04:46:40.000000 UTC,3130,30.2875,30.2721
29093,28255,2016-02-01 11:16:40.000000 UTC,22510,30.2879,30.308
29093,28255,2016-02-03 23:00:00.000000 UTC,5530,30.288,30.6066
39261,16111,2016-02-14 10:31:40.000000 UTC,2410,30.2881,30.2629
39261,16111,2016-02-15 10:00:00.000000 UTC,2110,30.2883,30.3162
28255,16111,2016-02-23 00:46:40.000000 UTC,4030,30.2884,30.2919
28255,29093,2016-02-19 00:01:40.000000 UTC,12970,30.2886,30.0268
39261,29093,2016-02-12 11:00:00.000000 UTC,2470,30.2887,30.2583
39261,16111,2016-02-12 19:20:00.000000 UTC,1990,30.2888,30.2938
29093,39261,2016-02-04 15:46:40.000000 UTC,3610,30.2894,30.3041
28255,16111,2016-02-18 04:46:40.000000 UTC,2830,30.2895,30.0405
29093,39261,2016-02-01 03:20:00.000000 UTC,4870,30.2896,30.304
29093,39261,2016-02-01 09:45:00.000000 UTC,2050,30.2897,30.3705
16111,39261,2016-02-10 04:55:00.000000 UTC,5290,30.2898,30.3156
39261,16111,2016-02-13 04:30:00.000000 UTC,3730,30.2899,30.317
29093,16111,2016-02-01 15:35:00.000000 UTC,49690,30.2901,31.3663
29093,39261,2016-02-03 01:10:00.000000 UTC,4630,30.2902,30.3203
29093,39261,2016-02-03 21:01:40.000000 UTC,4210,30.2905,30.3096
28255,39261,2016-02-18 15:00:00.000000 UTC,4870,30.2905,30.2715
28255,39261,2016-02-20 16:05:00.000000 UTC,39010,30.2905,29.588
28255,16111,2016-02-23 00:46:40.000000 UTC,5230,30.2908,29.6865
29093,16111,2016-02-01 17:30:00.000000 UTC,6370,30.291,29.0143
39261,29093,2016-02-15 22:25:00.000000 UTC,10330,30.291,30.1356
39261,28255,2016-02-12 15:15:00.000000 UTC,1450,30.2911,30.3012
16111,39261,2016-02-07 11:00:00.000000 UTC,3790,30.2913,30.2996
39261,29093,2016-02-13 07:35:00.000000 UTC,42490,30.2914,30.3687
16111,39261,2016-02-08 17:01:40.000000 UTC,1990,30.2915,30.2761
16111,39261,2016-02-08 17:01:40.000000 UTC,4990,30.2917,30.3069
29093,39261,2016-02-01 00:25:00.000000 UTC,59530,30.2919,30.5318
16111,28255,2016-02-06 22:46:40.000000 UTC,28570,30.2927,29.5887
39261,29093,2016-02-17 12:25:00.000000 UTC,4930,30.2928,30.2986
28255,16111,2016-02-21 20:16:40.000000 UTC,18430,30.2928,28.0301
39261,16111,2016-02-15 00:25:00.000000 UTC,3490,30.2931,30.2818
39261,28255,2016-02-12 11:25:00.000000 UTC,4990,30.2932,30.3071
29093,39261,2016-02-01 15:35:00.000000 UTC,10210,30.2933,30.1056
29093,28255,2016-02-01 03:20:00.000000 UTC,3670,30.2935,30.2277
39261,16111,2016-02-12 16:16:40.000000 UTC,56890,30.2935,29.7823
39261,29093,2016-02-13 03:31:40.000000 UTC,59530,30.2936,30.8122
28255,16111,2016-02-21 11:40:00.000000 UTC,8230,30.2936,30.209
39261,16111,2016-02-13 10:55:00.000000 UTC,42490,30.2937,29.8389
16111,29093,2016-02-09 10:40:00.000000 UTC,3850,30.2938,30.3213
28255,29093,2016-02-23 22:00:00.000000 UTC,4630,30.294,30.2891
16111,39261,2016-02-10 20:40:00.000000 UTC,3850,30.2941,30.2378
28255,29093,2016-02-18 12:50:00.000000 UTC,9250,30.2941,30.1873
16111,39261,2016-02-06 17:55:00.000000 UTC,12910,30.2942,29.1734
39261,16111,2016-02-14 02:45:00.000000 UTC,14950,30.2945,30.2488
16111,29093,2016-02-11 08:45:00.000000 UTC,1870,30.295,30.3385
28255,39261,2016-02-18 14:15:00.000000 UTC,4870,30.2951,30.2797
39261,29093,2016-02-12 21:30:00.000000 UTC,39850,30.2952,29.2965
39261,29093,2016-02-14 02:45:00.000000 UTC,19930,30.2952,29.4733
39261,16111,2016-02-13 21:01:40.000000 UTC,12250,30.2954,28.9263
29093,39261,2016-02-03 02:50:00.000000 UTC,4870,30.2956,30.3337
39261,28255,2016-02-12 17:25:00.000000 UTC,42250,30.2958,29.725
28255,29093,2016-02-19 09:15:00.000000 UTC,4210,30.2958,30.2886
39261,16111,2016-02-13 06:31:40.000000 UTC,25810,30.296,30.0886
39261,28255,2016-02-12 18:01:40.000000 UTC,4870,30.2961,30.3108
39261,28255,2016-02-13 13:16:40.000000 UTC,4450,30.2961,30.3043
39261,29093,2016-02-12 11:10:00.000000 UTC,3550,30.2962,27.2606
29093,39261,2016-02-01 00:05:00.000000 UTC,4510,30.2964,30.3177
39261,29093,2016-02-13 22:25:00.000000 UTC,54490,30.2964,29.6442
28255,29093,2016-02-18 05:45:00.000000 UTC,11830,30.2965,29.0869
28255,29093,2016-02-22 22:15:00.000000 UTC,4090,30.2965,30.3025
16111,39261,2016-02-08 20:20:00.000000 UTC,2410,30.2967,30.2884
28255,16111,2016-02-20 09:01:40.000000 UTC,14110,30.2967,30.0703
16111,28255,2016-02-11 06:16:40.000000 UTC,4030,30.2968,30.4582
29093,39261,2016-02-01 18:30:00.000000 UTC,4270,30.2971,30.3959
39261,16111,2016-02-13 22:25:00.000000 UTC,4150,30.2973,30.2793
16111,39261,2016-02-06 21:16:40.000000 UTC,1810,30.2977,30.3152
16111,29093,2016-02-12 08:15:00.000000 UTC,19510,30.2977,28.8782
39261,28255,2016-02-17 23:01:40.000000 UTC,13030,30.2977,29.8333
28255,29093,2016-02-22 00:45:00.000000 UTC,9130,30.2977,30.216
29093,16111,2016-02-01 22:46:40.000000 UTC,55090,30.2979,31.5656
39261,29093,2016-02-18 01:45:00.000000 UTC,2770,30.2981,29.5811
29093,39261,2016-02-05 15:15:00.000000 UTC,3610,30.2982,30.3213
16111,28255,2016-02-07 11:00:00.000000 UTC,4870,30.2983,30.3253
39261,29093,2016-02-16 07:15:00.000000 UTC,8410,30.2983,30.2383
39261,29093,2016-02-12 23:55:00.000000 UTC,3910,30.2985,30.2767
28255,39261,2016-02-18 19:10:00.000000 UTC,4990,30.2986,30.3025
29093,39261,2016-02-01 18:30:00.000000 UTC,18010,30.2987,28.3003
29093,28255,2016-02-02 11:25:00.000000 UTC,4630,30.2991,30.1424
16111,28255,2016-02-07 22:15:00.000000 UTC,51970,30.2993,30.1988
39261,29093,2016-02-13 13:16:40.000000 UTC,5050,30.2996,30.2947
29093,39261,2016-02-01 02:55:00.000000 UTC,4930,30.2999,30.3062
16111,39261,2016-02-07 09:05:00.000000 UTC,3670,30.2999,30.3693
16111,39261,2016-02-07 13:01:40.000000 UTC,12190,30.3002,29.4281
28255,39261,2016-02-18 20:05:00.000000 UTC,4990,30.3002,30.2937
28255,16111,2016-02-19 06:46:40.000000 UTC,52570,30.3005,30.4636
29093,16111,2016-02-04 03:01:40.000000 UTC,3070,30.3008,30.3674
16111,28255,2016-02-08 17:01:40.000000 UTC,2470,30.3008,30.2724
29093,39261,2016-02-04 13:35:00.000000 UTC,310,30.3009,30.1104
16111,29093,2016-02-07 04:00:00.000000 UTC,48310,30.3009,30.8494
29093,16111,2016-02-01 23:55:00.000000 UTC,28150,30.3013,29.8135
28255,16111,2016-02-19 08:00:00.000000 UTC,2890,30.3022,30.1078
16111,29093,2016-02-07 17:25:00.000000 UTC,54310,30.3023,30.9237
28255,29093,2016-02-18 04:55:00.000000 UTC,4270,30.3024,30.3088
28255,16111,2016-02-18 16:35:00.000000 UTC,15790,30.3026,27.901
16111,39261,2016-02-06 17:30:00.000000 UTC,12670,30.303,29.4675
29093,16111,2016-02-02 17:15:00.000000 UTC,22570,30.3033,28.6006
39261,16111,2016-02-15 00:25:00.000000 UTC,31690,30.3035,30.139
39261,16111,2016-02-14 04:15:00.000000 UTC,3430,30.3037,30.2665
29093,39261,2016-02-02 15:45:00.000000 UTC,4390,30.3039,30.1642
28255,29093,2016-02-18 12:10:00.000000 UTC,9070,30.304,30.2943
28255,39261,2016-02-19 08:00:00.000000 UTC,5230,30.304,30.2836
29093,16111,2016-02-04 07:10:00.000000 UTC,2950,30.3042,30.3153
28255,39261,2016-02-18 11:31:40.000000 UTC,12550,30.3042,29.7394
28255,16111,2016-02-22 10:01:40.000000 UTC,20650,30.3042,28.9253
28255,16111,2016-02-19 02:10:00.000000 UTC,9310,30.305,30.2678
29093,16111,2016-02-01 23:55:00.000000 UTC,49150,30.3051,31.0245
29093,28255,2016-02-01 04:15:00.000000 UTC,22510,30.3052,29.0857
39261,28255,2016-02-12 11:10:00.000000 UTC,4930,30.3053,30.3026
28255,16111,2016-02-18 14:15:00.000000 UTC,40690,30.3053,30.1113
28255,29093,2016-02-18 04:40:00.000000 UTC,4270,30.3054,30.2921
16111,28255,2016-02-06 20:50:00.000000 UTC,3670,30.3055,30.2381
28255,39261,2016-02-19 13:10:00.000000 UTC,5350,30.3055,30.2902
39261,16111,2016-02-17 12:25:00.000000 UTC,33070,30.3058,30.1657
16111,39261,2016-02-09 10:40:00.000000 UTC,4570,30.306,30.3337
39261,29093,2016-02-13 02:35:00.000000 UTC,53830,30.3065,30.137
39261,28255,2016-02-12 23:55:00.000000 UTC,4630,30.3067,30.3109
39261,28255,2016-02-17 20:20:00.000000 UTC,12250,30.3067,30.3939
28255,16111,2016-02-23 08:31:40.000000 UTC,26710,30.3067,29.1233
39261,16111,2016-02-15 10:00:00.000000 UTC,5110,30.307,30.3224
29093,16111,2016-02-03 13:25:00.000000 UTC,10930,30.3072,28.5029
28255,29093,2016-02-18 06:01:40.000000 UTC,4090,30.3073,30.3021
28255,39261,2016-02-23 05:55:00.000000 UTC,35470,30.3073,29.6415
16111,39261,2016-02-12 05:31:40.000000 UTC,4990,30.3076,30.3276
39261,28255,2016-02-16 09:31:40.000000 UTC,56470,30.3076,30.0125
28255,16111,2016-02-21 20:16:40.000000 UTC,4450,30.3076,30.3067
29093,16111,2016-02-05 07:55:00.000000 UTC,20830,30.3078,29.0086
29093,16111,2016-02-05 10:20:00.000000 UTC,20650,30.3078,29.251
28255,16111,2016-02-20 10:45:00.000000 UTC,2470,30.3078,30.0694
29093,28255,2016-02-01 03:20:00.000000 UTC,3550,30.3079,30.2865
28255,16111,2016-02-18 04:55:00.000000 UTC,26710,30.3079,28.3268
29093,28255,2016-02-04 05:05:00.000000 UTC,20050,30.308,28.9552
28255,29093,2016-02-23 00:46:40.000000 UTC,3970,30.308,30.2773
29093,28255,2016-02-03 11:35:00.000000 UTC,9490,30.3081,30.2106
29093,16111,2016-02-01 16:31:40.000000 UTC,3790,30.3084,30.3065
28255,16111,2016-02-22 03:01:40.000000 UTC,26590,30.3084,30.1911
28255,29093,2016-02-18 09:46:40.000000 UTC,790,30.3085,30.2763
39261,28255,2016-02-13 06:31:40.000000 UTC,5110,30.309,30.4043
29093,28255,2016-02-04 20:15:00.000000 UTC,610,30.3092,30.3621
16111,28255,2016-02-10 13:45:00.000000 UTC,25810,30.3092,28.7457
28255,16111,2016-02-18 17:25:00.000000 UTC,32890,30.3092,29.2532
16111,28255,2016-02-09 10:40:00.000000 UTC,4630,30.31,30.3371
16111,28255,2016-02-08 07:46:40.000000 UTC,4330,30.3101,30.3236
39261,29093,2016-02-15 14:01:40.000000 UTC,28330,30.3101,29.4671
39261,28255,2016-02-12 11:35:00.000000 UTC,5050,30.3106,30.3556
39261,28255,2016-02-12 12:31:40.000000 UTC,4870,30.3107,30.346
39261,28255,2016-02-13 05:30:00.000000 UTC,4630,30.3107,30.3067
39261,29093,2016-02-14 17:15:00.000000 UTC,1570,30.3107,30.3436
28255,29093,2016-02-19 01:05:00.000000 UTC,5050,30.3107,30.3227
39261,29093,2016-02-16 11:50:00.000000 UTC,5110,30.311,30.3173
39261,16111,2016-02-12 23:55:00.000000 UTC,4270,30.3115,30.3256
29093,16111,2016-02-02 18:46:40.000000 UTC,3370,30.3118,30.2972
28255,29093,2016-02-19 09:15:00.000000 UTC,11890,30.3118,29.453
16111,39261,2016-02-10 09:16:40.000000 UTC,4690,30.3122,30.3443
39261,16111,2016-02-16 14:10:00.000000 UTC,37810,30.3123,29.3444
28255,16111,2016-02-19 01:05:00.000000 UTC,3550,30.3124,30.2702
39261,29093,2016-02-13 07:35:00.000000 UTC,8530,30.313,30.1415
28255,16111,2016-02-23 19:15:00.000000 UTC,27970,30.3131,29.2753
39261,29093,2016-02-14 12:10:00.000000 UTC,5170,30.3133,30.344
28255,29093,2016-02-18 04:46:40.000000 UTC,22990,30.3133,29.642
29093,28255,2016-02-06 04:01:40.000000 UTC,3910,30.3135,30.3316
29093,16111,2016-02-05 15:15:00.000000 UTC,8470,30.3139,30.5742
29093,16111,2016-02-01 22:46:40.000000 UTC,43630,30.3143,30.8131
29093,16111,2016-02-05 10:20:00.000000 UTC,13870,30.3145,30.5046
28255,29093,2016-02-19 05:35:00.000000 UTC,27610,30.3145,29.1064
28255,29093,2016-02-19 06:46:40.000000 UTC,27430,30.3145,29.3048
28255,16111,2016-02-19 01:05:00.000000 UTC,19990,30.3146,29.2487
39261,29093,2016-02-12 22:16:40.000000 UTC,32170,30.3147,29.0968
39261,29093,2016-02-17 20:20:00.000000 UTC,28450,30.3147,28.9119
39261,29093,2016-02-12 20:01:40.000000 UTC,40270,30.3149,29.1198
28255,29093,2016-02-19 13:10:00.000000 UTC,3730,30.315,30.2913
39261,28255,2016-02-17 23:01:40.000000 UTC,5050,30.3153,30.3311
29093,28255,2016-02-06 09:20:00.000000 UTC,4570,30.3154,30.3259
28255,39261,2016-02-21 22:30:00.000000 UTC,32530,30.3159,28.6209
39261,16111,2016-02-12 15:45:00.000000 UTC,2410,30.3162,30.3181
16111,39261,2016-02-06 17:46:40.000000 UTC,1330,30.3168,30.3077
39261,29093,2016-02-15 00:25:00.000000 UTC,3850,30.3171,30.2995
16111,28255,2016-02-11 18:55:00.000000 UTC,2290,30.3174,30.3178
39261,28255,2016-02-12 23:05:00.000000 UTC,4810,30.3176,30.3142
39261,28255,2016-02-12 23:55:00.000000 UTC,11290,30.3186,30.244
39261,16111,2016-02-15 02:16:40.000000 UTC,3550,30.3188,30.1923
28255,39261,2016-02-18 08:45:00.000000 UTC,4810,30.3188,30.3093
16111,28255,2016-02-07 18:35:00.000000 UTC,9010,30.319,30.0955
28255,39261,2016-02-19 13:10:00.000000 UTC,1990,30.3192,30.0468
16111,28255,2016-02-06 20:01:40.000000 UTC,33130,30.3193,30.2892
28255,16111,2016-02-18 04:30:00.000000 UTC,3070,30.3193,30.2457
16111,28255,2016-02-07 08:10:00.000000 UTC,4510,30.3194,30.365
16111,28255,2016-02-07 02:31:40.000000 UTC,3910,30.3195,30.3224
28255,39261,2016-02-18 18:16:40.000000 UTC,29650,30.3195,29.4179
29093,28255,2016-02-01 05:50:00.000000 UTC,9370,30.3201,30.1904
29093,28255,2016-02-01 07:40:00.000000 UTC,28990,30.3202,29.4649
39261,16111,2016-02-13 03:31:40.000000 UTC,14770,30.3202,29.1986
16111,28255,2016-02-10 02:46:40.000000 UTC,4570,30.3205,30.1322
28255,29093,2016-02-18 07:50:00.000000 UTC,3970,30.3208,30.2975
39261,16111,2016-02-15 18:10:00.000000 UTC,38650,30.3216,30.3861
28255,16111,2016-02-22 22:15:00.000000 UTC,29110,30.3218,28.9555
29093,39261,2016-02-04 07:10:00.000000 UTC,39310,30.3221,29.0487
28255,39261,2016-02-19 02:10:00.000000 UTC,5110,30.3221,30.3076
29093,39261,2016-02-01 09:01:40.000000 UTC,2650,30.3223,30.0007
39261,28255,2016-02-12 11:16:40.000000 UTC,4870,30.3224,30.2167
16111,29093,2016-02-07 01:10:00.000000 UTC,21910,30.3225,28.7207
16111,39261,2016-02-07 08:10:00.000000 UTC,4030,30.3227,30.2554
39261,29093,2016-02-12 14:20:00.000000 UTC,5050,30.3235,30.3219
39261,28255,2016-02-15 04:10:00.000000 UTC,20110,30.3236,28.5274
28255,29093,2016-02-22 00:45:00.000000 UTC,3490,30.3236,30.271
29093,16111,2016-02-01 15:35:00.000000 UTC,3910,30.3237,30.3555
29093,16111,2016-02-01 20:35:00.000000 UTC,54730,30.3239,30.9378
28255,16111,2016-02-21 03:30:00.000000 UTC,3610,30.3239,30.3058
39261,28255,2016-02-12 11:16:40.000000 UTC,4990,30.324,30.3297
28255,16111,2016-02-18 09:15:00.000000 UTC,2470,30.324,30.248
29093,39261,2016-02-01 01:00:00.000000 UTC,4630,30.3244,30.3289
39261,16111,2016-02-13 05:30:00.000000 UTC,3670,30.3244,30.334
39261,29093,2016-02-14 15:31:40.000000 UTC,4750,30.3245,30.3409
29093,28255,2016-02-03 11:35:00.000000 UTC,45190,30.3251,30.6921
16111,28255,2016-02-08 06:20:00.000000 UTC,6490,30.3252,29.4987
16111,28255,2016-02-08 20:20:00.000000 UTC,8230,30.3252,29.9486
39261,29093,2016-02-13 14:30:00.000000 UTC,33850,30.3253,29.0337
29093,28255,2016-02-01 13:46:40.000000 UTC,4750,30.3258,30.6519
39261,16111,2016-02-18 01:45:00.000000 UTC,5110,30.3261,30.346
28255,29093,2016-02-22 05:20:00.000000 UTC,3250,30.3261,30.259
28255,29093,2016-02-23 11:10:00.000000 UTC,2830,30.3261,30.288
28255,29093,2016-02-22 07:40:00.000000 UTC,58330,30.3262,30.6634
16111,39261,2016-02-06 18:05:00.000000 UTC,4390,30.3266,30.3396
28255,16111,2016-02-18 05:05:00.000000 UTC,52690,30.3266,30.3974
39261,16111,2016-02-13 06:31:40.000000 UTC,9130,30.3268,30.2325
28255,39261,2016-02-18 09:46:40.000000 UTC,4810,30.3271,30.3089
29093,16111,2016-02-02 14:16:40.000000 UTC,43330,30.3274,31.0043
16111,39261,2016-02-10 20:40:00.000000 UTC,3070,30.3274,30.0401
39261,16111,2016-02-12 13:10:00.000000 UTC,12850,30.3276,28.7582
29093,28255,2016-02-03 13:25:00.000000 UTC,3370,30.3277,30.3416
39261,28255,2016-02-13 06:31:40.000000 UTC,4570,30.3277,30.3293
39261,29093,2016-02-14 02:45:00.000000 UTC,19510,30.3277,28.5526
39261,16111,2016-02-13 21:01:40.000000 UTC,4390,30.3282,30.3424
39261,16111,2016-02-16 02:46:40.000000 UTC,47830,30.3282,30.3607
39261,16111,2016-02-17 17:40:00.000000 UTC,54670,30.3282,29.9719
28255,39261,2016-02-18 06:20:00.000000 UTC,6130,30.3282,30.1104
28255,16111,2016-02-18 19:10:00.000000 UTC,55270,30.3284,30.7099
29093,39261,2016-02-04 18:00:00.000000 UTC,4030,30.3285,30.3827
16111,29093,2016-02-07 04:00:00.000000 UTC,3070,30.3288,30.3073
29093,16111,2016-02-01 14:40:00.000000 UTC,6370,30.3289,29.248
39261,28255,2016-02-17 20:20:00.000000 UTC,5230,30.3295,30.3344
28255,29093,2016-02-18 04:35:00.000000 UTC,4270,30.3295,30.3009
16111,39261,2016-02-06 20:25:00.000000 UTC,4810,30.3298,30.3553
16111,29093,2016-02-06 17:35:00.000000 UTC,48850,30.3301,31.1521
39261,29093,2016-02-17 02:15:00.000000 UTC,59230,30.3308,30.4389
16111,29093,2016-02-08 13:50:00.000000 UTC,5890,30.3309,29.3329
29093,39261,2016-02-01 02:31:40.000000 UTC,4810,30.331,30.3505
16111,29093,2016-02-11 13:46:40.000000 UTC,18970,30.3312,29.0069
39261,29093,2016-02-16 21:20:00.000000 UTC,4030,30.3313,30.3339
28255,16111,2016-02-18 23:00:00.000000 UTC,31210,30.3316,28.1051
28255,16111,2016-02-21 03:30:00.000000 UTC,36790,30.3318,29.6326
16111,28255,2016-02-07 02:31:40.000000 UTC,11890,30.332,29.0919
39261,29093,2016-02-17 04:45:00.000000 UTC,37630,30.332,29.5471
28255,29093,2016-02-21 03:30:00.000000 UTC,58330,30.332,30.6967
16111,39261,2016-02-08 06:20:00.000000 UTC,3670,30.3321,30.3285
29093,16111,2016-02-04 18:00:00.000000 UTC,1930,30.3322,28.5291
39261,28255,2016-02-16 18:55:00.000000 UTC,2110,30.3322,30.3556
39261,28255,2016-02-12 13:10:00.000000 UTC,5710,30.3329,30.5281
28255,29093,2016-02-20 19:46:40.000000 UTC,4570,30.3331,30.0059
28255,16111,2016-02-18 07:01:40.000000 UTC,2890,30.3335,30.1965
29093,16111,2016-02-01 07:40:00.000000 UTC,4030,30.3337,30.3555
29093,16111,2016-02-01 13:46:40.000000 UTC,43330,30.3337,29.6288
39261,28255,2016-02-13 00:46:40.000000 UTC,4870,30.3337,30.3546
16111,29093,2016-02-07 00:31:40.000000 UTC,31450,30.3339,30.3244
29093,16111,2016-02-04 07:10:00.000000 UTC,8830,30.3342,30.5409
16111,28255,2016-02-06 21:45:00.000000 UTC,44230,30.3344,29.2581
16111,39261,2016-02-06 22:15:00.000000 UTC,1930,30.3348,30.3332
39261,29093,2016-02-12 11:25:00.000000 UTC,17650,30.335,28.6025
28255,16111,2016-02-21 15:55:00.000000 UTC,4930,30.3354,30.3342
29093,28255,2016-02-06 01:25:00.000000 UTC,4870,30.3356,30.1716
16111,28255,2016-02-11 16:20:00.000000 UTC,1990,30.3357,30.3956
28255,16111,2016-02-22 14:50:00.000000 UTC,28630,30.3357,28.938
29093,39261,2016-02-01 01:15:00.000000 UTC,4750,30.3366,30.3384
39261,28255,2016-02-12 12:00:00.000000 UTC,4930,30.3367,30.349
39261,28255,2016-02-12 11:01:40.000000 UTC,4930,30.3368,30.3391
39261,16111,2016-02-13 02:35:00.000000 UTC,20710,30.3369,29.3007
29093,28255,2016-02-01 12:55:00.000000 UTC,4150,30.3371,30.3368
29093,16111,2016-02-01 09:45:00.000000 UTC,43870,30.3373,30.7612
29093,28255,2016-02-05 00:50:00.000000 UTC,4270,30.3373,30.3833
39261,29093,2016-02-13 21:01:40.000000 UTC,4150,30.3373,30.3395
39261,29093,2016-02-12 22:16:40.000000 UTC,16870,30.3375,29.7904
28255,16111,2016-02-20 12:30:00.000000 UTC,13870,30.3376,29.4193
29093,39261,2016-02-01 02:10:00.000000 UTC,7510,30.3383,29.4937
39261,28255,2016-02-12 11:25:00.000000 UTC,5050,30.3383,30.3574
28255,39261,2016-02-18 19:10:00.000000 UTC,19150,30.3383,29.4165
29093,28255,2016-02-03 19:05:00.000000 UTC,5410,30.3384,30.0969
39261,16111,2016-02-14 19:00:00.000000 UTC,4270,30.3386,30.341
29093,28255,2016-02-02 21:55:00.000000 UTC,4630,30.3387,30.3429
39261,29093,2016-02-13 04:30:00.000000 UTC,19810,30.3389,29.7866
28255,16111,2016-02-19 02:10:00.000000 UTC,4210,30.339,30.184
29093,16111,2016-02-01 05:16:40.000000 UTC,3910,30.3391,30.353
29093,16111,2016-02-01 21:40:00.000000 UTC,3850,30.3391,30.3556
39261,29093,2016-02-12 18:01:40.000000 UTC,4570,30.3391,30.3383
29093,16111,2016-02-03 15:16:40.000000 UTC,36730,30.3392,30.1562
28255,16111,2016-02-22 07:40:00.000000 UTC,58870,30.3392,31.0122
28255,16111,2016-02-20 04:01:40.000000 UTC,36730,30.3398,30.1119
28255,39261,2016-02-18 15:00:00.000000 UTC,4930,30.3399,30.3268
29093,39261,2016-02-03 11:35:00.000000 UTC,9310,30.3401,30.1607
28255,39261,2016-02-22 03:01:40.000000 UTC,51910,30.3401,30.5391
16111,28255,2016-02-07 15:10:00.000000 UTC,8350,30.3403,30.0337
39261,29093,2016-02-17 09:50:00.000000 UTC,2290,30.3403,30.3586
39261,29093,2016-02-17 12:25:00.000000 UTC,57850,30.3404,30.6874
39261,29093,2016-02-12 18:40:00.000000 UTC,4510,30.3408,30.3427
29093,39261,2016-02-01 22:46:40.000000 UTC,4390,30.3409,30.3569
29093,39261,2016-02-03 15:16:40.000000 UTC,4210,30.341,30.2627
16111,29093,2016-02-06 19:40:00.000000 UTC,3070,30.341,30.3656
28255,29093,2016-02-21 20:16:40.000000 UTC,26890,30.341,29.926
39261,28255,2016-02-12 11:10:00.000000 UTC,11950,30.3414,30.3008
39261,29093,2016-02-13 12:05:00.000000 UTC,5290,30.3414,30.3511
16111,28255,2016-02-07 03:15:00.000000 UTC,3970,30.3415,30.3593
39261,28255,2016-02-12 11:00:00.000000 UTC,4930,30.3415,30.3459
39261,16111,2016-02-12 12:15:00.000000 UTC,57610,30.3416,29.0059
39261,16111,2016-02-13 03:31:40.000000 UTC,37390,30.3417,29.8128
39261,29093,2016-02-12 12:15:00.000000 UTC,17350,30.3419,28.2708
28255,29093,2016-02-23 03:20:00.000000 UTC,3730,30.342,30.3185
28255,16111,2016-02-23 03:20:00.000000 UTC,25990,30.342,29.2927
28255,39261,2016-02-18 18:16:40.000000 UTC,1570,30.3421,30.3139
16111,29093,2016-02-11 13:46:40.000000 UTC,34870,30.3422,30.7499
29093,16111,2016-02-05 03:10:00.000000 UTC,9670,30.3428,29.2744
16111,28255,2016-02-07 00:31:40.000000 UTC,3730,30.343,30.4115
16111,39261,2016-02-07 01:50:00.000000 UTC,20830,30.343,29.6452
16111,39261,2016-02-06 17:30:00.000000 UTC,4390,30.3432,30.3498
39261,29093,2016-02-12 11:05:00.000000 UTC,2410,30.3435,30.3083
16111,39261,2016-02-11 03:50:00.000000 UTC,12670,30.3436,29.4561
39261,16111,2016-02-13 06:31:40.000000 UTC,2050,30.3436,27.0313
16111,28255,2016-02-07 12:00:00.000000 UTC,5050,30.344,30.3878
16111,28255,2016-02-09 01:30:00.000000 UTC,3850,30.3441,30.3714
39261,28255,2016-02-12 13:31:40.000000 UTC,6490,30.3446,30.1306
16111,39261,2016-02-07 16:16:40.000000 UTC,4570,30.3447,30.3477
16111,39261,2016-02-11 06:16:40.000000 UTC,43150,30.3447,30.153
16111,39261,2016-02-09 10:40:00.000000 UTC,59770,30.3449,30.7649
29093,28255,2016-02-03 01:10:00.000000 UTC,1990,30.345,30.3851
29093,28255,2016-02-01 23:55:00.000000 UTC,2290,30.3452,30.3424
39261,29093,2016-02-12 21:30:00.000000 UTC,4150,30.3452,30.3487
29093,16111,2016-02-04 09:16:40.000000 UTC,47830,30.3453,31.0646
28255,16111,2016-02-21 18:05:00.000000 UTC,27790,30.3456,29.2633
29093,39261,2016-02-01 03:46:40.000000 UTC,4870,30.3459,30.3592
16111,28255,2016-02-08 20:20:00.000000 UTC,51310,30.3462,30.0831
39261,29093,2016-02-12 22:16:40.000000 UTC,4150,30.3464,30.3457
28255,39261,2016-02-18 12:10:00.000000 UTC,30610,30.3464,29.7888
28255,16111,2016-02-19 18:46:40.000000 UTC,1510,30.3464,30.3121
28255,16111,2016-02-20 19:46:40.000000 UTC,27190,30.3464,29.2443
29093,16111,2016-02-01 22:46:40.000000 UTC,16030,30.3465,30.7824
28255,16111,2016-02-21 07:31:40.000000 UTC,24790,30.3468,29.6116
16111,39261,2016-02-08 04:55:00.000000 UTC,310,30.3469,30.4006
39261,29093,2016-02-17 23:01:40.000000 UTC,3790,30.3471,30.3377
39261,16111,2016-02-16 09:31:40.000000 UTC,4810,30.3472,30.352
29093,16111,2016-02-01 16:31:40.000000 UTC,6130,30.3475,29.6854
16111,39261,2016-02-06 18:45:00.000000 UTC,35590,30.3477,29.9656
16111,28255,2016-02-09 05:05:00.000000 UTC,11890,30.3478,29.3052
16111,39261,2016-02-11 03:50:00.000000 UTC,4330,30.3479,30.3522
39261,28255,2016-02-16 21:20:00.000000 UTC,5710,30.3479,30.3698
16111,28255,2016-02-06 20:50:00.000000 UTC,9070,30.348,30.2852
29093,39261,2016-02-05 15:15:00.000000 UTC,47290,30.3487,29.752
16111,29093,2016-02-08 15:25:00.000000 UTC,49630,30.3489,31.5075
39261,29093,2016-02-12 16:16:40.000000 UTC,4810,30.3489,30.3549
28255,39261,2016-02-18 14:15:00.000000 UTC,4930,30.349,30.3383
39261,16111,2016-02-17 04:45:00.000000 UTC,56650,30.3492,30.5689
28255,16111,2016-02-21 13:46:40.000000 UTC,2230,30.3493,30.3568
29093,28255,2016-02-01 12:05:00.000000 UTC,4210,30.3496,30.3524
28255,39261,2016-02-18 20:05:00.000000 UTC,5050,30.3497,30.3516
29093,16111,2016-02-02 12:50:00.000000 UTC,43210,30.3498,30.7076
39261,29093,2016-02-16 18:55:00.000000 UTC,4270,30.3498,30.3624
39261,28255,2016-02-12 23:05:00.000000 UTC,42310,30.3499,29.2168
29093,16111,2016-02-04 03:01:40.000000 UTC,21550,30.3501,29.0091
29093,16111,2016-02-02 12:50:00.000000 UTC,3550,30.3503,30.365
39261,16111,2016-02-17 15:01:40.000000 UTC,3790,30.3506,30.3725
28255,16111,2016-02-23 03:20:00.000000 UTC,59950,30.3506,30.8682
29093,28255,2016-02-01 17:30:00.000000 UTC,5290,30.3508,31.0267
28255,16111,2016-02-18 06:40:00.000000 UTC,53590,30.3511,30.4088
16111,29093,2016-02-11 16:20:00.000000 UTC,45670,30.3513,31.0437
28255,16111,2016-02-20 23:35:00.000000 UTC,3970,30.3513,30.3301
16111,39261,2016-02-11 01:25:00.000000 UTC,4090,30.3514,30.378
29093,28255,2016-02-01 14:40:00.000000 UTC,4330,30.3515,30.3637
29093,28255,2016-02-04 22:31:40.000000 UTC,3910,30.3518,30.4357
39261,29093,2016-02-12 11:00:00.000000 UTC,2410,30.3519,30.3341
28255,16111,2016-02-22 12:25:00.000000 UTC,25630,30.3519,29.1255
39261,28255,2016-02-13 02:35:00.000000 UTC,4990,30.3523,30.3748
39261,28255,2016-02-12 11:10:00.000000 UTC,4870,30.3524,30.2442
16111,28255,2016-02-12 11:00:00.000000 UTC,4270,30.3525,30.4017
39261,28255,2016-02-12 11:10:00.000000 UTC,4990,30.3527,30.3564
28255,39261,2016-02-19 18:46:40.000000 UTC,5470,30.3528,30.343
28255,29093,2016-02-18 12:10:00.000000 UTC,14890,30.3529,30.2807
28255,39261,2016-02-22 03:01:40.000000 UTC,2290,30.3529,28.1215
39261,29093,2016-02-13 15:45:00.000000 UTC,4810,30.353,30.3446
16111,29093,2016-02-06 18:16:40.000000 UTC,48370,30.3533,31.2846
16111,29093,2016-02-12 08:15:00.000000 UTC,24910,30.3535,29.4967
39261,29093,2016-02-14 12:10:00.000000 UTC,2110,30.3535,30.3695
29093,28255,2016-02-01 01:00:00.000000 UTC,26650,30.3537,30.2178
28255,39261,2016-02-20 05:40:00.000000 UTC,50530,30.3538,30.1303
28255,39261,2016-02-19 08:00:00.000000 UTC,5290,30.3541,30.3508
39261,29093,2016-02-13 18:20:00.000000 UTC,1510,30.3542,30.3194
28255,29093,2016-02-18 09:15:00.000000 UTC,3850,30.3543,30.3334
39261,28255,2016-02-12 12:31:40.000000 UTC,4930,30.3544,30.4005
16111,29093,2016-02-06 18:16:40.000000 UTC,8950,30.3548,30.6154
29093,28255,2016-02-01 18:30:00.000000 UTC,1750,30.3552,30.3593
39261,28255,2016-02-12 23:55:00.000000 UTC,4690,30.3557,30.3594
28255,39261,2016-02-19 03:16:40.000000 UTC,23470,30.3557,28.2194
16111,28255,2016-02-10 16:01:40.000000 UTC,20170,30.3558,29.2764
16111,29093,2016-02-11 03:50:00.000000 UTC,45250,30.3558,30.8419
28255,29093,2016-02-22 14:50:00.000000 UTC,6910,30.3558,30.0745
28255,16111,2016-02-20 14:16:40.000000 UTC,40150,30.3559,30.3987
39261,29093,2016-02-12 12:31:40.000000 UTC,5290,30.356,30.3699
29093,39261,2016-02-01 02:55:00.000000 UTC,4990,30.3568,30.3822
39261,28255,2016-02-13 22:25:00.000000 UTC,57250,30.3571,29.3647
39261,28255,2016-02-13 17:01:40.000000 UTC,4210,30.3574,30.1618
16111,39261,2016-02-09 16:30:00.000000 UTC,2230,30.3578,30.3815
28255,16111,2016-02-20 02:25:00.000000 UTC,3610,30.358,30.3147
28255,16111,2016-02-21 01:31:40.000000 UTC,3790,30.3582,30.3508
28255,29093,2016-02-23 13:50:00.000000 UTC,1690,30.3583,30.4484
28255,16111,2016-02-19 21:45:00.000000 UTC,4090,30.3585,30.3382
16111,29093,2016-02-10 23:01:40.000000 UTC,51010,30.3588,31.3784
39261,28255,2016-02-12 11:25:00.000000 UTC,28390,30.359,27.1899
28255,39261,2016-02-18 21:01:40.000000 UTC,5050,30.3591,30.3388
28255,16111,2016-02-23 00:46:40.000000 UTC,4090,30.3591,30.3661
16111,39261,2016-02-07 09:05:00.000000 UTC,4030,30.3592,30.397
28255,39261,2016-02-23 16:31:40.000000 UTC,4630,30.3594,30.332
39261,28255,2016-02-18 04:30:00.000000 UTC,7150,30.3596,29.5657
28255,29093,2016-02-18 11:31:40.000000 UTC,31210,30.3598,29.0342
29093,28255,2016-02-03 08:00:00.000000 UTC,21550,30.3599,28.8993
16111,28255,2016-02-08 22:01:40.000000 UTC,130,30.3602,30.1205
16111,28255,2016-02-09 06:55:00.000000 UTC,35950,30.3606,29.6801
29093,16111,2016-02-01 23:55:00.000000 UTC,3670,30.3607,30.3608
28255,39261,2016-02-23 22:00:00.000000 UTC,5770,30.3607,30.2082
39261,28255,2016-02-17 15:01:40.000000 UTC,5290,30.3609,30.3678
16111,39261,2016-02-07 11:00:00.000000 UTC,3850,30.3613,30.3551
28255,29093,2016-02-18 17:25:00.000000 UTC,31990,30.3613,29.0439
28255,16111,2016-02-23 16:31:40.000000 UTC,5170,30.3615,30.391
29093,39261,2016-02-02 12:50:00.000000 UTC,51910,30.3621,30.6111
39261,29093,2016-02-12 23:55:00.000000 UTC,54070,30.3621,29.1389
29093,39261,2016-02-03 21:01:40.000000 UTC,4270,30.3623,30.3858
28255,29093,2016-02-18 12:10:00.000000 UTC,9190,30.3624,30.3267
29093,39261,2016-02-01 16:31:40.000000 UTC,22990,30.3625,29.542
39261,28255,2016-02-12 13:55:00.000000 UTC,54250,30.3625,30.149
28255,16111,2016-02-20 00:50:00.000000 UTC,59710,30.3636,30.6211
28255,39261,2016-02-20 00:50:00.000000 UTC,5650,30.3636,30.3573
16111,28255,2016-02-09 10:40:00.000000 UTC,7210,30.3638,29.7345
39261,28255,2016-02-12 16:16:40.000000 UTC,4930,30.3638,30.3515
28255,29093,2016-02-18 07:25:00.000000 UTC,1030,30.3639,30.3418
28255,29093,2016-02-20 19:46:40.000000 UTC,10270,30.3639,29.869
28255,16111,2016-02-19 17:20:00.000000 UTC,4570,30.3642,30.3579
29093,39261,2016-02-01 09:01:40.000000 UTC,1810,30.3644,30.4548
29093,39261,2016-02-04 20:15:00.000000 UTC,54490,30.3645,29.893
28255,16111,2016-02-19 18:46:40.000000 UTC,55090,30.3645,29.7127
29093,39261,2016-02-02 15:45:00.000000 UTC,40990,30.3646,29.7266
39261,16111,2016-02-12 22:16:40.000000 UTC,4510,30.3647,30.3654
39261,28255,2016-02-12 16:16:40.000000 UTC,5770,30.3649,30.4377
29093,39261,2016-02-05 17:45:00.000000 UTC,4750,30.365,30.2397
39261,16111,2016-02-13 22:25:00.000000 UTC,4210,30.365,30.351
39261,16111,2016-02-15 14:01:40.000000 UTC,4510,30.365,30.3629
39261,16111,2016-02-17 23:01:40.000000 UTC,2350,30.3652,30.3844
29093,28255,2016-02-01 19:31:40.000000 UTC,4870,30.3657,30.3927
39261,29093,2016-02-15 04:10:00.000000 UTC,9130,30.366,30.2462
16111,39261,2016-02-12 08:15:00.000000 UTC,2230,30.3667,30.3763
16111,39261,2016-02-08 20:20:00.000000 UTC,32770,30.3669,29.8625
39261,16111,2016-02-16 16:31:40.000000 UTC,3850,30.3669,30.3497
29093,16111,2016-02-04 20:15:00.000000 UTC,42910,30.367,30.4915
16111,29093,2016-02-12 05:31:40.000000 UTC,57910,30.3672,31.3838
28255,29093,2016-02-18 07:01:40.000000 UTC,3970,30.3674,30.348
16111,39261,2016-02-06 19:01:40.000000 UTC,4630,30.3676,30.3798
28255,39261,2016-02-19 14:31:40.000000 UTC,5410,30.3678,30.3501
16111,29093,2016-02-10 07:05:00.000000 UTC,27430,30.3679,29.7461
28255,29093,2016-02-18 04:55:00.000000 UTC,4330,30.3682,30.3771
28255,29093,2016-02-19 09:15:00.000000 UTC,4270,30.3687,30.3653
39261,28255,2016-02-12 11:16:40.000000 UTC,5050,30.3694,30.3795
28255,39261,2016-02-20 12:30:00.000000 UTC,2350,30.3696,29.9763
29093,16111,2016-02-01 15:35:00.000000 UTC,11950,30.37,28.9675
28255,16111,2016-02-18 06:01:40.000000 UTC,24010,30.3707,28.5775
28255,29093,2016-02-21 11:40:00.000000 UTC,22150,30.3709,28.3375
29093,16111,2016-02-01 12:05:00.000000 UTC,4030,30.3711,30.4763
28255,39261,2016-02-18 10:20:00.000000 UTC,4870,30.3711,30.3359
28255,16111,2016-02-22 05:20:00.000000 UTC,3490,30.3713,30.3309
16111,28255,2016-02-12 08:15:00.000000 UTC,10630,30.3716,30.4819
39261,16111,2016-02-13 14:30:00.000000 UTC,5290,30.3716,30.3939
28255,16111,2016-02-19 13:10:00.000000 UTC,35890,30.3716,29.4052
16111,28255,2016-02-09 10:40:00.000000 UTC,4690,30.372,30.4187
28255,29093,2016-02-18 04:35:00.000000 UTC,11170,30.372,30.2643
39261,29093,2016-02-12 13:31:40.000000 UTC,5110,30.3721,30.3709
16111,28255,2016-02-06 17:30:00.000000 UTC,8890,30.3723,30.1196
39261,28255,2016-02-12 11:05:00.000000 UTC,4990,30.3723,30.3782
39261,29093,2016-02-13 03:31:40.000000 UTC,3850,30.3723,30.3045
39261,28255,2016-02-13 06:31:40.000000 UTC,4630,30.3723,30.3658
16111,39261,2016-02-12 02:50:00.000000 UTC,22930,30.3724,28.4532
39261,16111,2016-02-17 15:01:40.000000 UTC,9550,30.3726,30.3148
39261,16111,2016-02-16 07:15:00.000000 UTC,5110,30.3727,30.3823
39261,28255,2016-02-17 02:15:00.000000 UTC,5650,30.3732,30.3969
28255,16111,2016-02-18 05:05:00.000000 UTC,13150,30.3732,28.9106
28255,39261,2016-02-18 09:46:40.000000 UTC,4870,30.3732,30.3575
28255,29093,2016-02-21 09:35:00.000000 UTC,5050,30.3733,30.3711
29093,39261,2016-02-04 09:16:40.000000 UTC,8830,30.3735,30.0891
16111,29093,2016-02-07 09:05:00.000000 UTC,48730,30.3745,31.2559
29093,39261,2016-02-01 00:46:40.000000 UTC,59890,30.3748,30.9104
29093,39261,2016-02-01 02:10:00.000000 UTC,4690,30.3748,30.3968
29093,39261,2016-02-06 01:25:00.000000 UTC,4990,30.3749,30.4036
28255,16111,2016-02-18 09:15:00.000000 UTC,57430,30.3751,30.6608
16111,39261,2016-02-10 16:01:40.000000 UTC,27730,30.3752,28.5903
28255,29093,2016-02-23 03:20:00.000000 UTC,3790,30.3753,30.333
28255,16111,2016-02-22 14:50:00.000000 UTC,2230,30.3754,30.3086
16111,39261,2016-02-09 06:55:00.000000 UTC,4090,30.3758,30.4045
28255,16111,2016-02-23 11:10:00.000000 UTC,8710,30.3758,30.1683
29093,39261,2016-02-01 01:15:00.000000 UTC,22990,30.3763,28.3306
39261,16111,2016-02-15 20:16:40.000000 UTC,3790,30.3763,30.3792
29093,28255,2016-02-06 09:20:00.000000 UTC,4630,30.3766,30.4033
29093,39261,2016-02-01 07:01:40.000000 UTC,2170,30.3769,30.4417
28255,16111,2016-02-23 22:00:00.000000 UTC,4510,30.3771,30.3599
16111,29093,2016-02-08 20:20:00.000000 UTC,43630,30.378,30.5359
29093,16111,2016-02-04 18:00:00.000000 UTC,21010,30.3781,29.4346
39261,28255,2016-02-14 04:15:00.000000 UTC,46450,30.3781,30.233
39261,16111,2016-02-14 02:45:00.000000 UTC,33250,30.3787,28.4023
16111,39261,2016-02-08 20:20:00.000000 UTC,2170,30.3793,30.4546
29093,16111,2016-02-06 01:25:00.000000 UTC,35350,30.3794,30.1722
16111,39261,2016-02-08 04:55:00.000000 UTC,9970,30.3794,30.1946
39261,28255,2016-02-12 11:35:00.000000 UTC,5170,30.3803,30.4436
29093,16111,2016-02-01 13:46:40.000000 UTC,3970,30.3804,30.3855
28255,29093,2016-02-20 14:16:40.000000 UTC,4150,30.3805,30.3478
29093,28255,2016-02-01 00:10:00.000000 UTC,25750,30.3814,29.5189
16111,28255,2016-02-10 13:45:00.000000 UTC,1810,30.3814,30.415
39261,16111,2016-02-14 04:15:00.000000 UTC,25450,30.3816,29.848
16111,28255,2016-02-09 05:05:00.000000 UTC,4630,30.3817,30.5716
28255,29093,2016-02-23 11:10:00.000000 UTC,18430,30.3818,28.6554
39261,29093,2016-02-14 04:15:00.000000 UTC,310,30.3822,30.356
29093,16111,2016-02-04 05:05:00.000000 UTC,2710,30.3823,30.0452
39261,28255,2016-02-13 05:30:00.000000 UTC,5470,30.3823,30.3059
28255,29093,2016-02-18 07:50:00.000000 UTC,4030,30.3826,30.3504
29093,28255,2016-02-04 15:46:40.000000 UTC,9130,30.3828,30.1631
29093,28255,2016-02-01 06:25:00.000000 UTC,4390,30.383,30.2717
28255,39261,2016-02-18 15:46:40.000000 UTC,7810,30.3833,27.1274
29093,16111,2016-02-01 08:20:00.000000 UTC,6490,30.3834,29.3794
16111,28255,2016-02-09 08:46:40.000000 UTC,52690,30.3839,30.2509
28255,29093,2016-02-20 17:55:00.000000 UTC,4690,30.3841,30.2112
16111,39261,2016-02-08 15:25:00.000000 UTC,55450,30.3843,30.5505
16111,39261,2016-02-10 20:40:00.000000 UTC,9970,30.3843,30.1946
16111,28255,2016-02-09 01:30:00.000000 UTC,4210,30.3845,30.3367
39261,16111,2016-02-12 18:01:40.000000 UTC,5170,30.3846,30.3824
39261,28255,2016-02-12 16:50:00.000000 UTC,4990,30.3849,30.4122
29093,28255,2016-02-05 07:55:00.000000 UTC,1810,30.3852,30.3679
28255,16111,2016-02-23 00:46:40.000000 UTC,28510,30.3857,28.9822
16111,29093,2016-02-06 21:45:00.000000 UTC,3010,30.3859,30.361
28255,29093,2016-02-18 07:25:00.000000 UTC,22570,30.386,29.3985
28255,29093,2016-02-18 12:10:00.000000 UTC,9250,30.386,30.3192
39261,29093,2016-02-12 23:55:00.000000 UTC,26530,30.3861,29.7685
29093,39261,2016-02-05 20:16:40.000000 UTC,4210,30.3862,30.3746
16111,28255,2016-02-11 18:55:00.000000 UTC,2230,30.3863,30.4193
28255,29093,2016-02-21 13:46:40.000000 UTC,7090,30.3866,29.5295
39261,28255,2016-02-12 11:00:00.000000 UTC,4990,30.3868,30.3993
39261,28255,2016-02-12 11:46:40.000000 UTC,6490,30.3869,30.2137
28255,39261,2016-02-18 15:00:00.000000 UTC,4990,30.3869,30.3776
16111,29093,2016-02-06 18:16:40.000000 UTC,48310,30.3875,31.1902
39261,16111,2016-02-15 02:16:40.000000 UTC,2650,30.3878,29.6423
16111,39261,2016-02-07 16:16:40.000000 UTC,4510,30.3879,30.2661
39261,28255,2016-02-12 12:15:00.000000 UTC,6490,30.3881,30.165
28255,39261,2016-02-19 10:31:40.000000 UTC,19690,30.3882,29.5668
39261,28255,2016-02-16 05:00:00.000000 UTC,9670,30.3883,27.9575
39261,28255,2016-02-14 10:31:40.000000 UTC,40270,30.3887,29.8789
39261,29093,2016-02-16 00:35:00.000000 UTC,3670,30.3891,30.3706
39261,28255,2016-02-12 11:10:00.000000 UTC,11890,30.3894,30.3277
39261,28255,2016-02-16 23:46:40.000000 UTC,5590,30.3894,30.4142
28255,29093,2016-02-18 04:35:00.000000 UTC,4330,30.3897,30.3692
28255,29093,2016-02-18 15:00:00.000000 UTC,15610,30.3897,29.1296
39261,16111,2016-02-12 14:46:40.000000 UTC,2650,30.3899,30.1824
39261,29093,2016-02-15 00:25:00.000000 UTC,4090,30.3899,30.2796
16111,39261,2016-02-08 22:01:40.000000 UTC,3130,30.3901,29.8345
29093,28255,2016-02-06 04:01:40.000000 UTC,3970,30.3905,30.4055
39261,28255,2016-02-18 01:45:00.000000 UTC,5230,30.3907,30.4314
28255,29093,2016-02-18 08:16:40.000000 UTC,4030,30.3909,30.3685
29093,16111,2016-02-01 15:35:00.000000 UTC,39550,30.391,29.8711
39261,28255,2016-02-17 02:15:00.000000 UTC,29950,30.3911,28.0385
16111,28255,2016-02-08 06:20:00.000000 UTC,5590,30.3913,30.3544
39261,28255,2016-02-12 12:15:00.000000 UTC,4930,30.3913,30.4059
28255,39261,2016-02-18 12:10:00.000000 UTC,1450,30.3914,30.335
29093,39261,2016-02-04 22:31:40.000000 UTC,13390,30.3917,28.1407
28255,29093,2016-02-18 21:01:40.000000 UTC,36730,30.3918,29.4791
28255,29093,2016-02-18 13:31:40.000000 UTC,3970,30.3919,30.2591
28255,29093,2016-02-22 00:45:00.000000 UTC,9910,30.3921,29.9584
28255,39261,2016-02-18 09:15:00.000000 UTC,4870,30.3923,30.3617
39261,29093,2016-02-13 03:31:40.000000 UTC,30850,30.3924,28.9377
39261,29093,2016-02-12 22:16:40.000000 UTC,33550,30.3926,29.9977
28255,39261,2016-02-19 01:05:00.000000 UTC,1690,30.3927,30.4088
29093,39261,2016-02-01 01:15:00.000000 UTC,4810,30.3931,30.4075
28255,16111,2016-02-21 07:31:40.000000 UTC,35830,30.3935,29.4928
16111,29093,2016-02-07 19:46:40.000000 UTC,3370,30.3938,30.4197
39261,29093,2016-02-17 20:20:00.000000 UTC,10390,30.3942,30.3383
16111,28255,2016-02-08 07:46:40.000000 UTC,54310,30.3943,30.1178
16111,29093,2016-02-08 15:25:00.000000 UTC,5890,30.3944,29.4429
39261,16111,2016-02-15 02:16:40.000000 UTC,25990,30.3948,30.1993
16111,39261,2016-02-08 20:20:00.000000 UTC,2230,30.3952,30.4424
28255,39261,2016-02-19 03:16:40.000000 UTC,5230,30.3953,30.3812
16111,39261,2016-02-07 01:50:00.000000 UTC,2230,30.3954,30.4385
28255,16111,2016-02-20 00:50:00.000000 UTC,3970,30.3955,30.4516
29093,39261,2016-02-01 00:46:40.000000 UTC,4570,30.3958,30.4106
29093,39261,2016-02-01 00:35:00.000000 UTC,4510,30.3964,30.4195
16111,39261,2016-02-10 23:01:40.000000 UTC,4630,30.3965,30.2745
28255,29093,2016-02-18 12:10:00.000000 UTC,3490,30.3968,30.3684
39261,29093,2016-02-13 03:31:40.000000 UTC,15310,30.3969,30.1422
28255,39261,2016-02-18 12:10:00.000000 UTC,6490,30.397,30.1243
16111,39261,2016-02-07 12:00:00.000000 UTC,11950,30.3972,29.2993
39261,28255,2016-02-12 11:10:00.000000 UTC,5050,30.3975,30.4056
39261,16111,2016-02-15 02:16:40.000000 UTC,26230,30.3977,30.0306
16111,28255,2016-02-12 08:15:00.000000 UTC,33970,30.398,29.7047
16111,29093,2016-02-06 20:50:00.000000 UTC,4210,30.3982,30.191
16111,28255,2016-02-09 01:30:00.000000 UTC,4390,30.3982,30.2973
16111,29093,2016-02-06 20:25:00.000000 UTC,3010,30.3983,30.4055
29093,39261,2016-02-01 21:40:00.000000 UTC,1150,30.3987,30.394
29093,28255,2016-02-01 06:25:00.000000 UTC,4210,30.3988,30.3728
16111,28255,2016-02-09 22:35:00.000000 UTC,21490,30.399,30.0299
39261,29093,2016-02-14 02:45:00.000000 UTC,30910,30.3991,28.8831
28255,16111,2016-02-18 07:25:00.000000 UTC,2950,30.3992,30.0114
28255,16111,2016-02-18 15:00:00.000000 UTC,1810,30.3994,30.4013
39261,29093,2016-02-12 18:01:40.000000 UTC,13090,30.3995,27.5308
39261,16111,2016-02-13 15:45:00.000000 UTC,22750,30.3995,29.2253
28255,39261,2016-02-18 14:15:00.000000 UTC,4990,30.4,30.3921
28255,39261,2016-02-20 10:45:00.000000 UTC,31390,30.4002,29.3466
29093,39261,2016-02-01 22:46:40.000000 UTC,4450,30.4005,30.4251
16111,28255,2016-02-07 09:05:00.000000 UTC,23170,30.4011,29.0572
39261,28255,2016-02-12 11:35:00.000000 UTC,5650,30.4017,30.5901
16111,39261,2016-02-07 00:31:40.000000 UTC,24970,30.4021,29.584
29093,28255,2016-02-01 23:55:00.000000 UTC,2230,30.403,30.4321
39261,28255,2016-02-13 01:40:00.000000 UTC,4810,30.4033,30.4497
29093,16111,2016-02-01 02:55:00.000000 UTC,6550,30.4034,29.5095
39261,29093,2016-02-13 21:01:40.000000 UTC,4210,30.4036,30.4064
16111,39261,2016-02-07 05:35:00.000000 UTC,2650,30.4042,30.019
39261,28255,2016-02-12 23:55:00.000000 UTC,13030,30.4046,27.6697
39261,29093,2016-02-12 13:55:00.000000 UTC,2050,30.4055,30.4114
28255,16111,2016-02-18 04:55:00.000000 UTC,31690,30.4056,29.7002
29093,16111,2016-02-01 00:00:00.000000 UTC,4150,30.4063,30.4284
39261,16111,2016-02-14 19:00:00.000000 UTC,4330,30.4063,30.4147
39261,28255,2016-02-17 15:01:40.000000 UTC,5350,30.4066,30.4302
16111,29093,2016-02-06 18:16:40.000000 UTC,10390,30.4067,29.1328
28255,16111,2016-02-22 00:45:00.000000 UTC,4030,30.4067,30.4066
29093,28255,2016-02-02 21:55:00.000000 UTC,4690,30.4071,30.4353
39261,16111,2016-02-12 11:25:00.000000 UTC,30130,30.4077,28.8665
39261,16111,2016-02-13 03:31:40.000000 UTC,55210,30.4079,30.8721
29093,16111,2016-02-01 01:00:00.000000 UTC,1390,30.4085,30.4107
39261,29093,2016-02-12 22:16:40.000000 UTC,4210,30.4085,30.3991
28255,39261,2016-02-19 17:20:00.000000 UTC,5410,30.4086,30.3205
16111,28255,2016-02-06 17:31:40.000000 UTC,25930,30.4088,29.8673
16111,29093,2016-02-12 11:00:00.000000 UTC,52630,30.409,31.0929
39261,28255,2016-02-13 06:31:40.000000 UTC,24430,30.409,28.3608
39261,28255,2016-02-14 17:15:00.000000 UTC,46210,30.4091,29.7987
28255,39261,2016-02-18 21:01:40.000000 UTC,5110,30.4094,30.3977
29093,16111,2016-02-01 02:31:40.000000 UTC,3970,30.4096,30.2636
16111,39261,2016-02-06 17:30:00.000000 UTC,4450,30.4098,30.4247
28255,16111,2016-02-19 11:50:00.000000 UTC,2230,30.4098,30.4071
16111,28255,2016-02-07 01:50:00.000000 UTC,4030,30.4099,30.5337
16111,39261,2016-02-11 03:50:00.000000 UTC,4390,30.4105,30.4249
29093,28255,2016-02-01 12:55:00.000000 UTC,4210,30.4106,30.417
28255,29093,2016-02-18 15:00:00.000000 UTC,59050,30.411,30.6089
39261,16111,2016-02-12 20:45:00.000000 UTC,4750,30.4111,30.4272
39261,16111,2016-02-15 22:25:00.000000 UTC,43390,30.4114,30.2501
39261,29093,2016-02-18 01:45:00.000000 UTC,13930,30.4114,29.1767
29093,16111,2016-02-05 17:45:00.000000 UTC,2530,30.4115,30.4672
39261,28255,2016-02-12 18:40:00.000000 UTC,5050,30.4116,30.5063
29093,16111,2016-02-01 01:00:00.000000 UTC,4090,30.4119,30.4176
28255,39261,2016-02-20 02:25:00.000000 UTC,5710,30.4119,30.3913
16111,39261,2016-02-07 00:31:40.000000 UTC,2170,30.4124,30.4432
28255,29093,2016-02-21 15:55:00.000000 UTC,40210,30.4124,29.8885
16111,28255,2016-02-07 19:46:40.000000 UTC,20470,30.4126,30.0194
39261,29093,2016-02-13 23:50:00.000000 UTC,3910,30.4128,30.4155
39261,29093,2016-02-12 21:30:00.000000 UTC,4210,30.4129,30.4168
28255,29093,2016-02-18 11:31:40.000000 UTC,610,30.4132,30.3285
16111,28255,2016-02-07 03:15:00.000000 UTC,4030,30.4133,30.4266
28255,39261,2016-02-19 14:31:40.000000 UTC,1930,30.4136,30.3962
29093,16111,2016-02-05 15:15:00.000000 UTC,30730,30.414,30.5509
28255,16111,2016-02-18 05:16:40.000000 UTC,58150,30.4141,30.368
28255,29093,2016-02-19 06:46:40.000000 UTC,12850,30.4143,27.9278
28255,16111,2016-02-19 14:31:40.000000 UTC,4930,30.4143,30.4148
29093,16111,2016-02-01 13:46:40.000000 UTC,21550,30.4144,30.4139
39261,28255,2016-02-17 07:16:40.000000 UTC,5590,30.4144,30.4389
39261,28255,2016-02-17 09:50:00.000000 UTC,5410,30.4145,30.4322
29093,39261,2016-02-01 00:10:00.000000 UTC,4570,30.4148,30.4298
16111,39261,2016-02-11 01:25:00.000000 UTC,4150,30.415,30.4368
39261,16111,2016-02-12 15:45:00.000000 UTC,2290,30.4151,30.4369
28255,39261,2016-02-18 09:46:40.000000 UTC,4930,30.4159,30.4013
16111,29093,2016-02-09 14:31:40.000000 UTC,4030,30.4172,30.4373
39261,16111,2016-02-12 11:05:00.000000 UTC,8230,30.4172,29.7176
39261,29093,2016-02-13 03:31:40.000000 UTC,25990,30.4175,30.1409
29093,39261,2016-02-04 22:31:40.000000 UTC,30310,30.4178,30.2684
28255,39261,2016-02-18 10:20:00.000000 UTC,4930,30.4179,30.3839
16111,29093,2016-02-10 11:30:00.000000 UTC,44710,30.4181,30.6811
29093,16111,2016-02-01 00:01:40.000000 UTC,4150,30.4182,30.4405
16111,28255,2016-02-11 13:46:40.000000 UTC,4810,30.4183,30.4408
28255,16111,2016-02-20 00:50:00.000000 UTC,3850,30.4184,30.399
28255,29093,2016-02-18 19:10:00.000000 UTC,58210,30.4186,30.5763
39261,29093,2016-02-12 22:16:40.000000 UTC,26470,30.4187,28.9578
28255,29093,2016-02-20 12:30:00.000000 UTC,4330,30.4187,30.4162
29093,16111,2016-02-02 20:20:00.000000 UTC,59530,30.4189,30.708
39261,29093,2016-02-16 21:20:00.000000 UTC,4990,30.4197,30.316
29093,39261,2016-02-03 15:16:40.000000 UTC,10270,30.4198,30.2065
29093,16111,2016-02-01 21:40:00.000000 UTC,3910,30.4201,30.443
16111,29093,2016-02-06 22:15:00.000000 UTC,59710,30.4201,31.5327
29093,16111,2016-02-03 15:16:40.000000 UTC,53950,30.4202,31.4531
39261,16111,2016-02-17 04:45:00.000000 UTC,2050,30.4203,30.439
28255,29093,2016-02-18 04:30:00.000000 UTC,4330,30.4204,30.383
39261,29093,2016-02-14 13:50:00.000000 UTC,1930,30.4206,30.4224
28255,29093,2016-02-18 12:10:00.000000 UTC,14950,30.4207,30.2323
16111,28255,2016-02-12 00:10:00.000000 UTC,32530,30.4209,30.1588
16111,39261,2016-02-06 22:15:00.000000 UTC,5110,30.4211,30.4318
29093,28255,2016-02-04 03:01:40.000000 UTC,4930,30.4213,30.4551
29093,28255,2016-02-01 18:30:00.000000 UTC,4930,30.4214,30.4329
16111,28255,2016-02-06 22:15:00.000000 UTC,46030,30.4214,30.4093
28255,29093,2016-02-20 21:40:00.000000 UTC,59470,30.4214,30.738
39261,28255,2016-02-12 16:50:00.000000 UTC,5050,30.4216,30.4512
16111,29093,2016-02-07 03:15:00.000000 UTC,59470,30.4221,30.8233
16111,29093,2016-02-09 18:30:00.000000 UTC,1330,30.4222,30.4252
16111,39261,2016-02-08 22:01:40.000000 UTC,2890,30.4226,30.0988
28255,29093,2016-02-19 03:16:40.000000 UTC,4810,30.4226,30.4138
39261,16111,2016-02-16 14:10:00.000000 UTC,4270,30.4234,30.4096
28255,16111,2016-02-20 23:35:00.000000 UTC,4030,30.4234,30.4008
16111,39261,2016-02-06 17:30:00.000000 UTC,18550,30.4236,29.6903
39261,16111,2016-02-12 12:50:00.000000 UTC,12970,30.4237,28.8632
39261,29093,2016-02-16 23:46:40.000000 UTC,20110,30.4237,29.1149
39261,29093,2016-02-15 02:16:40.000000 UTC,49270,30.424,30.5577
16111,29093,2016-02-09 03:16:40.000000 UTC,45010,30.4241,30.572
39261,16111,2016-02-14 01:16:40.000000 UTC,3910,30.4241,30.4502
29093,16111,2016-02-05 00:50:00.000000 UTC,14110,30.4247,30.4797
39261,16111,2016-02-14 19:00:00.000000 UTC,34210,30.4247,29.2825
28255,16111,2016-02-19 01:05:00.000000 UTC,54970,30.4247,30.6518
16111,28255,2016-02-07 08:10:00.000000 UTC,36910,30.4249,29.3839
39261,28255,2016-02-12 11:01:40.000000 UTC,5050,30.4256,30.4412
16111,28255,2016-02-08 09:15:00.000000 UTC,6970,30.4257,30.0111
28255,16111,2016-02-21 03:30:00.000000 UTC,59470,30.4258,30.8557
28255,29093,2016-02-19 00:01:40.000000 UTC,40330,30.4259,30.0825
16111,28255,2016-02-08 13:50:00.000000 UTC,5110,30.426,30.4668
29093,16111,2016-02-01 12:55:00.000000 UTC,23110,30.4261,29.1386
29093,16111,2016-02-05 07:55:00.000000 UTC,2650,30.4264,30.5491
29093,16111,2016-02-01 03:46:40.000000 UTC,37750,30.4267,29.031
16111,39261,2016-02-08 02:10:00.000000 UTC,51550,30.4267,30.6613
28255,39261,2016-02-18 04:40:00.000000 UTC,11470,30.4267,30.2777
28255,29093,2016-02-19 18:46:40.000000 UTC,310,30.4267,30.3683
39261,29093,2016-02-12 11:35:00.000000 UTC,2170,30.4269,30.454
28255,29093,2016-02-19 05:35:00.000000 UTC,4690,30.427,30.4142
28255,39261,2016-02-19 20:15:00.000000 UTC,5590,30.4273,30.4287
39261,16111,2016-02-15 16:05:00.000000 UTC,4330,30.4276,30.4097
29093,28255,2016-02-03 09:46:40.000000 UTC,21970,30.4279,28.8294
28255,39261,2016-02-19 09:15:00.000000 UTC,5350,30.4281,30.4198
16111,29093,2016-02-07 06:25:00.000000 UTC,3310,30.4283,30.4461
39261,16111,2016-02-12 22:16:40.000000 UTC,4570,30.4283,30.4486
39261,16111,2016-02-15 14:01:40.000000 UTC,4570,30.4283,30.4457
39261,28255,2016-02-12 12:00:00.000000 UTC,11890,30.4284,30.3641
28255,16111,2016-02-20 00:50:00.000000 UTC,31510,30.4285,29.34
28255,16111,2016-02-20 12:30:00.000000 UTC,2230,30.4285,30.4
28255,39261,2016-02-18 09:46:40.000000 UTC,1390,30.4288,30.4187
39261,28255,2016-02-12 11:00:00.000000 UTC,5050,30.4291,30.448
28255,16111,2016-02-21 01:31:40.000000 UTC,3850,30.4292,30.4045
16111,39261,2016-02-07 07:16:40.000000 UTC,15970,30.4294,30.1549
39261,28255,2016-02-18 01:45:00.000000 UTC,5290,30.4294,30.4806
16111,39261,2016-02-08 09:15:00.000000 UTC,910,30.4297,30.4096
28255,16111,2016-02-18 12:10:00.000000 UTC,2110,30.4297,30.4069
29093,16111,2016-02-06 01:25:00.000000 UTC,8230,30.4301,30.5196
16111,39261,2016-02-07 09:05:00.000000 UTC,10030,30.4301,30.4025
28255,16111,2016-02-19 13:10:00.000000 UTC,2110,30.4301,30.3929
16111,28255,2016-02-06 18:45:00.000000 UTC,21790,30.4302,29.3328
28255,16111,2016-02-19 21:45:00.000000 UTC,4150,30.4302,30.4107
16111,29093,2016-02-11 16:20:00.000000 UTC,4690,30.4305,30.4666
29093,39261,2016-02-01 08:20:00.000000 UTC,2230,30.4306,30.4577
29093,16111,2016-02-01 01:15:00.000000 UTC,55270,30.4309,30.8702
16111,28255,2016-02-08 15:25:00.000000 UTC,43870,30.4309,30.3955
39261,16111,2016-02-13 23:50:00.000000 UTC,11410,30.4309,29.1691
29093,39261,2016-02-03 15:16:40.000000 UTC,9610,30.4311,30.3333
28255,39261,2016-02-19 05:35:00.000000 UTC,5110,30.4311,30.2359
28255,39261,2016-02-20 23:35:00.000000 UTC,57670,30.4311,29.7481
28255,39261,2016-02-18 15:00:00.000000 UTC,5050,30.4314,30.4237
16111,39261,2016-02-06 19:01:40.000000 UTC,4690,30.4315,30.4576
29093,16111,2016-02-04 07:10:00.000000 UTC,3130,30.4316,30.4902
29093,16111,2016-02-03 08:00:00.000000 UTC,27430,30.4319,29.4886
29093,28255,2016-02-05 00:50:00.000000 UTC,4390,30.4319,30.4805
28255,29093,2016-02-19 05:35:00.000000 UTC,1630,30.4322,30.3797
29093,28255,2016-02-02 12:50:00.000000 UTC,4870,30.4326,30.2936
16111,39261,2016-02-10 23:01:40.000000 UTC,4450,30.4327,30.3471
16111,29093,2016-02-06 17:55:00.000000 UTC,3130,30.4329,30.435
28255,16111,2016-02-18 13:31:40.000000 UTC,4930,30.4331,30.4365
16111,29093,2016-02-07 06:25:00.000000 UTC,9070,30.4332,30.535
16111,39261,2016-02-12 08:15:00.000000 UTC,2170,30.4332,30.4851
16111,39261,2016-02-06 20:01:40.000000 UTC,1630,30.4335,30.4563
29093,39261,2016-02-02 18:46:40.000000 UTC,3970,30.4338,30.4545
39261,29093,2016-02-12 18:01:40.000000 UTC,28690,30.4347,30.2162
28255,39261,2016-02-19 00:01:40.000000 UTC,19330,30.4347,29.4872
39261,28255,2016-02-17 04:45:00.000000 UTC,5530,30.4348,30.4647
28255,39261,2016-02-18 07:01:40.000000 UTC,6130,30.4353,30.2476
16111,39261,2016-02-11 16:20:00.000000 UTC,2950,30.4354,30.1801
29093,39261,2016-02-04 09:16:40.000000 UTC,51250,30.4355,30.5372
16111,39261,2016-02-09 06:55:00.000000 UTC,4150,30.4358,30.4589
29093,28255,2016-02-01 20:35:00.000000 UTC,1930,30.4359,30.4859
16111,28255,2016-02-08 02:10:00.000000 UTC,53170,30.4361,29.6947
29093,39261,2016-02-01 17:30:00.000000 UTC,3790,30.4363,30.4241
28255,39261,2016-02-18 22:00:00.000000 UTC,5170,30.4367,30.4216
29093,28255,2016-02-01 15:35:00.000000 UTC,1450,30.4368,30.4345
16111,28255,2016-02-07 23:31:40.000000 UTC,28990,30.4368,28.4551
16111,28255,2016-02-10 11:30:00.000000 UTC,36790,30.4368,29.6991
16111,29093,2016-02-09 14:31:40.000000 UTC,50050,30.437,31.1957
16111,39261,2016-02-12 11:00:00.000000 UTC,51190,30.4372,30.5549
29093,39261,2016-02-01 01:50:00.000000 UTC,4750,30.4375,30.4478
16111,39261,2016-02-11 18:55:00.000000 UTC,16270,30.4384,30.1634
28255,29093,2016-02-18 11:31:40.000000 UTC,22150,30.4385,28.5648
28255,29093,2016-02-18 12:10:00.000000 UTC,3670,30.4385,30.3602
16111,39261,2016-02-06 19:40:00.000000 UTC,4690,30.4386,30.4597
28255,16111,2016-02-23 16:31:40.000000 UTC,34270,30.4392,29.4729
29093,16111,2016-02-05 17:45:00.000000 UTC,2950,30.4397,30.3853
39261,28255,2016-02-14 02:45:00.000000 UTC,33190,30.4401,28.7521
39261,28255,2016-02-13 09:46:40.000000 UTC,4810,30.4404,30.4114
16111,29093,2016-02-06 17:55:00.000000 UTC,8770,30.4405,30.4542
39261,29093,2016-02-13 22:25:00.000000 UTC,27610,30.4408,30.1558
28255,29093,2016-02-20 14:16:40.000000 UTC,4210,30.4412,30.4094
39261,16111,2016-02-13 15:45:00.000000 UTC,33910,30.4413,29.0784
16111,28255,2016-02-08 06:20:00.000000 UTC,4270,30.4415,30.4291
28255,29093,2016-02-20 17:55:00.000000 UTC,4270,30.4417,30.397
16111,29093,2016-02-06 18:30:00.000000 UTC,25630,30.4427,30.3318
39261,28255,2016-02-12 11:16:40.000000 UTC,11890,30.4428,30.2444
29093,39261,2016-02-05 20:16:40.000000 UTC,12430,30.4431,29.4962
29093,16111,2016-02-06 06:40:00.000000 UTC,29590,30.4435,29.9709
29093,39261,2016-02-01 03:20:00.000000 UTC,5590,30.4438,31.0866
16111,28255,2016-02-07 04:00:00.000000 UTC,29770,30.4438,29.6988
29093,39261,2016-02-01 22:46:40.000000 UTC,22990,30.4442,29.733
28255,39261,2016-02-19 03:16:40.000000 UTC,5290,30.4443,30.4416
29093,39261,2016-02-01 08:20:00.000000 UTC,2170,30.4445,30.4883
28255,29093,2016-02-18 07:01:40.000000 UTC,4030,30.4445,30.4233
16111,28255,2016-02-07 06:25:00.000000 UTC,1330,30.4451,30.4522
29093,16111,2016-02-01 00:05:00.000000 UTC,4150,30.4452,30.4676
16111,28255,2016-02-08 06:20:00.000000 UTC,1210,30.4455,30.4583
29093,16111,2016-02-03 17:10:00.000000 UTC,3130,30.4459,30.2387
28255,29093,2016-02-18 08:16:40.000000 UTC,4090,30.446,30.4064
16111,29093,2016-02-06 19:40:00.000000 UTC,3250,30.4461,30.5304
39261,28255,2016-02-12 16:16:40.000000 UTC,5050,30.4461,30.4329
39261,29093,2016-02-15 14:01:40.000000 UTC,24910,30.4468,27.9763
28255,29093,2016-02-18 04:35:00.000000 UTC,4390,30.4469,30.4318
39261,29093,2016-02-12 21:30:00.000000 UTC,28690,30.447,28.9393
29093,16111,2016-02-04 11:25:00.000000 UTC,2470,30.4472,29.784
28255,29093,2016-02-22 05:20:00.000000 UTC,32050,30.4473,29.4047
29093,39261,2016-02-01 04:45:00.000000 UTC,5230,30.4483,30.4764
28255,16111,2016-02-21 22:30:00.000000 UTC,17710,30.4486,28.8561
16111,29093,2016-02-09 05:05:00.000000 UTC,55630,30.4488,31.6044
16111,28255,2016-02-06 17:55:00.000000 UTC,27490,30.4489,29.4162
39261,29093,2016-02-14 22:35:00.000000 UTC,4510,30.4492,30.446
28255,39261,2016-02-19 13:10:00.000000 UTC,13690,30.4492,29.869
16111,29093,2016-02-08 23:45:00.000000 UTC,33850,30.4496,29.9558
28255,16111,2016-02-18 16:35:00.000000 UTC,1630,30.4498,30.4439
16111,29093,2016-02-07 02:31:40.000000 UTC,3130,30.4503,30.4369
16111,39261,2016-02-06 23:55:00.000000 UTC,5350,30.4506,30.4594
16111,28255,2016-02-08 12:16:40.000000 UTC,4930,30.4508,30.4686
16111,28255,2016-02-06 18:45:00.000000 UTC,20290,30.451,29.9243
29093,28255,2016-02-03 02:50:00.000000 UTC,44170,30.4515,29.5579
29093,39261,2016-02-03 11:35:00.000000 UTC,20950,30.4516,30.271
16111,39261,2016-02-06 17:40:00.000000 UTC,17710,30.4516,30.4622
29093,28255,2016-02-01 04:45:00.000000 UTC,22570,30.4518,29.2282
28255,16111,2016-02-20 21:40:00.000000 UTC,50590,30.4519,30.496
29093,39261,2016-02-05 20:16:40.000000 UTC,4270,30.4524,30.4475
28255,16111,2016-02-19 00:01:40.000000 UTC,3910,30.4527,30.4283
39261,16111,2016-02-18 04:30:00.000000 UTC,1750,30.4531,30.4229
16111,29093,2016-02-06 18:16:40.000000 UTC,4390,30.4534,29.9829
29093,39261,2016-02-03 08:00:00.000000 UTC,27430,30.4535,28.7088
29093,28255,2016-02-03 13:25:00.000000 UTC,44650,30.4536,30.1235
39261,16111,2016-02-14 13:50:00.000000 UTC,7630,30.4536,29.7247
29093,16111,2016-02-01 05:50:00.000000 UTC,4090,30.4541,30.4472
28255,16111,2016-02-22 17:16:40.000000 UTC,4990,30.4547,30.434
29093,39261,2016-02-01 00:46:40.000000 UTC,4630,30.4549,30.4853
16111,29093,2016-02-07 06:25:00.000000 UTC,9130,30.4554,30.5627
16111,39261,2016-02-09 14:31:40.000000 UTC,5110,30.4555,30.4768
29093,39261,2016-02-01 06:25:00.000000 UTC,5410,30.4559,30.4849
29093,16111,2016-02-05 10:20:00.000000 UTC,30970,30.4561,30.4957
29093,16111,2016-02-05 07:55:00.000000 UTC,2830,30.4562,30.578
16111,29093,2016-02-06 22:15:00.000000 UTC,59530,30.4563,31.2416
28255,39261,2016-02-19 04:25:00.000000 UTC,5290,30.4566,30.4363
29093,16111,2016-02-01 13:46:40.000000 UTC,4030,30.4567,30.473
29093,28255,2016-02-02 02:16:40.000000 UTC,19510,30.4567,29.7007
28255,39261,2016-02-18 09:46:40.000000 UTC,4990,30.4567,30.4403
29093,28255,2016-02-04 01:00:00.000000 UTC,4690,30.4569,30.4629
29093,16111,2016-02-05 15:15:00.000000 UTC,8350,30.4574,30.5667
16111,29093,2016-02-07 04:00:00.000000 UTC,30730,30.458,28.6605
29093,16111,2016-02-01 06:25:00.000000 UTC,4030,30.4581,30.4495
16111,28255,2016-02-10 04:55:00.000000 UTC,4930,30.4584,30.3517
16111,29093,2016-02-06 19:20:00.000000 UTC,3130,30.4586,30.4373
39261,28255,2016-02-12 23:55:00.000000 UTC,1270,30.459,30.4206
29093,16111,2016-02-04 22:31:40.000000 UTC,2830,30.4592,30.5518
39261,29093,2016-02-12 17:25:00.000000 UTC,12550,30.4593,29.7418
39261,29093,2016-02-13 13:16:40.000000 UTC,11050,30.4597,27.2168
39261,28255,2016-02-17 09:50:00.000000 UTC,1870,30.4597,30.6137
39261,29093,2016-02-12 17:25:00.000000 UTC,33850,30.46,30.0368
39261,16111,2016-02-14 22:35:00.000000 UTC,4690,30.46,30.3241
39261,28255,2016-02-16 05:00:00.000000 UTC,56350,30.4604,30.4151
39261,29093,2016-02-16 05:00:00.000000 UTC,26470,30.4606,29.287
39261,28255,2016-02-13 06:31:40.000000 UTC,51910,30.4613,29.2146
39261,16111,2016-02-12 12:00:00.000000 UTC,2650,30.4616,30.0365
39261,28255,2016-02-12 17:25:00.000000 UTC,4990,30.4616,30.5089
28255,29093,2016-02-19 00:01:40.000000 UTC,5170,30.4616,30.4436
29093,16111,2016-02-03 04:31:40.000000 UTC,20650,30.4621,30.5232
39261,16111,2016-02-13 17:01:40.000000 UTC,4930,30.4622,30.478
16111,28255,2016-02-06 17:31:40.000000 UTC,31450,30.4626,29.1358
16111,29093,2016-02-06 21:16:40.000000 UTC,38230,30.4629,30.085
29093,28255,2016-02-06 04:01:40.000000 UTC,4030,30.463,30.4732
16111,29093,2016-02-07 09:05:00.000000 UTC,19930,30.463,29.5897
16111,39261,2016-02-11 06:16:40.000000 UTC,4810,30.463,30.4762
29093,28255,2016-02-03 08:00:00.000000 UTC,26050,30.4631,29.9361
16111,39261,2016-02-07 14:05:00.000000 UTC,4330,30.4633,30.457
29093,28255,2016-02-05 03:10:00.000000 UTC,12670,30.4639,29.3941
39261,16111,2016-02-13 18:20:00.000000 UTC,33430,30.4644,29.5638
29093,16111,2016-02-04 01:00:00.000000 UTC,4210,30.4649,30.2722
39261,28255,2016-02-13 05:30:00.000000 UTC,5110,30.4655,30.424
39261,28255,2016-02-12 11:01:40.000000 UTC,5110,30.4658,30.4854
39261,29093,2016-02-13 21:01:40.000000 UTC,4270,30.4658,30.4667
28255,29093,2016-02-18 10:20:00.000000 UTC,3730,30.4662,30.4451
39261,28255,2016-02-12 11:35:00.000000 UTC,1510,30.4663,30.4551
29093,16111,2016-02-05 17:45:00.000000 UTC,13990,30.4666,30.4691
39261,29093,2016-02-12 22:16:40.000000 UTC,4270,30.4666,30.4466
28255,29093,2016-02-18 04:31:40.000000 UTC,4390,30.4667,30.4406
16111,29093,2016-02-07 13:01:40.000000 UTC,3370,30.4671,30.4779
16111,28255,2016-02-09 05:05:00.000000 UTC,4090,30.4673,30.5235
39261,29093,2016-02-15 22:25:00.000000 UTC,4450,30.4673,30.507
39261,16111,2016-02-15 18:10:00.000000 UTC,10330,30.4675,30.3765
16111,29093,2016-02-12 05:31:40.000000 UTC,51730,30.4678,31.3336
39261,29093,2016-02-12 11:00:00.000000 UTC,2230,30.4679,30.5091
39261,28255,2016-02-12 11:25:00.000000 UTC,5110,30.4679,30.4033
28255,16111,2016-02-18 05:05:00.000000 UTC,58330,30.468,30.6163
28255,16111,2016-02-18 04:40:00.000000 UTC,8410,30.4684,30.1158
28255,39261,2016-02-23 16:31:40.000000 UTC,36370,30.4688,29.0949
29093,16111,2016-02-02 07:20:00.000000 UTC,16930,30.4689,29.4428
29093,39261,2016-02-03 19:05:00.000000 UTC,12010,30.4689,29.1923
29093,28255,2016-02-04 05:05:00.000000 UTC,1930,30.4695,30.4619
29093,28255,2016-02-01 12:05:00.000000 UTC,4330,30.4696,30.4674
16111,39261,2016-02-11 03:50:00.000000 UTC,4450,30.47,30.4924
29093,16111,2016-02-03 08:00:00.000000 UTC,10690,30.4703,29.4541
39261,16111,2016-02-14 19:00:00.000000 UTC,4390,30.4703,30.4824
16111,28255,2016-02-09 18:30:00.000000 UTC,18790,30.4704,28.5956
39261,29093,2016-02-13 12:05:00.000000 UTC,2170,30.4704,30.4965
28255,16111,2016-02-23 19:15:00.000000 UTC,4870,30.4704,30.4736
29093,28255,2016-02-05 10:20:00.000000 UTC,1990,30.4706,30.4872
28255,39261,2016-02-23 03:20:00.000000 UTC,41650,30.4713,29.5439
29093,28255,2016-02-01 07:40:00.000000 UTC,17410,30.4715,28.8002
29093,39261,2016-02-03 04:31:40.000000 UTC,5230,30.4716,30.4846
39261,28255,2016-02-17 09:50:00.000000 UTC,13270,30.4717,30.1195
29093,16111,2016-02-04 01:00:00.000000 UTC,3250,30.4719,30.4873
29093,39261,2016-02-01 02:55:00.000000 UTC,20050,30.4722,28.252
16111,39261,2016-02-11 01:25:00.000000 UTC,4210,30.4723,30.4899
39261,28255,2016-02-12 20:01:40.000000 UTC,5290,30.4723,30.4862
28255,39261,2016-02-19 09:15:00.000000 UTC,5410,30.4724,30.4778
39261,28255,2016-02-16 14:10:00.000000 UTC,9310,30.4725,27.8978
28255,29093,2016-02-19 14:31:40.000000 UTC,3730,30.4727,30.4539
16111,39261,2016-02-06 17:30:00.000000 UTC,4510,30.4732,30.4944
28255,39261,2016-02-18 15:00:00.000000 UTC,5110,30.4733,30.4652
28255,29093,2016-02-21 18:05:00.000000 UTC,11290,30.4735,30.1036
16111,28255,2016-02-07 14:05:00.000000 UTC,2290,30.4736,30.1417
16111,39261,2016-02-06 21:45:00.000000 UTC,13630,30.4741,29.943
16111,29093,2016-02-09 14:31:40.000000 UTC,49990,30.4742,31.0952
29093,39261,2016-02-01 02:31:40.000000 UTC,1690,30.4744,30.4554
39261,28255,2016-02-17 12:25:00.000000 UTC,5530,30.4744,30.4993
28255,16111,2016-02-22 00:45:00.000000 UTC,4090,30.4745,30.4671
29093,39261,2016-02-04 01:00:00.000000 UTC,4930,30.4746,30.4781
29093,28255,2016-02-01 09:01:40.000000 UTC,4210,30.4749,30.4381
16111,39261,2016-02-09 05:05:00.000000 UTC,4690,30.4752,30.3729
28255,39261,2016-02-23 19:15:00.000000 UTC,18970,30.4753,27.633
29093,16111,2016-02-01 00:00:00.000000 UTC,6550,30.4755,29.7172
28255,29093,2016-02-18 12:10:00.000000 UTC,25570,30.4755,29.4579
29093,16111,2016-02-01 01:31:40.000000 UTC,6550,30.4756,29.6139
39261,16111,2016-02-18 04:30:00.000000 UTC,4810,30.4756,30.4597
16111,29093,2016-02-09 06:55:00.000000 UTC,3790,30.4758,30.2047
29093,16111,2016-02-01 04:45:00.000000 UTC,49510,30.476,30.6594
16111,39261,2016-02-08 06:20:00.000000 UTC,17530,30.476,28.31
39261,16111,2016-02-15 02:16:40.000000 UTC,3010,30.4764,30.1167
16111,39261,2016-02-06 19:40:00.000000 UTC,1570,30.4765,30.4824
29093,28255,2016-02-05 00:50:00.000000 UTC,4930,30.4766,30.4699
39261,29093,2016-02-12 21:30:00.000000 UTC,4270,30.4766,30.4783
28255,16111,2016-02-18 10:55:00.000000 UTC,2650,30.4766,29.4488
16111,29093,2016-02-07 14:05:00.000000 UTC,3430,30.4768,30.4743
28255,16111,2016-02-20 16:05:00.000000 UTC,4930,30.4768,30.4722
28255,29093,2016-02-18 04:30:00.000000 UTC,4390,30.4775,30.4458
16111,39261,2016-02-06 17:31:40.000000 UTC,4510,30.4777,30.4947
39261,28255,2016-02-12 11:25:00.000000 UTC,1510,30.4777,30.5106
16111,28255,2016-02-08 17:01:40.000000 UTC,2110,30.4778,30.5871
29093,16111,2016-02-03 19:05:00.000000 UTC,3370,30.4779,30.5105
16111,29093,2016-02-07 04:00:00.000000 UTC,25990,30.4779,30.5198
16111,39261,2016-02-08 06:20:00.000000 UTC,17410,30.4781,28.6589
28255,16111,2016-02-19 23:16:40.000000 UTC,9910,30.4782,30.4067
39261,29093,2016-02-12 15:45:00.000000 UTC,4990,30.4787,30.4879
29093,28255,2016-02-01 22:46:40.000000 UTC,49930,30.4793,30.1679
29093,16111,2016-02-01 19:31:40.000000 UTC,6070,30.4794,29.6571
16111,39261,2016-02-06 21:16:40.000000 UTC,4930,30.4797,30.4959
39261,29093,2016-02-13 04:30:00.000000 UTC,43810,30.4797,29.3635
16111,28255,2016-02-07 03:15:00.000000 UTC,4090,30.4802,30.4875
29093,28255,2016-02-03 23:00:00.000000 UTC,1330,30.4803,30.5061
28255,29093,2016-02-20 12:30:00.000000 UTC,4390,30.4804,30.4864
29093,39261,2016-02-01 00:46:40.000000 UTC,12970,30.4806,29.6723
28255,16111,2016-02-18 19:10:00.000000 UTC,17470,30.4806,29.5725
28255,39261,2016-02-18 13:31:40.000000 UTC,35470,30.4808,29.3718
28255,39261,2016-02-19 10:31:40.000000 UTC,5410,30.4808,30.4591
29093,39261,2016-02-06 17:30:00.000000 UTC,4390,30.4809,30.5063
29093,16111,2016-02-01 14:40:00.000000 UTC,11890,30.481,29.2708
16111,28255,2016-02-07 05:35:00.000000 UTC,58210,30.481,30.0002
39261,29093,2016-02-16 02:46:40.000000 UTC,2770,30.481,29.6322
39261,28255,2016-02-12 12:15:00.000000 UTC,5050,30.4813,30.5057
28255,39261,2016-02-18 22:00:00.000000 UTC,5230,30.4818,30.4736
28255,39261,2016-02-20 09:01:40.000000 UTC,26350,30.4818,29.9727
28255,29093,2016-02-18 14:15:00.000000 UTC,31030,30.4819,29.7335
28255,29093,2016-02-20 07:20:00.000000 UTC,4870,30.482,30.4703
29093,16111,2016-02-01 00:01:40.000000 UTC,6550,30.4822,29.7201
29093,16111,2016-02-03 04:31:40.000000 UTC,16750,30.4825,28.4643
28255,29093,2016-02-18 04:46:40.000000 UTC,10570,30.4825,30.446
29093,39261,2016-02-01 07:40:00.000000 UTC,2110,30.4826,30.5299
28255,16111,2016-02-18 19:10:00.000000 UTC,23050,30.4828,29.5639
28255,39261,2016-02-19 15:55:00.000000 UTC,5530,30.4829,30.4753
39261,16111,2016-02-14 17:15:00.000000 UTC,4630,30.4833,30.4903
29093,39261,2016-02-01 00:16:40.000000 UTC,4570,30.4835,30.4733
28255,16111,2016-02-19 04:25:00.000000 UTC,310,30.4835,30.4069
16111,28255,2016-02-07 13:01:40.000000 UTC,5170,30.4838,30.5148
16111,29093,2016-02-06 17:30:00.000000 UTC,48190,30.484,31.0586
39261,28255,2016-02-12 18:01:40.000000 UTC,1390,30.484,30.4621
39261,28255,2016-02-18 04:30:00.000000 UTC,6610,30.4842,30.3145
29093,28255,2016-02-03 01:10:00.000000 UTC,23770,30.4843,28.7924
39261,29093,2016-02-12 11:01:40.000000 UTC,42610,30.4851,28.9013
39261,16111,2016-02-16 14:10:00.000000 UTC,4330,30.4851,30.47
29093,16111,2016-02-02 11:25:00.000000 UTC,28150,30.4852,29.0668
28255,39261,2016-02-18 09:15:00.000000 UTC,4990,30.4853,30.449
16111,39261,2016-02-06 18:30:00.000000 UTC,49030,30.4854,29.9324
29093,28255,2016-02-01 20:35:00.000000 UTC,5110,30.4857,30.4972
39261,29093,2016-02-12 13:55:00.000000 UTC,5170,30.4857,30.4804
29093,28255,2016-02-03 17:10:00.000000 UTC,4690,30.4865,30.3788
16111,29093,2016-02-11 18:55:00.000000 UTC,50530,30.4867,29.3725
29093,16111,2016-02-01 14:40:00.000000 UTC,54370,30.4873,29.815
16111,29093,2016-02-06 19:01:40.000000 UTC,8830,30.488,30.5948
29093,39261,2016-02-01 05:16:40.000000 UTC,1990,30.4881,30.4769
28255,16111,2016-02-20 04:01:40.000000 UTC,25690,30.4881,30.0259
28255,29093,2016-02-18 08:16:40.000000 UTC,16810,30.4885,29.4495
16111,39261,2016-02-06 17:35:00.000000 UTC,4510,30.4886,30.4959
28255,39261,2016-02-18 15:46:40.000000 UTC,5110,30.4886,30.466
16111,28255,2016-02-09 05:05:00.000000 UTC,5410,30.489,30.2425
28255,16111,2016-02-22 12:25:00.000000 UTC,17830,30.4891,28.45
28255,16111,2016-02-23 00:46:40.000000 UTC,4210,30.4894,30.4942
16111,39261,2016-02-10 18:20:00.000000 UTC,19930,30.4899,28.9592
28255,39261,2016-02-18 04:40:00.000000 UTC,11410,30.49,30.2886
16111,29093,2016-02-06 17:40:00.000000 UTC,3130,30.4901,30.4858
39261,16111,2016-02-18 04:30:00.000000 UTC,7270,30.4902,29.5295
16111,39261,2016-02-09 06:55:00.000000 UTC,4210,30.4906,30.5077
29093,28255,2016-02-05 05:31:40.000000 UTC,4810,30.4913,30.5053
28255,16111,2016-02-20 23:35:00.000000 UTC,4090,30.4913,30.4652
16111,28255,2016-02-08 13:50:00.000000 UTC,43510,30.4914,30.3582
39261,16111,2016-02-12 12:15:00.000000 UTC,29890,30.4915,28.9202
16111,28255,2016-02-07 00:31:40.000000 UTC,3850,30.4919,30.4759
16111,29093,2016-02-12 05:31:40.000000 UTC,52510,30.4919,30.8777
29093,39261,2016-02-02 18:46:40.000000 UTC,4030,30.4926,30.5023
39261,29093,2016-02-16 16:31:40.000000 UTC,4690,30.4931,30.486
28255,16111,2016-02-19 17:20:00.000000 UTC,12970,30.4931,28.3595
16111,39261,2016-02-06 18:16:40.000000 UTC,4570,30.4934,30.5164
28255,39261,2016-02-18 09:46:40.000000 UTC,5050,30.4938,30.4745
28255,29093,2016-02-18 10:20:00.000000 UTC,9730,30.4938,30.49
29093,28255,2016-02-01 09:45:00.000000 UTC,4930,30.494,30.442
39261,29093,2016-02-16 14:10:00.000000 UTC,4930,30.4942,30.4954
28255,16111,2016-02-19 18:46:40.000000 UTC,4510,30.495,30.4812
28255,16111,2016-02-21 01:31:40.000000 UTC,19870,30.4952,27.9952
39261,16111,2016-02-14 15:31:40.000000 UTC,4870,30.4958,30.5039
39261,16111,2016-02-15 02:16:40.000000 UTC,13450,30.4958,28.6151
28255,29093,2016-02-21 13:46:40.000000 UTC,4750,30.4958,30.4627
29093,16111,2016-02-01 16:31:40.000000 UTC,17410,30.4962,29.2459
39261,16111,2016-02-13 04:30:00.000000 UTC,4030,30.4962,30.4833
28255,39261,2016-02-23 11:10:00.000000 UTC,4810,30.4964,30.291
28255,29093,2016-02-23 00:46:40.000000 UTC,6430,30.4969,27.2152
29093,28255,2016-02-05 20:16:40.000000 UTC,28090,30.497,29.4404
16111,29093,2016-02-09 20:31:40.000000 UTC,4570,30.4974,30.9945
28255,39261,2016-02-22 14:50:00.000000 UTC,29710,30.4977,27.9138
39261,29093,2016-02-12 15:15:00.000000 UTC,57370,30.4978,30.5791
28255,16111,2016-02-19 21:45:00.000000 UTC,4210,30.4978,30.4766
39261,16111,2016-02-12 22:16:40.000000 UTC,25150,30.4979,22.7395
39261,29093,2016-02-13 00:46:40.000000 UTC,11530,30.4981,27.4849
39261,16111,2016-02-12 15:45:00.000000 UTC,2710,30.4982,29.8866
16111,39261,2016-02-06 20:50:00.000000 UTC,4930,30.4985,30.495
39261,29093,2016-02-15 16:05:00.000000 UTC,21790,30.4988,28.5325
28255,39261,2016-02-18 23:00:00.000000 UTC,5230,30.4988,30.4814
16111,39261,2016-02-07 08:10:00.000000 UTC,16810,30.4994,29.3429
16111,28255,2016-02-10 02:46:40.000000 UTC,34990,30.4994,29.0934
28255,29093,2016-02-20 10:45:00.000000 UTC,21910,30.4994,29.5193
39261,16111,2016-02-15 20:16:40.000000 UTC,4030,30.4997,30.4835
16111,39261,2016-02-06 20:01:40.000000 UTC,4810,30.4999,30.4991
39261,28255,2016-02-12 15:45:00.000000 UTC,16330,30.5,27.5998
28255,39261,2016-02-19 04:25:00.000000 UTC,5350,30.5002,30.4901
39261,16111,2016-02-12 16:50:00.000000 UTC,5410,30.5003,30.5106
28255,29093,2016-02-18 04:35:00.000000 UTC,4450,30.5009,30.4889
28255,29093,2016-02-22 19:45:00.000000 UTC,18070,30.5013,29.1283
29093,39261,2016-02-04 20:15:00.000000 UTC,4570,30.502,30.59
29093,16111,2016-02-05 20:16:40.000000 UTC,2350,30.5021,30.6076
28255,16111,2016-02-20 19:46:40.000000 UTC,4510,30.5021,30.4903
29093,28255,2016-02-02 08:40:00.000000 UTC,46030,30.5024,29.9875
16111,28255,2016-02-08 06:20:00.000000 UTC,53470,30.5025,30.7955
28255,39261,2016-02-18 10:20:00.000000 UTC,5050,30.5026,30.4664
28255,39261,2016-02-20 04:01:40.000000 UTC,5830,30.5038,30.4935
28255,16111,2016-02-22 05:20:00.000000 UTC,3670,30.5038,30.3716
39261,16111,2016-02-14 20:46:40.000000 UTC,4210,30.504,30.5207
16111,28255,2016-02-08 06:20:00.000000 UTC,4330,30.5046,30.497
28255,29093,2016-02-19 17:20:00.000000 UTC,25270,30.5048,29.0376
29093,16111,2016-02-05 00:50:00.000000 UTC,3190,30.5051,30.5017
39261,16111,2016-02-17 12:25:00.000000 UTC,4210,30.5053,30.5121
39261,16111,2016-02-12 22:16:40.000000 UTC,1570,30.5054,30.5
28255,39261,2016-02-20 04:01:40.000000 UTC,37090,30.5054,29.415
16111,28255,2016-02-12 05:31:40.000000 UTC,34990,30.5055,29.4624
39261,28255,2016-02-14 08:55:00.000000 UTC,58150,30.5062,30.5008
39261,28255,2016-02-16 18:55:00.000000 UTC,8290,30.5062,30.206
39261,29093,2016-02-12 17:25:00.000000 UTC,2350,30.5066,26.1091
16111,39261,2016-02-06 17:40:00.000000 UTC,4510,30.5069,30.4986
28255,39261,2016-02-18 23:00:00.000000 UTC,13810,30.507,28.1443
16111,28255,2016-02-09 03:16:40.000000 UTC,730,30.5074,30.4245
28255,16111,2016-02-18 04:30:00.000000 UTC,2710,30.5075,30.0449
28255,29093,2016-02-19 15:55:00.000000 UTC,19750,30.5085,28.6786
29093,28255,2016-02-03 01:10:00.000000 UTC,5110,30.5087,30.5503
39261,29093,2016-02-12 18:01:40.000000 UTC,4630,30.5088,30.4237
29093,28255,2016-02-01 13:46:40.000000 UTC,1270,30.5089,30.4896
16111,39261,2016-02-08 07:46:40.000000 UTC,4690,30.51,30.3804
28255,16111,2016-02-18 12:50:00.000000 UTC,1990,30.51,30.5265
16111,28255,2016-02-08 12:16:40.000000 UTC,4990,30.5101,30.5555
39261,29093,2016-02-13 06:31:40.000000 UTC,53770,30.5102,30.816
29093,28255,2016-02-05 22:50:00.000000 UTC,430,30.5105,30.5524
28255,39261,2016-02-23 00:46:40.000000 UTC,24070,30.5105,28.0266
28255,39261,2016-02-23 19:15:00.000000 UTC,1150,30.5105,30.5595
28255,39261,2016-02-23 22:00:00.000000 UTC,5050,30.5109,30.4579
28255,16111,2016-02-20 05:40:00.000000 UTC,2710,30.511,29.8603
39261,16111,2016-02-14 13:50:00.000000 UTC,5110,30.5112,30.525
39261,29093,2016-02-15 18:10:00.000000 UTC,4510,30.5112,30.504
16111,39261,2016-02-06 22:15:00.000000 UTC,49450,30.5113,30.8671
39261,29093,2016-02-12 11:46:40.000000 UTC,58450,30.5114,30.8285
29093,39261,2016-02-06 04:01:40.000000 UTC,5290,30.5121,30.5239
28255,39261,2016-02-19 05:35:00.000000 UTC,25390,30.5121,29.662
28255,39261,2016-02-18 04:31:40.000000 UTC,19210,30.5122,27.6631
29093,39261,2016-02-01 02:31:40.000000 UTC,24430,30.5128,30.529
39261,28255,2016-02-12 11:25:00.000000 UTC,5590,30.5129,30.5987
16111,39261,2016-02-06 18:45:00.000000 UTC,25330,30.513,28.788
39261,16111,2016-02-12 17:25:00.000000 UTC,2110,30.513,30.5531
16111,39261,2016-02-06 22:46:40.000000 UTC,5170,30.5135,30.5471
28255,16111,2016-02-22 14:50:00.000000 UTC,14170,30.5136,28.3723
28255,16111,2016-02-23 05:55:00.000000 UTC,25270,30.5136,28.9689
39261,16111,2016-02-12 16:16:40.000000 UTC,2170,30.5138,30.4996
39261,29093,2016-02-13 14:30:00.000000 UTC,5050,30.5138,30.5202
29093,16111,2016-02-01 22:46:40.000000 UTC,3850,30.5141,30.5326
16111,28255,2016-02-06 17:31:40.000000 UTC,39070,30.5145,30.0064
39261,29093,2016-02-12 23:05:00.000000 UTC,31870,30.5145,28.9162
39261,16111,2016-02-12 19:20:00.000000 UTC,46450,30.5146,30.2167
39261,16111,2016-02-17 07:16:40.000000 UTC,4870,30.5148,30.5244
29093,39261,2016-02-05 20:16:40.000000 UTC,4330,30.5149,30.5147
16111,28255,2016-02-09 05:05:00.000000 UTC,4150,30.515,30.57
29093,16111,2016-02-01 00:05:00.000000 UTC,55630,30.5152,31.5278
39261,28255,2016-02-15 06:05:00.000000 UTC,4690,30.5152,28.0289
16111,39261,2016-02-06 18:30:00.000000 UTC,4630,30.5153,30.5089
16111,39261,2016-02-06 18:45:00.000000 UTC,1450,30.5153,30.5302
28255,39261,2016-02-19 05:35:00.000000 UTC,5350,30.5153,30.4889
16111,29093,2016-02-07 04:46:40.000000 UTC,3370,30.5154,30.5193
29093,28255,2016-02-04 05:05:00.000000 UTC,7870,30.516,29.7317
16111,29093,2016-02-06 17:31:40.000000 UTC,3130,30.516,30.5323
16111,29093,2016-02-06 20:01:40.000000 UTC,8890,30.5166,30.6334
39261,29093,2016-02-12 13:10:00.000000 UTC,5290,30.5166,30.527
16111,29093,2016-02-11 21:31:40.000000 UTC,1990,30.5169,30.4964
28255,29093,2016-02-18 07:01:40.000000 UTC,4090,30.517,30.492
29093,39261,2016-02-04 07:10:00.000000 UTC,19270,30.5171,29.4388
28255,29093,2016-02-19 06:46:40.000000 UTC,4330,30.518,30.2014
28255,39261,2016-02-18 16:35:00.000000 UTC,5170,30.5181,30.4951
29093,16111,2016-02-05 03:10:00.000000 UTC,20830,30.5182,29.3294
28255,39261,2016-02-18 16:35:00.000000 UTC,18550,30.5183,29.8437
29093,16111,2016-02-02 12:50:00.000000 UTC,44530,30.5184,30.187
28255,39261,2016-02-23 03:20:00.000000 UTC,10930,30.519,29.5934
16111,39261,2016-02-07 19:46:40.000000 UTC,5230,30.5197,30.5317
16111,39261,2016-02-10 13:45:00.000000 UTC,13690,30.5199,30.0919
28255,16111,2016-02-19 13:10:00.000000 UTC,5170,30.5199,30.5002
28255,39261,2016-02-18 22:00:00.000000 UTC,2050,30.52,27.7555
16111,29093,2016-02-08 13:50:00.000000 UTC,49270,30.5203,30.9729
28255,29093,2016-02-18 04:31:40.000000 UTC,4450,30.5206,30.4977
29093,28255,2016-02-01 15:35:00.000000 UTC,4750,30.5209,30.545
16111,39261,2016-02-07 10:01:40.000000 UTC,4030,30.5212,30.4629
39261,29093,2016-02-17 20:20:00.000000 UTC,4210,30.5214,30.524
16111,29093,2016-02-12 08:15:00.000000 UTC,13630,30.5217,29.5521
39261,16111,2016-02-14 02:45:00.000000 UTC,3850,30.5223,30.3977
28255,39261,2016-02-18 15:00:00.000000 UTC,22810,30.5226,27.8817
28255,29093,2016-02-19 02:10:00.000000 UTC,5050,30.5229,30.4971
39261,29093,2016-02-17 17:40:00.000000 UTC,56650,30.523,30.6272
39261,16111,2016-02-15 14:01:40.000000 UTC,1570,30.5231,30.5344
29093,28255,2016-02-02 11:25:00.000000 UTC,11290,30.5232,28.9444
29093,16111,2016-02-06 06:40:00.000000 UTC,2710,30.5233,30.4222
39261,29093,2016-02-13 21:01:40.000000 UTC,4330,30.5237,30.5206
16111,39261,2016-02-07 14:05:00.000000 UTC,4390,30.5241,30.5205
28255,39261,2016-02-19 10:31:40.000000 UTC,5470,30.5244,30.5176
39261,29093,2016-02-13 05:30:00.000000 UTC,19570,30.5248,29.8581
28255,16111,2016-02-23 22:00:00.000000 UTC,1570,30.5251,30.4751
16111,39261,2016-02-10 11:30:00.000000 UTC,5230,30.5252,30.5522
39261,29093,2016-02-15 14:01:40.000000 UTC,1870,30.5253,30.5437
28255,39261,2016-02-20 19:46:40.000000 UTC,26710,30.5256,29.9267
28255,16111,2016-02-18 21:01:40.000000 UTC,16990,30.5257,29.6422
39261,16111,2016-02-14 12:10:00.000000 UTC,5350,30.5261,30.5519
16111,39261,2016-02-11 03:50:00.000000 UTC,4510,30.5264,30.5548
29093,39261,2016-02-04 01:00:00.000000 UTC,4990,30.5266,30.5439
28255,39261,2016-02-18 09:15:00.000000 UTC,5050,30.5267,30.4848
29093,39261,2016-02-04 20:15:00.000000 UTC,5830,30.5268,30.2923
29093,28255,2016-02-02 17:15:00.000000 UTC,34330,30.527,29.5742
16111,39261,2016-02-12 02:50:00.000000 UTC,4690,30.5272,30.5205
28255,29093,2016-02-19 03:16:40.000000 UTC,1810,30.5273,30.5145
39261,16111,2016-02-16 11:50:00.000000 UTC,4570,30.5275,30.5308
16111,29093,2016-02-08 13:50:00.000000 UTC,39430,30.5276,29.8613
28255,39261,2016-02-19 04:25:00.000000 UTC,49570,30.5281,29.926
29093,39261,2016-02-01 02:31:40.000000 UTC,18370,30.5283,30.6087
29093,39261,2016-02-05 00:50:00.000000 UTC,5050,30.5284,30.5317
28255,16111,2016-02-20 21:40:00.000000 UTC,4330,30.5285,30.5063
28255,29093,2016-02-22 14:50:00.000000 UTC,5110,30.5286,30.5133
39261,16111,2016-02-14 22:35:00.000000 UTC,16030,30.5292,30.0193
28255,29093,2016-02-21 07:31:40.000000 UTC,5410,30.5292,30.5213
28255,39261,2016-02-22 19:45:00.000000 UTC,33190,30.5293,28.058
28255,29093,2016-02-21 11:40:00.000000 UTC,13810,30.5301,27.0051
16111,29093,2016-02-09 01:30:00.000000 UTC,3850,30.5302,30.5163
29093,28255,2016-02-06 04:01:40.000000 UTC,4090,30.5309,30.5346
39261,28255,2016-02-12 11:46:40.000000 UTC,22570,30.5311,27.7363
29093,39261,2016-02-02 18:46:40.000000 UTC,4390,30.5313,30.6512
28255,29093,2016-02-18 04:30:00.000000 UTC,4450,30.5313,30.5028
29093,39261,2016-02-05 05:31:40.000000 UTC,50650,30.532,30.1182
29093,16111,2016-02-06 01:25:00.000000 UTC,36790,30.532,29.9013
39261,16111,2016-02-17 15:01:40.000000 UTC,730,30.5321,30.5371
39261,28255,2016-02-12 12:00:00.000000 UTC,54310,30.5325,30.2086
16111,28255,2016-02-12 02:50:00.000000 UTC,3070,30.5326,30.1256
28255,39261,2016-02-18 05:05:00.000000 UTC,5290,30.5328,30.4617
28255,39261,2016-02-18 15:46:40.000000 UTC,5170,30.5328,30.5099
39261,28255,2016-02-12 11:25:00.000000 UTC,5530,30.5336,30.5926
16111,28255,2016-02-08 04:55:00.000000 UTC,59230,30.5337,30.7412
16111,29093,2016-02-11 01:25:00.000000 UTC,4510,30.5341,30.5579
16111,29093,2016-02-06 17:46:40.000000 UTC,3910,30.5345,30.4197
16111,29093,2016-02-06 20:50:00.000000 UTC,48670,30.5346,31.4106
16111,39261,2016-02-09 20:31:40.000000 UTC,15070,30.5349,30.1076
39261,16111,2016-02-17 09:50:00.000000 UTC,4510,30.5352,30.5358
28255,16111,2016-02-18 12:10:00.000000 UTC,5170,30.5356,30.5222
39261,16111,2016-02-12 11:35:00.000000 UTC,22450,30.5357,21.8137
16111,29093,2016-02-07 23:31:40.000000 UTC,54610,30.536,31.1661
39261,28255,2016-02-16 18:55:00.000000 UTC,5830,30.536,30.5436
29093,28255,2016-02-05 07:55:00.000000 UTC,4930,30.5361,30.563
16111,29093,2016-02-09 16:30:00.000000 UTC,33430,30.5361,30.8369
39261,29093,2016-02-12 21:30:00.000000 UTC,4330,30.5361,30.5333
28255,39261,2016-02-18 11:31:40.000000 UTC,5710,30.5361,30.4618
39261,29093,2016-02-17 02:15:00.000000 UTC,25510,30.5363,29.7354
16111,29093,2016-02-06 19:01:40.000000 UTC,3250,30.5364,30.6191
16111,28255,2016-02-08 12:16:40.000000 UTC,55030,30.5365,30.7331
16111,28255,2016-02-06 19:20:00.000000 UTC,2950,30.5366,30.169
29093,16111,2016-02-06 09:20:00.000000 UTC,2050,30.5367,30.6311
16111,39261,2016-02-09 05:05:00.000000 UTC,23470,30.5368,29.4208
16111,28255,2016-02-12 02:50:00.000000 UTC,28510,30.5368,29.1702
28255,16111,2016-02-22 00:45:00.000000 UTC,4150,30.5374,30.5205
28255,39261,2016-02-19 06:46:40.000000 UTC,7330,30.5375,30.1357
16111,39261,2016-02-06 17:31:40.000000 UTC,4570,30.538,30.5596
16111,29093,2016-02-07 03:15:00.000000 UTC,3490,30.5381,30.6039
39261,16111,2016-02-15 12:00:00.000000 UTC,1810,30.5381,30.528
16111,29093,2016-02-06 18:45:00.000000 UTC,8770,30.5382,30.6105
29093,28255,2016-02-01 17:30:00.000000 UTC,4810,30.5383,30.5413
29093,16111,2016-02-01 06:25:00.000000 UTC,4090,30.5386,30.5467
16111,28255,2016-02-07 09:05:00.000000 UTC,4870,30.5386,30.5718
29093,16111,2016-02-02 20:20:00.000000 UTC,11110,30.5387,29.2703
28255,39261,2016-02-18 23:00:00.000000 UTC,5290,30.5387,30.5284
29093,39261,2016-02-01 19:31:40.000000 UTC,41350,30.5388,30.4096
29093,16111,2016-02-01 18:30:00.000000 UTC,1150,30.5391,30.4684
29093,39261,2016-02-03 21:01:40.000000 UTC,6070,30.5393,30.1499
29093,16111,2016-02-01 03:20:00.000000 UTC,27730,30.5401,30.7874
29093,16111,2016-02-05 07:55:00.000000 UTC,3250,30.5401,30.4569
39261,28255,2016-02-12 18:01:40.000000 UTC,5170,30.5401,30.4826
28255,16111,2016-02-18 04:46:40.000000 UTC,2590,30.5403,29.9399
29093,28255,2016-02-01 01:50:00.000000 UTC,2110,30.5406,29.29
16111,28255,2016-02-10 16:01:40.000000 UTC,1990,30.5406,30.6077
16111,29093,2016-02-07 05:35:00.000000 UTC,53950,30.5408,30.9361
29093,39261,2016-02-01 01:31:40.000000 UTC,4930,30.541,30.5475
16111,39261,2016-02-08 07:46:40.000000 UTC,10690,30.541,30.3029
39261,28255,2016-02-14 01:16:40.000000 UTC,40870,30.5411,29.7291
16111,39261,2016-02-07 10:01:40.000000 UTC,4450,30.5412,30.322
28255,29093,2016-02-18 06:01:40.000000 UTC,4330,30.5414,30.5229
39261,29093,2016-02-12 18:01:40.000000 UTC,33310,30.5418,29.4656
39261,16111,2016-02-15 02:16:40.000000 UTC,37090,30.542,30.4248
16111,28255,2016-02-07 03:15:00.000000 UTC,4150,30.5421,30.542
16111,29093,2016-02-07 12:00:00.000000 UTC,3370,30.5423,30.5627
28255,29093,2016-02-21 20:16:40.000000 UTC,4990,30.5423,30.4367
16111,39261,2016-02-07 04:46:40.000000 UTC,40450,30.5425,28.3135
16111,28255,2016-02-07 01:10:00.000000 UTC,730,30.5429,30.5111
39261,29093,2016-02-16 16:31:40.000000 UTC,4750,30.543,30.5463
29093,28255,2016-02-04 07:10:00.000000 UTC,5350,30.5431,30.5651
28255,39261,2016-02-18 12:50:00.000000 UTC,6190,30.5434,30.3988
29093,39261,2016-02-02 06:01:40.000000 UTC,5410,30.5435,30.5677
29093,28255,2016-02-05 05:31:40.000000 UTC,4870,30.5437,30.569
39261,16111,2016-02-14 17:15:00.000000 UTC,4690,30.5437,30.5597
28255,29093,2016-02-19 13:10:00.000000 UTC,4870,30.5441,30.1501
29093,16111,2016-02-01 07:01:40.000000 UTC,55150,30.5446,31.0786
29093,28255,2016-02-04 18:00:00.000000 UTC,9610,30.5448,29.7466
16111,28255,2016-02-11 11:15:00.000000 UTC,4570,30.5451,30.5511
29093,16111,2016-02-02 15:45:00.000000 UTC,54430,30.5452,31.3005
28255,29093,2016-02-19 00:01:40.000000 UTC,8530,30.5452,27.9878
29093,28255,2016-02-01 09:45:00.000000 UTC,4030,30.5456,30.5386
16111,39261,2016-02-10 11:30:00.000000 UTC,23950,30.5458,28.6652
39261,16111,2016-02-12 11:01:40.000000 UTC,2470,30.5461,29.4482
39261,16111,2016-02-15 16:05:00.000000 UTC,4450,30.5462,30.5388
39261,16111,2016-02-13 04:30:00.000000 UTC,22030,30.5465,29.1505
39261,16111,2016-02-13 22:25:00.000000 UTC,4390,30.5466,30.5299
16111,29093,2016-02-06 17:55:00.000000 UTC,3310,30.5471,30.5489
29093,28255,2016-02-01 12:55:00.000000 UTC,4330,30.5474,30.5602
28255,29093,2016-02-23 00:46:40.000000 UTC,4390,30.5475,30.4898
39261,28255,2016-02-12 23:05:00.000000 UTC,4690,30.5476,30.2266
29093,16111,2016-02-05 22:50:00.000000 UTC,2650,30.5478,30.541
28255,39261,2016-02-20 05:40:00.000000 UTC,5890,30.5478,30.5239
28255,29093,2016-02-20 09:01:40.000000 UTC,27970,30.548,29.67
16111,39261,2016-02-07 11:00:00.000000 UTC,4210,30.5482,30.5494
16111,39261,2016-02-06 21:45:00.000000 UTC,5110,30.5484,30.5508
39261,29093,2016-02-15 02:16:40.000000 UTC,31030,30.5486,29.1411
28255,39261,2016-02-18 15:00:00.000000 UTC,5230,30.5488,30.5343
39261,16111,2016-02-15 08:01:40.000000 UTC,11710,30.5493,27.7782
16111,39261,2016-02-06 17:35:00.000000 UTC,4570,30.5495,30.5614
16111,39261,2016-02-11 21:31:40.000000 UTC,4930,30.5495,30.4242
39261,28255,2016-02-17 17:40:00.000000 UTC,5410,30.55,30.541
16111,39261,2016-02-07 03:15:00.000000 UTC,20170,30.5503,30.0934
39261,16111,2016-02-15 14:01:40.000000 UTC,17890,30.5506,29.6555
16111,29093,2016-02-07 11:00:00.000000 UTC,3490,30.5511,30.559
28255,39261,2016-02-20 04:01:40.000000 UTC,14110,30.5513,30.1515
28255,29093,2016-02-18 05:45:00.000000 UTC,22630,30.5523,29.8354
28255,29093,2016-02-19 01:05:00.000000 UTC,45850,30.5533,30.4684
16111,39261,2016-02-06 19:20:00.000000 UTC,4750,30.5543,30.5424
28255,16111,2016-02-20 23:35:00.000000 UTC,4150,30.5548,30.5232
28255,16111,2016-02-18 16:35:00.000000 UTC,21970,30.5549,29.5073
29093,28255,2016-02-01 00:01:40.000000 UTC,9910,30.5551,28.5945
29093,16111,2016-02-03 11:35:00.000000 UTC,3430,30.5552,30.6026
28255,39261,2016-02-18 16:35:00.000000 UTC,5230,30.5552,30.531
39261,16111,2016-02-12 18:01:40.000000 UTC,5050,30.5554,30.1938
16111,39261,2016-02-06 20:01:40.000000 UTC,4870,30.5556,30.5704
16111,39261,2016-02-06 22:46:40.000000 UTC,1930,30.5556,30.5793
28255,16111,2016-02-19 18:46:40.000000 UTC,4570,30.5557,30.5556
28255,29093,2016-02-20 12:30:00.000000 UTC,28450,30.5557,29.9434
16111,29093,2016-02-07 23:31:40.000000 UTC,54070,30.5558,30.0871
28255,29093,2016-02-21 07:31:40.000000 UTC,17530,30.5562,28.8777
29093,39261,2016-02-01 03:46:40.000000 UTC,1810,30.5563,30.5599
28255,39261,2016-02-19 05:35:00.000000 UTC,5410,30.5566,30.5415
16111,29093,2016-02-08 04:55:00.000000 UTC,31810,30.5568,29.814
39261,28255,2016-02-12 11:00:00.000000 UTC,5110,30.5569,30.4921
29093,39261,2016-02-03 09:46:40.000000 UTC,14830,30.5571,30.0687
29093,16111,2016-02-04 18:00:00.000000 UTC,3550,30.5571,30.4841
16111,29093,2016-02-07 08:10:00.000000 UTC,54310,30.5572,31.3549
16111,28255,2016-02-11 01:25:00.000000 UTC,10630,30.5576,29.012
39261,28255,2016-02-13 06:31:40.000000 UTC,4750,30.5576,30.4215
16111,29093,2016-02-08 23:45:00.000000 UTC,3850,30.5578,30.5651
16111,29093,2016-02-10 11:30:00.000000 UTC,4330,30.5585,30.5772
29093,16111,2016-02-03 04:31:40.000000 UTC,3550,30.5587,30.5945
16111,39261,2016-02-08 17:01:40.000000 UTC,5170,30.5587,30.5598
16111,39261,2016-02-06 20:50:00.000000 UTC,4990,30.5589,30.5737
29093,16111,2016-02-01 22:46:40.000000 UTC,17170,30.5591,29.4311
29093,39261,2016-02-06 14:45:00.000000 UTC,10090,30.5592,30.4178
39261,29093,2016-02-17 23:01:40.000000 UTC,9730,30.5597,30.296
29093,28255,2016-02-03 17:10:00.000000 UTC,4210,30.5599,30.5051
29093,16111,2016-02-04 09:16:40.000000 UTC,3850,30.5601,30.4329
39261,28255,2016-02-15 14:01:40.000000 UTC,25990,30.5602,29.2109
29093,16111,2016-02-01 03:20:00.000000 UTC,1330,30.5605,30.5613
16111,29093,2016-02-06 19:20:00.000000 UTC,3910,30.5605,30.4592
29093,39261,2016-02-01 22:46:40.000000 UTC,4510,30.5607,30.4882
29093,16111,2016-02-01 04:45:00.000000 UTC,39970,30.561,29.5811
39261,16111,2016-02-14 04:15:00.000000 UTC,430,30.5611,30.7445
28255,16111,2016-02-19 21:45:00.000000 UTC,4270,30.5613,30.5358
39261,29093,2016-02-12 17:25:00.000000 UTC,4870,30.5618,30.5653
39261,16111,2016-02-13 18:20:00.000000 UTC,4810,30.5623,30.5577
29093,16111,2016-02-04 15:46:40.000000 UTC,14530,30.5628,30.5408
16111,39261,2016-02-06 19:20:00.000000 UTC,1510,30.5628,30.5701
28255,16111,2016-02-19 11:50:00.000000 UTC,25330,30.5629,28.4803
16111,29093,2016-02-07 13:01:40.000000 UTC,3430,30.5631,30.5506
39261,16111,2016-02-12 20:01:40.000000 UTC,5050,30.5631,30.573
28255,39261,2016-02-20 09:01:40.000000 UTC,18730,30.5631,28.261
29093,28255,2016-02-02 20:20:00.000000 UTC,4630,30.5635,30.5783
16111,29093,2016-02-06 23:20:00.000000 UTC,3190,30.5635,30.5588
29093,16111,2016-02-04 20:15:00.000000 UTC,58630,30.5636,31.1845
28255,29093,2016-02-19 01:05:00.000000 UTC,34450,30.5639,29.8212
28255,16111,2016-02-20 05:40:00.000000 UTC,8590,30.5639,30.0932
29093,16111,2016-02-02 20:20:00.000000 UTC,59470,30.5641,30.5725
16111,28255,2016-02-12 02:50:00.000000 UTC,26890,30.5643,29.9666
39261,28255,2016-02-12 18:01:40.000000 UTC,5230,30.5644,30.5021
16111,28255,2016-02-09 18:30:00.000000 UTC,2650,30.5645,30.1115
29093,39261,2016-02-02 02:16:40.000000 UTC,5110,30.5646,30.5549
16111,29093,2016-02-06 21:16:40.000000 UTC,8950,30.5646,30.5652
29093,16111,2016-02-05 20:16:40.000000 UTC,2650,30.5647,30.6392
28255,29093,2016-02-18 23:00:00.000000 UTC,8770,30.5651,27.9653
29093,28255,2016-02-03 02:50:00.000000 UTC,38230,30.5653,29.3582
29093,39261,2016-02-03 02:50:00.000000 UTC,5050,30.5654,30.5804
28255,29093,2016-02-19 14:31:40.000000 UTC,4210,30.5655,30.5273
28255,29093,2016-02-20 00:50:00.000000 UTC,36850,30.5657,29.417
39261,28255,2016-02-13 19:40:00.000000 UTC,53290,30.5659,29.6457
28255,39261,2016-02-18 04:46:40.000000 UTC,5410,30.5659,30.4693
39261,16111,2016-02-13 03:31:40.000000 UTC,4450,30.5662,30.5926
28255,29093,2016-02-19 09:15:00.000000 UTC,4450,30.5665,30.5589
16111,39261,2016-02-07 23:31:40.000000 UTC,44950,30.5666,30.1629
28255,39261,2016-02-19 00:01:40.000000 UTC,17170,30.5666,27.9182
29093,16111,2016-02-05 15:15:00.000000 UTC,3010,30.567,30.4991
28255,16111,2016-02-18 15:46:40.000000 UTC,4810,30.567,30.5578
28255,29093,2016-02-21 15:55:00.000000 UTC,51730,30.5673,29.6449
16111,28255,2016-02-07 02:31:40.000000 UTC,41410,30.5674,29.7314
16111,39261,2016-02-06 17:40:00.000000 UTC,4570,30.5679,30.5646
28255,29093,2016-02-21 03:30:00.000000 UTC,29530,30.5679,28.6338
39261,28255,2016-02-12 17:25:00.000000 UTC,5050,30.5683,30.5413
29093,28255,2016-02-03 13:25:00.000000 UTC,46030,30.5684,30.3
29093,16111,2016-02-01 09:01:40.000000 UTC,6910,30.5687,27.5364
29093,28255,2016-02-01 15:35:00.000000 UTC,4810,30.5689,30.6028
39261,16111,2016-02-12 11:16:40.000000 UTC,26650,30.569,28.9798
29093,39261,2016-02-04 03:01:40.000000 UTC,5290,30.5691,30.5916
16111,29093,2016-02-06 19:20:00.000000 UTC,3310,30.5692,30.555
39261,28255,2016-02-12 13:55:00.000000 UTC,5710,30.5696,30.6147
39261,29093,2016-02-15 18:10:00.000000 UTC,4570,30.57,30.5692
28255,16111,2016-02-18 15:00:00.000000 UTC,33370,30.5705,29.1545
28255,29093,2016-02-18 04:31:40.000000 UTC,4510,30.5711,30.5491
28255,16111,2016-02-19 15:55:00.000000 UTC,4870,30.5711,30.5684
39261,28255,2016-02-17 15:01:40.000000 UTC,1810,30.5712,30.5629
16111,29093,2016-02-12 05:31:40.000000 UTC,2050,30.5714,30.5823
29093,28255,2016-02-02 17:15:00.000000 UTC,4330,30.5715,30.5811
28255,16111,2016-02-18 21:01:40.000000 UTC,10930,30.5717,30.3318
39261,16111,2016-02-12 14:46:40.000000 UTC,20290,30.5718,28.5476
28255,39261,2016-02-20 14:16:40.000000 UTC,39250,30.5719,29.0886
28255,16111,2016-02-21 01:31:40.000000 UTC,4150,30.5719,30.5205
16111,28255,2016-02-12 08:15:00.000000 UTC,10570,30.5721,30.5226
28255,29093,2016-02-20 16:05:00.000000 UTC,39190,30.5721,29.9153
16111,28255,2016-02-09 14:31:40.000000 UTC,5170,30.5722,30.5997
39261,29093,2016-02-12 20:01:40.000000 UTC,1330,30.5723,30.5955
28255,16111,2016-02-21 11:40:00.000000 UTC,29530,30.5725,29.9009
28255,29093,2016-02-20 10:45:00.000000 UTC,1510,30.5731,30.5815
28255,39261,2016-02-18 04:40:00.000000 UTC,5410,30.5732,30.5159
39261,16111,2016-02-14 15:31:40.000000 UTC,29290,30.5733,29.7705
28255,39261,2016-02-18 06:40:00.000000 UTC,5290,30.5734,30.4966
29093,39261,2016-02-04 11:25:00.000000 UTC,15310,30.5738,30.1255
29093,28255,2016-02-04 05:05:00.000000 UTC,5110,30.574,30.5845
28255,39261,2016-02-18 15:46:40.000000 UTC,5230,30.5741,30.549
29093,16111,2016-02-04 18:00:00.000000 UTC,2890,30.5742,30.478
29093,39261,2016-02-05 20:16:40.000000 UTC,4390,30.5746,30.5764
28255,29093,2016-02-21 11:40:00.000000 UTC,4870,30.5748,30.4893
39261,29093,2016-02-17 20:20:00.000000 UTC,4270,30.5751,30.5647
16111,39261,2016-02-06 17:31:40.000000 UTC,4390,30.5753,30.3493
29093,39261,2016-02-05 22:50:00.000000 UTC,55210,30.5754,30.0058
28255,29093,2016-02-20 05:40:00.000000 UTC,1930,30.5763,30.633
28255,29093,2016-02-20 09:01:40.000000 UTC,4750,30.5763,30.5543
28255,39261,2016-02-18 23:00:00.000000 UTC,5350,30.5764,30.571
29093,39261,2016-02-02 23:31:40.000000 UTC,42970,30.5769,29.8012
29093,39261,2016-02-02 12:50:00.000000 UTC,40450,30.577,29.2983
39261,29093,2016-02-13 21:01:40.000000 UTC,4390,30.5771,30.5681
29093,28255,2016-02-06 14:45:00.000000 UTC,1990,30.5775,30.5811
16111,29093,2016-02-06 17:40:00.000000 UTC,3310,30.5775,30.5867
39261,16111,2016-02-15 10:00:00.000000 UTC,5290,30.5775,30.5825
16111,29093,2016-02-06 17:46:40.000000 UTC,3430,30.5776,30.5902
39261,16111,2016-02-17 07:16:40.000000 UTC,33970,30.5776,30.2498
28255,39261,2016-02-23 19:15:00.000000 UTC,34510,30.5786,28.8113
29093,39261,2016-02-04 22:31:40.000000 UTC,4630,30.5788,30.5849
28255,16111,2016-02-18 22:00:00.000000 UTC,1030,30.5789,30.5018
16111,29093,2016-02-07 02:31:40.000000 UTC,8950,30.5792,30.6566
28255,29093,2016-02-22 05:20:00.000000 UTC,37390,30.5795,30.0459
29093,16111,2016-02-05 12:46:40.000000 UTC,24730,30.5796,30.3555
29093,16111,2016-02-04 18:00:00.000000 UTC,3430,30.5797,30.5512
16111,29093,2016-02-07 17:25:00.000000 UTC,32590,30.5798,30.5273
16111,29093,2016-02-09 05:05:00.000000 UTC,53410,30.58,25.3709
28255,39261,2016-02-19 17:20:00.000000 UTC,5650,30.5805,30.5751
29093,39261,2016-02-02 08:40:00.000000 UTC,8590,30.5806,30.0215
39261,16111,2016-02-16 16:31:40.000000 UTC,4210,30.5808,30.5615
29093,39261,2016-02-03 23:00:00.000000 UTC,18790,30.581,29.7378
39261,29093,2016-02-13 17:01:40.000000 UTC,4870,30.5811,30.585
28255,29093,2016-02-18 08:16:40.000000 UTC,37570,30.5811,29.4037
28255,16111,2016-02-22 19:45:00.000000 UTC,1690,30.5812,30.5693
16111,39261,2016-02-07 14:05:00.000000 UTC,4450,30.5815,30.5785
29093,16111,2016-02-01 02:10:00.000000 UTC,4090,30.5816,30.5964
28255,29093,2016-02-18 04:30:00.000000 UTC,4510,30.5817,30.5542
16111,29093,2016-02-08 20:20:00.000000 UTC,55870,30.5818,31.4111
29093,39261,2016-02-01 00:46:40.000000 UTC,50890,30.5819,24.5993
29093,16111,2016-02-05 07:55:00.000000 UTC,3130,30.5819,30.5421
16111,29093,2016-02-07 08:10:00.000000 UTC,3490,30.5823,30.617
16111,29093,2016-02-09 18:30:00.000000 UTC,55630,30.5825,31.1238
39261,29093,2016-02-12 19:20:00.000000 UTC,4630,30.5827,30.5684
16111,28255,2016-02-10 04:55:00.000000 UTC,4450,30.5833,30.5424
28255,29093,2016-02-21 07:31:40.000000 UTC,14170,30.5833,28.6907
29093,28255,2016-02-02 12:50:00.000000 UTC,4210,30.5837,30.4897
16111,28255,2016-02-08 10:45:00.000000 UTC,4870,30.5837,30.6228
29093,16111,2016-02-03 02:50:00.000000 UTC,48490,30.5839,30.983
28255,29093,2016-02-19 01:05:00.000000 UTC,5230,30.5845,30.5859
16111,29093,2016-02-07 02:31:40.000000 UTC,9010,30.5846,30.6899
28255,29093,2016-02-19 08:00:00.000000 UTC,4450,30.5847,30.5683
28255,29093,2016-02-18 07:01:40.000000 UTC,4150,30.5848,30.554
28255,39261,2016-02-21 11:40:00.000000 UTC,25990,30.5848,28.504
16111,39261,2016-02-12 02:50:00.000000 UTC,4750,30.5851,30.5914
16111,29093,2016-02-06 19:01:40.000000 UTC,14590,30.5852,30.6335
39261,16111,2016-02-16 11:50:00.000000 UTC,4630,30.5853,30.5992
39261,29093,2016-02-15 14:01:40.000000 UTC,5110,30.5854,30.5809
29093,39261,2016-02-01 01:00:00.000000 UTC,4690,30.5856,30.4019
28255,39261,2016-02-20 05:40:00.000000 UTC,30910,30.586,28.8693
29093,28255,2016-02-03 04:31:40.000000 UTC,2050,30.5861,30.6522
16111,39261,2016-02-09 03:16:40.000000 UTC,51490,30.5861,30.3339
29093,28255,2016-02-04 15:46:40.000000 UTC,10330,30.5862,29.0876
39261,28255,2016-02-16 16:31:40.000000 UTC,5950,30.5864,30.5874
16111,39261,2016-02-08 02:10:00.000000 UTC,51610,30.5866,30.5762
39261,16111,2016-02-12 20:45:00.000000 UTC,45670,30.5872,30.7594
16111,29093,2016-02-07 05:35:00.000000 UTC,31270,30.5875,29.913
39261,16111,2016-02-16 11:50:00.000000 UTC,33610,30.5876,30.328
16111,29093,2016-02-08 12:16:40.000000 UTC,22390,30.5884,29.9386
16111,28255,2016-02-07 11:00:00.000000 UTC,5050,30.5887,30.5918
39261,28255,2016-02-12 13:55:00.000000 UTC,54190,30.5891,30.2269
28255,29093,2016-02-18 06:01:40.000000 UTC,4390,30.5892,30.5618
28255,39261,2016-02-18 16:35:00.000000 UTC,5290,30.5894,30.5623
28255,16111,2016-02-18 04:30:00.000000 UTC,24370,30.5897,28.6482
16111,29093,2016-02-10 02:46:40.000000 UTC,2110,30.5901,25.1677
28255,39261,2016-02-20 05:40:00.000000 UTC,5950,30.5902,30.5876
28255,39261,2016-02-21 20:16:40.000000 UTC,20290,30.5904,28.4462
29093,39261,2016-02-03 13:25:00.000000 UTC,28690,30.5905,29.0704
28255,39261,2016-02-18 10:55:00.000000 UTC,11590,30.5905,30.3194
29093,16111,2016-02-03 02:50:00.000000 UTC,16810,30.5907,28.3992
28255,29093,2016-02-22 22:15:00.000000 UTC,32710,30.5908,29.7106
16111,29093,2016-02-10 07:05:00.000000 UTC,27370,30.5909,29.6205
28255,39261,2016-02-18 07:25:00.000000 UTC,30310,30.5911,29.8071
29093,39261,2016-02-03 08:00:00.000000 UTC,1570,30.5912,30.6785
39261,29093,2016-02-12 21:30:00.000000 UTC,4390,30.5912,30.5818
39261,16111,2016-02-17 09:50:00.000000 UTC,4570,30.5914,30.5984
16111,39261,2016-02-08 15:25:00.000000 UTC,4990,30.5916,30.6071
28255,39261,2016-02-23 16:31:40.000000 UTC,7150,30.5919,26.2993
29093,16111,2016-02-02 15:45:00.000000 UTC,28090,30.5922,28.9433
28255,39261,2016-02-18 21:01:40.000000 UTC,6610,30.5922,30.3865
16111,29093,2016-02-10 09:16:40.000000 UTC,50350,30.5923,30.9226
16111,28255,2016-02-07 00:31:40.000000 UTC,35050,30.5927,29.4366
39261,16111,2016-02-14 17:15:00.000000 UTC,45490,30.5927,30.261
16111,28255,2016-02-09 06:55:00.000000 UTC,1150,30.5929,30.5484
39261,29093,2016-02-17 17:40:00.000000 UTC,11470,30.5931,30.2019
29093,16111,2016-02-04 11:25:00.000000 UTC,42010,30.5932,30.7501
29093,39261,2016-02-02 01:05:00.000000 UTC,4930,30.5933,30.6031
29093,16111,2016-02-01 00:46:40.000000 UTC,50890,30.5935,30.6711
39261,28255,2016-02-17 17:40:00.000000 UTC,5470,30.5937,30.5942
29093,39261,2016-02-01 01:31:40.000000 UTC,4990,30.5939,30.6099
29093,28255,2016-02-06 04:01:40.000000 UTC,4150,30.5941,30.5897
28255,29093,2016-02-19 18:46:40.000000 UTC,31090,30.5941,29.8554
28255,39261,2016-02-18 04:35:00.000000 UTC,11350,30.5942,30.2976
16111,29093,2016-02-08 15:25:00.000000 UTC,32410,30.5952,30.332
16111,39261,2016-02-11 16:20:00.000000 UTC,16330,30.5955,29.0721
29093,39261,2016-02-01 05:16:40.000000 UTC,5230,30.5956,30.614
29093,39261,2016-02-01 00:25:00.000000 UTC,28990,30.5957,29.0078
16111,39261,2016-02-07 13:01:40.000000 UTC,17050,30.5957,30.5225
29093,28255,2016-02-01 15:35:00.000000 UTC,4990,30.5959,30.7474
29093,28255,2016-02-02 15:45:00.000000 UTC,4330,30.596,30.6762
29093,16111,2016-02-06 01:25:00.000000 UTC,2890,30.596,30.3132
16111,28255,2016-02-07 07:16:40.000000 UTC,4690,30.596,30.6044
28255,29093,2016-02-18 07:25:00.000000 UTC,4210,30.5962,30.5721
28255,29093,2016-02-19 13:10:00.000000 UTC,4030,30.5962,30.5045
39261,29093,2016-02-15 02:16:40.000000 UTC,3190,30.5964,29.9796
28255,39261,2016-02-19 11:50:00.000000 UTC,5590,30.5968,30.5847
16111,29093,2016-02-07 17:25:00.000000 UTC,3610,30.5971,30.6134
29093,16111,2016-02-02 20:20:00.000000 UTC,3550,30.5973,30.605
16111,29093,2016-02-06 17:35:00.000000 UTC,24730,30.5974,28.3958
28255,16111,2016-02-22 19:45:00.000000 UTC,4810,30.5974,30.5961
16111,29093,2016-02-06 21:45:00.000000 UTC,27070,30.5977,29.7896
39261,16111,2016-02-18 01:45:00.000000 UTC,5290,30.5984,30.6066
29093,28255,2016-02-01 17:30:00.000000 UTC,4870,30.5989,30.6177
29093,39261,2016-02-02 08:40:00.000000 UTC,35830,30.5989,24.168
28255,39261,2016-02-19 11:50:00.000000 UTC,12670,30.5991,30.508
39261,16111,2016-02-15 16:05:00.000000 UTC,4510,30.6001,30.5948
16111,29093,2016-02-07 09:05:00.000000 UTC,16630,30.6006,28.2748
28255,29093,2016-02-19 06:46:40.000000 UTC,4630,30.6006,30.5891
28255,39261,2016-02-18 06:20:00.000000 UTC,5410,30.6008,30.5457
39261,16111,2016-02-12 12:15:00.000000 UTC,9970,30.6011,27.9655
28255,39261,2016-02-20 09:01:40.000000 UTC,9310,30.6012,27.9602
39261,29093,2016-02-13 12:05:00.000000 UTC,5470,30.6017,30.6057
28255,39261,2016-02-18 09:15:00.000000 UTC,11470,30.6029,30.3185
29093,16111,2016-02-03 15:16:40.000000 UTC,3490,30.6031,30.728
28255,16111,2016-02-23 00:46:40.000000 UTC,4330,30.6031,30.5953
29093,16111,2016-02-01 07:01:40.000000 UTC,45130,30.6034,30.5298
28255,39261,2016-02-18 18:16:40.000000 UTC,6550,30.604,30.1855
16111,29093,2016-02-06 18:16:40.000000 UTC,10270,30.6041,29.4308
28255,29093,2016-02-19 21:45:00.000000 UTC,24070,30.6041,28.2652
29093,16111,2016-02-01 03:46:40.000000 UTC,1330,30.6042,30.6402
29093,16111,2016-02-01 04:15:00.000000 UTC,4210,30.6048,30.5979
16111,29093,2016-02-06 21:16:40.000000 UTC,53890,30.6049,31.102
28255,16111,2016-02-21 15:55:00.000000 UTC,5110,30.6054,30.6033
16111,28255,2016-02-09 20:31:40.000000 UTC,25450,30.6057,29.2126
29093,28255,2016-02-02 23:31:40.000000 UTC,4990,30.6058,30.6257
39261,16111,2016-02-14 15:31:40.000000 UTC,35230,30.6061,29.0758
28255,39261,2016-02-21 01:31:40.000000 UTC,13750,30.6063,29.0512
39261,29093,2016-02-16 14:10:00.000000 UTC,21970,30.6064,27.8603
39261,29093,2016-02-13 21:01:40.000000 UTC,23110,30.6066,28.8272
29093,39261,2016-02-04 09:16:40.000000 UTC,26110,30.607,29.8232
16111,28255,2016-02-07 12:00:00.000000 UTC,5230,30.607,30.6326
16111,29093,2016-02-07 05:35:00.000000 UTC,3310,30.6071,30.5952
16111,29093,2016-02-08 23:45:00.000000 UTC,22630,30.6072,29.8997
39261,29093,2016-02-12 12:31:40.000000 UTC,5470,30.6072,30.6154
39261,28255,2016-02-16 21:20:00.000000 UTC,5950,30.6072,30.6255
29093,39261,2016-02-01 00:16:40.000000 UTC,4690,30.6074,30.6152
16111,29093,2016-02-07 04:00:00.000000 UTC,3310,30.6074,30.6152
16111,39261,2016-02-07 04:00:00.000000 UTC,49690,30.6074,29.2859
29093,39261,2016-02-03 19:05:00.000000 UTC,4690,30.6077,30.5331
29093,39261,2016-02-01 22:46:40.000000 UTC,11890,30.6084,30.4387
29093,16111,2016-02-01 00:46:40.000000 UTC,4150,30.6086,30.6193
28255,29093,2016-02-18 13:31:40.000000 UTC,25690,30.6088,30.0092
29093,16111,2016-02-03 17:10:00.000000 UTC,4270,30.6091,30.4626
28255,16111,2016-02-18 06:01:40.000000 UTC,54070,30.6091,29.754
39261,29093,2016-02-15 16:05:00.000000 UTC,4870,30.6094,30.6031
28255,29093,2016-02-23 22:00:00.000000 UTC,4870,30.6104,30.5776
39261,29093,2016-02-17 12:25:00.000000 UTC,5170,30.6105,30.6251
29093,28255,2016-02-01 12:55:00.000000 UTC,4390,30.6106,30.6234
39261,28255,2016-02-12 12:15:00.000000 UTC,5650,30.6107,30.6935
39261,16111,2016-02-13 02:35:00.000000 UTC,4690,30.6117,30.6013
28255,29093,2016-02-18 19:10:00.000000 UTC,31510,30.6118,29.3217
39261,28255,2016-02-16 09:31:40.000000 UTC,9610,30.6119,27.5624
39261,16111,2016-02-12 19:20:00.000000 UTC,5110,30.6123,30.6262
28255,39261,2016-02-18 15:46:40.000000 UTC,5290,30.6124,30.5833
16111,29093,2016-02-08 10:45:00.000000 UTC,20890,30.6126,30.1677
39261,29093,2016-02-13 04:30:00.000000 UTC,19330,30.6126,28.9266
29093,39261,2016-02-02 02:16:40.000000 UTC,5170,30.6127,30.6149
29093,28255,2016-02-01 15:35:00.000000 UTC,4870,30.6129,30.6558
16111,39261,2016-02-06 19:20:00.000000 UTC,4810,30.613,30.6131
16111,39261,2016-02-08 13:50:00.000000 UTC,4810,30.613,30.6298
29093,16111,2016-02-03 02:50:00.000000 UTC,48430,30.6133,30.8785
39261,16111,2016-02-16 07:15:00.000000 UTC,6970,30.6134,30.6164
28255,39261,2016-02-18 06:01:40.000000 UTC,5290,30.6135,30.5319
29093,39261,2016-02-01 20:35:00.000000 UTC,42190,30.6136,29.621
28255,16111,2016-02-18 15:46:40.000000 UTC,18670,30.6139,28.4129
28255,16111,2016-02-20 23:35:00.000000 UTC,4210,30.6139,30.5749
28255,16111,2016-02-22 17:16:40.000000 UTC,7570,30.6139,30.0544
28255,39261,2016-02-21 01:31:40.000000 UTC,32290,30.6142,29.672
29093,28255,2016-02-01 00:00:00.000000 UTC,45010,30.6143,30.1836
39261,29093,2016-02-14 20:46:40.000000 UTC,4630,30.6143,30.6199
29093,28255,2016-02-02 17:15:00.000000 UTC,41830,30.6144,30.0865
16111,29093,2016-02-07 01:50:00.000000 UTC,25390,30.6144,29.5157
28255,29093,2016-02-22 12:25:00.000000 UTC,8590,30.6148,28.0118
39261,29093,2016-02-15 20:16:40.000000 UTC,4630,30.615,30.6119
28255,29093,2016-02-21 11:40:00.000000 UTC,4810,30.6151,30.3992
39261,28255,2016-02-12 13:31:40.000000 UTC,1450,30.6159,30.6353
39261,28255,2016-02-12 18:40:00.000000 UTC,5290,30.6159,30.5943
28255,39261,2016-02-18 07:50:00.000000 UTC,5290,30.616,30.5652
39261,28255,2016-02-13 01:40:00.000000 UTC,47830,30.6162,29.928
28255,39261,2016-02-18 05:30:00.000000 UTC,5350,30.6166,30.5719
29093,16111,2016-02-01 16:31:40.000000 UTC,44770,30.6171,30.6795
29093,16111,2016-02-01 17:30:00.000000 UTC,1150,30.6181,30.5627
29093,28255,2016-02-05 03:10:00.000000 UTC,42010,30.6182,30.2019
28255,29093,2016-02-18 04:31:40.000000 UTC,4570,30.6182,30.5951
28255,16111,2016-02-21 01:31:40.000000 UTC,59470,30.6183,29.9831
29093,16111,2016-02-04 22:31:40.000000 UTC,53830,30.6184,31.1917
39261,16111,2016-02-13 18:20:00.000000 UTC,4870,30.6185,30.6325
16111,28255,2016-02-09 03:16:40.000000 UTC,4210,30.6187,30.5876
28255,29093,2016-02-18 04:46:40.000000 UTC,4630,30.6188,30.6145
28255,39261,2016-02-18 05:45:00.000000 UTC,5290,30.6188,30.5425
39261,29093,2016-02-16 11:50:00.000000 UTC,22690,30.6192,28.3523
28255,39261,2016-02-19 18:46:40.000000 UTC,5710,30.6193,30.6
28255,16111,2016-02-20 14:16:40.000000 UTC,5170,30.6201,30.5156
28255,16111,2016-02-19 21:45:00.000000 UTC,4330,30.6204,30.5884
29093,16111,2016-02-01 08:20:00.000000 UTC,4030,30.6205,30.6264
16111,29093,2016-02-07 02:31:40.000000 UTC,9070,30.6205,30.718
16111,28255,2016-02-07 11:00:00.000000 UTC,53710,30.6208,30.2955
39261,28255,2016-02-12 16:16:40.000000 UTC,58510,30.6212,29.3619
16111,28255,2016-02-08 06:20:00.000000 UTC,4450,30.6213,30.6165
28255,29093,2016-02-18 05:45:00.000000 UTC,26830,30.6216,29.4279
16111,39261,2016-02-07 18:35:00.000000 UTC,1750,30.6217,30.6036
28255,39261,2016-02-19 13:10:00.000000 UTC,5410,30.6219,30.3606
16111,39261,2016-02-08 15:25:00.000000 UTC,24910,30.6223,30.4357
28255,16111,2016-02-22 14:50:00.000000 UTC,5350,30.6227,30.5861
29093,28255,2016-02-01 23:55:00.000000 UTC,1990,30.6228,30.6384
39261,29093,2016-02-13 15:45:00.000000 UTC,1750,30.6231,30.6157
28255,16111,2016-02-21 03:30:00.000000 UTC,15550,30.6237,30.1095
28255,39261,2016-02-18 08:45:00.000000 UTC,5290,30.6238,30.5814
16111,29093,2016-02-09 18:30:00.000000 UTC,1870,30.6239,25.4023
16111,39261,2016-02-09 08:46:40.000000 UTC,4570,30.624,30.603
39261,29093,2016-02-12 15:15:00.000000 UTC,1810,30.6241,30.7263
28255,39261,2016-02-18 06:01:40.000000 UTC,5350,30.6241,30.5222
29093,16111,2016-02-02 07:20:00.000000 UTC,970,30.6243,30.6072
28255,29093,2016-02-19 09:15:00.000000 UTC,4510,30.6244,30.6111
29093,28255,2016-02-01 11:16:40.000000 UTC,4330,30.6245,30.6662
28255,39261,2016-02-18 08:16:40.000000 UTC,5230,30.6246,30.5205
39261,16111,2016-02-12 13:55:00.000000 UTC,29290,30.6247,28.4791
39261,16111,2016-02-13 17:01:40.000000 UTC,40810,30.6248,29.9403
39261,29093,2016-02-15 04:10:00.000000 UTC,36250,30.6249,29.4012
29093,28255,2016-02-02 20:20:00.000000 UTC,4690,30.625,30.6526
29093,16111,2016-02-02 14:16:40.000000 UTC,26110,30.6252,29.8449
39261,29093,2016-02-14 13:50:00.000000 UTC,5170,30.6252,30.6386
39261,29093,2016-02-15 18:10:00.000000 UTC,4630,30.6254,30.6285
28255,16111,2016-02-18 15:46:40.000000 UTC,4870,30.6254,30.633
16111,39261,2016-02-06 17:40:00.000000 UTC,4630,30.6256,30.6254
28255,39261,2016-02-18 07:01:40.000000 UTC,5350,30.626,30.5677
16111,28255,2016-02-07 10:01:40.000000 UTC,4930,30.6261,30.6358
28255,39261,2016-02-19 17:20:00.000000 UTC,44470,30.6261,29.0391
39261,29093,2016-02-14 19:00:00.000000 UTC,39970,30.6263,29.7652
39261,16111,2016-02-12 16:50:00.000000 UTC,2050,30.6273,30.6681
16111,29093,2016-02-07 18:35:00.000000 UTC,3610,30.6274,30.625
16111,28255,2016-02-08 10:45:00.000000 UTC,4810,30.6276,30.5441
29093,16111,2016-02-03 04:31:40.000000 UTC,3610,30.6278,30.6502
16111,28255,2016-02-11 11:15:00.000000 UTC,52810,30.6281,30.3343
28255,39261,2016-02-20 00:50:00.000000 UTC,5890,30.6283,30.6212
29093,16111,2016-02-01 08:20:00.000000 UTC,49270,30.6284,30.4916
16111,28255,2016-02-08 20:20:00.000000 UTC,14230,30.6284,29.9853
28255,29093,2016-02-19 01:05:00.000000 UTC,1990,30.6287,30.6479
29093,39261,2016-02-01 00:35:00.000000 UTC,5950,30.6288,30.4593
28255,29093,2016-02-18 04:30:00.000000 UTC,4570,30.6288,30.6001
16111,29093,2016-02-11 16:20:00.000000 UTC,56890,30.629,31.2867
39261,28255,2016-02-12 20:01:40.000000 UTC,1330,30.6292,30.6483
28255,16111,2016-02-23 00:46:40.000000 UTC,26050,30.6294,27.8921
16111,39261,2016-02-07 06:25:00.000000 UTC,28750,30.6297,28.4291
28255,39261,2016-02-23 00:46:40.000000 UTC,34150,30.6299,29.5082
29093,28255,2016-02-02 17:15:00.000000 UTC,4390,30.63,30.6424
28255,39261,2016-02-22 10:01:40.000000 UTC,53050,30.63,29.6842
28255,39261,2016-02-18 05:30:00.000000 UTC,5410,30.6303,30.571
28255,39261,2016-02-19 13:10:00.000000 UTC,1870,30.6303,30.5249
29093,39261,2016-02-05 20:16:40.000000 UTC,4450,30.6304,30.6326
29093,39261,2016-02-02 10:01:40.000000 UTC,51250,30.6309,30.4464
16111,29093,2016-02-07 09:05:00.000000 UTC,3490,30.6309,30.6606
29093,39261,2016-02-02 23:31:40.000000 UTC,4990,30.631,30.9097
28255,39261,2016-02-20 07:20:00.000000 UTC,6010,30.6313,30.6145
16111,39261,2016-02-07 11:00:00.000000 UTC,4150,30.6316,30.5345
28255,39261,2016-02-19 23:16:40.000000 UTC,38590,30.6317,29.1287
29093,16111,2016-02-03 21:01:40.000000 UTC,3370,30.6319,30.6755
16111,39261,2016-02-07 13:01:40.000000 UTC,5530,30.6319,30.4488
29093,39261,2016-02-04 22:31:40.000000 UTC,4690,30.632,30.6469
39261,16111,2016-02-15 10:00:00.000000 UTC,5350,30.6321,30.6602
28255,29093,2016-02-19 03:16:40.000000 UTC,33910,30.6321,29.6488
39261,16111,2016-02-16 07:15:00.000000 UTC,5290,30.6323,30.6328
28255,29093,2016-02-19 20:15:00.000000 UTC,19930,30.6323,30.6865
29093,39261,2016-02-01 04:45:00.000000 UTC,1870,30.633,30.6701
29093,16111,2016-02-04 11:25:00.000000 UTC,3130,30.633,30.6714
28255,39261,2016-02-18 06:01:40.000000 UTC,36670,30.6333,29.3372
29093,39261,2016-02-01 03:20:00.000000 UTC,5110,30.6334,30.6334
28255,39261,2016-02-18 07:50:00.000000 UTC,5350,30.6335,30.5704
39261,16111,2016-02-13 19:40:00.000000 UTC,4750,30.6336,30.6187
28255,16111,2016-02-18 15:46:40.000000 UTC,1690,30.6341,30.634
16111,29093,2016-02-10 20:40:00.000000 UTC,4510,30.6345,30.6487
16111,28255,2016-02-09 18:30:00.000000 UTC,12910,30.635,28.7982
16111,39261,2016-02-07 14:05:00.000000 UTC,4510,30.6352,30.6311
16111,29093,2016-02-10 23:01:40.000000 UTC,4570,30.6352,30.6557
29093,16111,2016-02-04 15:46:40.000000 UTC,3430,30.6354,30.6333
16111,29093,2016-02-07 01:10:00.000000 UTC,54010,30.6355,31.2321
39261,16111,2016-02-13 14:30:00.000000 UTC,5470,30.6358,30.6504
29093,16111,2016-02-04 15:46:40.000000 UTC,3550,30.6362,30.5783
29093,16111,2016-02-01 07:40:00.000000 UTC,1270,30.6365,30.6795
39261,28255,2016-02-12 18:40:00.000000 UTC,5350,30.6365,30.6039
16111,39261,2016-02-10 09:16:40.000000 UTC,4930,30.6383,30.6455
16111,29093,2016-02-08 23:45:00.000000 UTC,3910,30.6384,30.6511
28255,29093,2016-02-18 04:46:40.000000 UTC,1270,30.6386,30.64
16111,39261,2016-02-12 05:31:40.000000 UTC,5230,30.6387,30.6536
28255,39261,2016-02-19 11:50:00.000000 UTC,5650,30.6396,30.6367
16111,28255,2016-02-10 11:30:00.000000 UTC,4870,30.6397,30.6582
39261,29093,2016-02-12 16:50:00.000000 UTC,6730,30.6397,30.3221
28255,29093,2016-02-19 04:25:00.000000 UTC,4930,30.6398,30.6363
28255,39261,2016-02-18 18:16:40.000000 UTC,6490,30.64,30.1482
28255,39261,2016-02-20 12:30:00.000000 UTC,1570,30.6403,30.7018
39261,28255,2016-02-13 14:30:00.000000 UTC,970,30.6407,30.6068
39261,29093,2016-02-12 19:20:00.000000 UTC,4690,30.6408,30.6306
39261,28255,2016-02-12 11:16:40.000000 UTC,5710,30.6409,30.627
28255,16111,2016-02-18 13:31:40.000000 UTC,13090,30.6411,29.8601
16111,29093,2016-02-06 17:35:00.000000 UTC,53770,30.6412,31.0989
39261,16111,2016-02-12 21:30:00.000000 UTC,4930,30.6413,30.6342
29093,16111,2016-02-02 21:55:00.000000 UTC,16750,30.6418,28.9963
29093,16111,2016-02-02 03:30:00.000000 UTC,50110,30.6424,30.782
28255,39261,2016-02-19 23:16:40.000000 UTC,34270,30.6424,23.0847
16111,29093,2016-02-07 06:25:00.000000 UTC,4270,30.6427,30.4942
28255,29093,2016-02-18 04:35:00.000000 UTC,4630,30.6429,30.6274
29093,16111,2016-02-01 15:35:00.000000 UTC,6130,30.6434,29.7038
28255,39261,2016-02-19 13:10:00.000000 UTC,31750,30.6437,29.7253
29093,39261,2016-02-01 01:31:40.000000 UTC,5050,30.6442,30.668
39261,29093,2016-02-12 15:45:00.000000 UTC,1810,30.6443,30.6391
29093,39261,2016-02-01 21:40:00.000000 UTC,30190,30.6445,29.7546
29093,16111,2016-02-03 06:15:00.000000 UTC,3670,30.6445,30.643
39261,16111,2016-02-17 04:45:00.000000 UTC,5230,30.6448,30.6628
16111,28255,2016-02-10 09:16:40.000000 UTC,4570,30.6449,30.6994
16111,29093,2016-02-10 00:40:00.000000 UTC,1390,30.645,30.6258
16111,28255,2016-02-11 16:20:00.000000 UTC,29770,30.6451,28.8568
29093,16111,2016-02-06 14:45:00.000000 UTC,2410,30.6455,30.6565
16111,29093,2016-02-06 18:16:40.000000 UTC,3250,30.6455,30.5875
28255,39261,2016-02-23 05:55:00.000000 UTC,27790,30.6457,28.5578
16111,29093,2016-02-10 02:46:40.000000 UTC,40210,30.6459,30.1285
29093,28255,2016-02-01 09:45:00.000000 UTC,850,30.646,30.6038
29093,39261,2016-02-02 01:05:00.000000 UTC,4990,30.6464,30.6655
16111,28255,2016-02-07 03:15:00.000000 UTC,4630,30.6465,30.7097
28255,16111,2016-02-20 00:50:00.000000 UTC,20470,30.6468,29.6387
16111,28255,2016-02-07 05:35:00.000000 UTC,5890,30.6469,30.4435
39261,28255,2016-02-12 13:31:40.000000 UTC,5710,30.6469,30.6294
39261,28255,2016-02-12 14:20:00.000000 UTC,5770,30.6471,30.5777
28255,16111,2016-02-18 16:35:00.000000 UTC,4750,30.6471,30.6337
28255,39261,2016-02-19 03:16:40.000000 UTC,1690,30.6472,30.6323
29093,39261,2016-02-01 21:40:00.000000 UTC,4810,30.6477,30.6318
16111,28255,2016-02-07 07:16:40.000000 UTC,4750,30.6477,30.664
28255,29093,2016-02-19 08:00:00.000000 UTC,4510,30.6478,30.6393
39261,28255,2016-02-13 14:30:00.000000 UTC,47290,30.648,29.9105
39261,28255,2016-02-16 23:46:40.000000 UTC,5830,30.648,30.6716
16111,28255,2016-02-11 11:15:00.000000 UTC,1390,30.6485,30.6199
16111,28255,2016-02-11 03:50:00.000000 UTC,32950,30.6491,29.3482
39261,16111,2016-02-15 18:10:00.000000 UTC,10630,30.6494,30.3067
29093,39261,2016-02-05 22:50:00.000000 UTC,31450,30.6498,28.6649
39261,16111,2016-02-15 16:05:00.000000 UTC,4570,30.6502,30.6451
16111,29093,2016-02-10 23:01:40.000000 UTC,24370,30.6505,28.6881
28255,39261,2016-02-18 09:46:40.000000 UTC,35110,30.6507,29.0362
16111,39261,2016-02-09 10:40:00.000000 UTC,25330,30.6509,28.8026
39261,28255,2016-02-13 02:35:00.000000 UTC,1210,30.651,30.5941
29093,28255,2016-02-03 15:16:40.000000 UTC,46510,30.6514,30.1431
39261,29093,2016-02-12 14:20:00.000000 UTC,5290,30.6514,30.6527
29093,39261,2016-02-01 12:55:00.000000 UTC,44530,30.6518,29.9792
16111,29093,2016-02-06 22:46:40.000000 UTC,21490,30.6518,29.7103
29093,28255,2016-02-06 04:01:40.000000 UTC,4210,30.6521,30.6386
29093,28255,2016-02-01 15:35:00.000000 UTC,4930,30.6524,30.7041
29093,16111,2016-02-04 03:01:40.000000 UTC,3730,30.6524,30.616
16111,29093,2016-02-08 02:10:00.000000 UTC,3670,30.6525,30.6591
28255,29093,2016-02-19 10:31:40.000000 UTC,4630,30.6536,30.6156
29093,39261,2016-02-01 13:46:40.000000 UTC,22810,30.6538,28.3715
39261,28255,2016-02-12 23:05:00.000000 UTC,59830,30.6539,30.2301
28255,16111,2016-02-19 17:20:00.000000 UTC,17710,30.6539,30.0923
28255,29093,2016-02-21 01:31:40.000000 UTC,26290,30.6548,29.3717
39261,29093,2016-02-12 23:05:00.000000 UTC,4390,30.6549,30.6168
39261,29093,2016-02-12 21:30:00.000000 UTC,56290,30.656,30.6025
39261,29093,2016-02-14 15:31:40.000000 UTC,4990,30.656,30.6546
39261,16111,2016-02-13 03:31:40.000000 UTC,44590,30.6561,29.6031
16111,29093,2016-02-06 20:01:40.000000 UTC,8950,30.6563,30.6647
29093,39261,2016-02-02 12:50:00.000000 UTC,52330,30.6567,29.9515
39261,28255,2016-02-17 02:15:00.000000 UTC,25750,30.6567,29.8107
39261,28255,2016-02-16 02:46:40.000000 UTC,14650,30.6568,30.2052
39261,16111,2016-02-12 13:31:40.000000 UTC,35410,30.6571,29.5838
16111,39261,2016-02-06 20:25:00.000000 UTC,49150,30.6572,30.6049
28255,29093,2016-02-19 15:55:00.000000 UTC,27370,30.6576,29.502
29093,16111,2016-02-01 00:35:00.000000 UTC,4150,30.6578,30.6609
28255,39261,2016-02-19 15:55:00.000000 UTC,1870,30.6578,30.6509
28255,29093,2016-02-23 22:00:00.000000 UTC,4930,30.658,30.6375
28255,29093,2016-02-21 09:35:00.000000 UTC,5230,30.6585,30.6472
29093,16111,2016-02-01 00:05:00.000000 UTC,27010,30.6588,29.6368
29093,39261,2016-02-02 02:16:40.000000 UTC,5230,30.6588,30.6708
16111,39261,2016-02-12 11:00:00.000000 UTC,13570,30.6593,29.3202
29093,28255,2016-02-01 21:40:00.000000 UTC,1930,30.6595,30.6791
28255,16111,2016-02-20 00:50:00.000000 UTC,38710,30.6602,29.7813
29093,39261,2016-02-03 08:00:00.000000 UTC,56890,30.6603,30.5625
39261,28255,2016-02-12 11:00:00.000000 UTC,5590,30.6603,30.6801
16111,29093,2016-02-06 17:55:00.000000 UTC,9310,30.6607,30.5314
39261,29093,2016-02-14 13:50:00.000000 UTC,4750,30.6611,29.9759
16111,39261,2016-02-07 01:10:00.000000 UTC,2050,30.6613,30.7088
28255,29093,2016-02-18 14:15:00.000000 UTC,25450,30.6613,29.7919
39261,28255,2016-02-17 02:15:00.000000 UTC,5950,30.6615,30.6843
29093,16111,2016-02-02 14:16:40.000000 UTC,3730,30.6617,30.6879
28255,29093,2016-02-18 04:31:40.000000 UTC,4630,30.6617,30.6356
28255,16111,2016-02-21 07:31:40.000000 UTC,35890,30.6621,29.6107
39261,16111,2016-02-14 19:00:00.000000 UTC,39550,30.6624,29.8908
39261,28255,2016-02-12 20:01:40.000000 UTC,53830,30.6629,30.3196
16111,29093,2016-02-08 09:15:00.000000 UTC,3790,30.6636,30.6644
39261,28255,2016-02-16 14:10:00.000000 UTC,6130,30.6638,30.6723
16111,29093,2016-02-06 18:45:00.000000 UTC,3250,30.6639,30.6706
16111,28255,2016-02-07 04:46:40.000000 UTC,41650,30.6644,30.1815
29093,39261,2016-02-01 00:25:00.000000 UTC,4690,30.6647,30.6492
28255,39261,2016-02-19 13:10:00.000000 UTC,5710,30.6647,30.6549
16111,29093,2016-02-06 20:50:00.000000 UTC,2350,30.6649,28.9479
16111,39261,2016-02-07 17:25:00.000000 UTC,4930,30.6649,30.6746
29093,39261,2016-02-03 21:01:40.000000 UTC,4570,30.6656,30.6833
16111,29093,2016-02-07 04:00:00.000000 UTC,9010,30.6658,30.6772
28255,39261,2016-02-18 04:31:40.000000 UTC,5410,30.6663,30.506
39261,29093,2016-02-15 12:00:00.000000 UTC,5350,30.6668,30.6558
39261,28255,2016-02-12 13:31:40.000000 UTC,5770,30.6669,30.6131
28255,29093,2016-02-18 15:46:40.000000 UTC,4630,30.6669,27.8039
29093,39261,2016-02-06 04:01:40.000000 UTC,1990,30.667,30.6947
39261,29093,2016-02-17 15:01:40.000000 UTC,1630,30.667,30.6944
29093,28255,2016-02-01 14:40:00.000000 UTC,48190,30.6674,30.219
16111,29093,2016-02-08 20:20:00.000000 UTC,32590,30.6675,30.4639
29093,28255,2016-02-05 10:20:00.000000 UTC,5410,30.6676,30.6916
39261,29093,2016-02-15 16:05:00.000000 UTC,4930,30.6676,30.6721
16111,29093,2016-02-08 13:50:00.000000 UTC,11350,30.6687,29.6216
39261,29093,2016-02-12 12:15:00.000000 UTC,2050,30.6687,30.6611
16111,39261,2016-02-06 19:20:00.000000 UTC,4870,30.6689,30.6789
28255,39261,2016-02-20 02:25:00.000000 UTC,5950,30.6694,30.6492
29093,28255,2016-02-02 17:15:00.000000 UTC,15010,30.6696,23.9816
29093,28255,2016-02-01 12:55:00.000000 UTC,4450,30.6701,30.681
28255,39261,2016-02-19 14:31:40.000000 UTC,5710,30.6705,30.6411
28255,29093,2016-02-22 14:50:00.000000 UTC,24730,30.671,28.923
29093,39261,2016-02-06 01:25:00.000000 UTC,5230,30.6711,30.6799
29093,16111,2016-02-02 12:50:00.000000 UTC,3790,30.6713,30.6821
28255,39261,2016-02-22 22:15:00.000000 UTC,12250,30.6716,26.9239
29093,16111,2016-02-04 13:35:00.000000 UTC,3190,30.6722,30.5159
29093,28255,2016-02-05 00:50:00.000000 UTC,29890,30.6726,29.482
39261,28255,2016-02-12 16:16:40.000000 UTC,42130,30.6726,29.8979
16111,28255,2016-02-06 17:55:00.000000 UTC,51130,30.673,30.2421
16111,29093,2016-02-07 12:00:00.000000 UTC,54370,30.6736,31.3803
16111,29093,2016-02-12 00:10:00.000000 UTC,4930,30.6736,30.6843
28255,39261,2016-02-19 06:46:40.000000 UTC,5590,30.6738,30.6516
16111,28255,2016-02-06 19:01:40.000000 UTC,39370,30.6739,30.0875
39261,28255,2016-02-12 11:10:00.000000 UTC,5590,30.6739,30.6508
29093,39261,2016-02-01 23:55:00.000000 UTC,4690,30.674,30.6682
28255,39261,2016-02-23 16:31:40.000000 UTC,1090,30.6742,30.6202
16111,39261,2016-02-08 10:45:00.000000 UTC,4630,30.6743,30.7175
16111,39261,2016-02-08 12:16:40.000000 UTC,4690,30.6743,30.6814
16111,28255,2016-02-08 06:20:00.000000 UTC,4510,30.6746,30.6684
39261,28255,2016-02-12 12:50:00.000000 UTC,5710,30.6758,30.6327
16111,29093,2016-02-11 13:46:40.000000 UTC,4750,30.6761,30.6727
29093,39261,2016-02-01 03:46:40.000000 UTC,5110,30.6762,30.6908
16111,29093,2016-02-07 11:00:00.000000 UTC,3610,30.6766,30.6396
16111,28255,2016-02-09 20:31:40.000000 UTC,27370,30.6766,29.4062
29093,28255,2016-02-06 04:01:40.000000 UTC,23230,30.6771,30.1885
39261,29093,2016-02-17 15:01:40.000000 UTC,4930,30.6771,30.6634
39261,29093,2016-02-15 18:10:00.000000 UTC,4690,30.6774,30.6819
16111,28255,2016-02-09 03:16:40.000000 UTC,16270,30.6777,30.33
16111,29093,2016-02-06 17:30:00.000000 UTC,25870,30.6779,30.5694
29093,39261,2016-02-04 20:15:00.000000 UTC,42490,30.6782,29.4693
29093,39261,2016-02-03 08:00:00.000000 UTC,20470,30.6792,29.9973
39261,28255,2016-02-12 12:50:00.000000 UTC,5770,30.6792,30.6237
28255,29093,2016-02-21 18:05:00.000000 UTC,1210,30.6793,30.673
28255,16111,2016-02-23 05:55:00.000000 UTC,21790,30.6793,28.9492
28255,16111,2016-02-21 13:46:40.000000 UTC,1990,30.6795,30.6939
16111,39261,2016-02-06 17:40:00.000000 UTC,4690,30.68,30.681
29093,16111,2016-02-02 21:55:00.000000 UTC,3610,30.6801,30.7006
39261,29093,2016-02-12 13:31:40.000000 UTC,5350,30.6803,30.6959
39261,29093,2016-02-15 00:25:00.000000 UTC,20710,30.6807,29.9389
29093,39261,2016-02-03 01:10:00.000000 UTC,4930,30.6809,30.7037
28255,39261,2016-02-18 05:16:40.000000 UTC,42670,30.6811,29.557
28255,16111,2016-02-23 16:31:40.000000 UTC,5350,30.6817,30.6634
39261,28255,2016-02-12 11:00:00.000000 UTC,5650,30.682,30.6824
29093,16111,2016-02-02 20:20:00.000000 UTC,3610,30.6821,30.6796
39261,28255,2016-02-12 13:31:40.000000 UTC,54490,30.6821,29.8065
29093,39261,2016-02-04 22:31:40.000000 UTC,4750,30.6823,30.7041
29093,39261,2016-02-05 20:16:40.000000 UTC,4510,30.6824,30.6834
28255,16111,2016-02-19 14:31:40.000000 UTC,5110,30.6824,30.667
16111,39261,2016-02-07 21:00:00.000000 UTC,5470,30.6828,30.688
39261,28255,2016-02-14 19:00:00.000000 UTC,26650,30.6833,28.8568
28255,16111,2016-02-22 19:45:00.000000 UTC,13150,30.6835,28.133
29093,28255,2016-02-02 17:15:00.000000 UTC,4450,30.684,30.6978
39261,16111,2016-02-14 15:31:40.000000 UTC,27370,30.6848,28.2391
28255,16111,2016-02-22 07:40:00.000000 UTC,25090,30.6848,29.7769
29093,28255,2016-02-01 03:46:40.000000 UTC,28390,30.6851,29.1509
29093,16111,2016-02-06 12:01:40.000000 UTC,2590,30.6851,30.5057
16111,39261,2016-02-07 14:05:00.000000 UTC,4570,30.6851,30.6783
16111,29093,2016-02-09 03:16:40.000000 UTC,4030,30.6857,30.6719
16111,39261,2016-02-10 09:16:40.000000 UTC,5350,30.6857,31.0041
28255,39261,2016-02-20 17:55:00.000000 UTC,19510,30.686,29.1682
29093,16111,2016-02-01 02:55:00.000000 UTC,4330,30.6863,30.6873
39261,29093,2016-02-13 22:25:00.000000 UTC,4330,30.6867,30.6196
28255,16111,2016-02-18 14:15:00.000000 UTC,22930,30.6868,30.2476
28255,29093,2016-02-18 07:50:00.000000 UTC,10450,30.6869,30.313
16111,28255,2016-02-10 09:16:40.000000 UTC,4630,30.6871,30.7519
16111,39261,2016-02-06 17:30:00.000000 UTC,4630,30.6872,30.6185
39261,16111,2016-02-13 19:40:00.000000 UTC,4810,30.6876,30.6816
29093,39261,2016-02-01 02:31:40.000000 UTC,5110,30.6878,30.6932
39261,28255,2016-02-17 04:45:00.000000 UTC,5770,30.6878,30.7044
28255,39261,2016-02-19 01:05:00.000000 UTC,5530,30.6879,30.6507
16111,39261,2016-02-06 17:46:40.000000 UTC,4570,30.688,30.5683
16111,39261,2016-02-07 22:15:00.000000 UTC,50590,30.6882,30.406
16111,28255,2016-02-10 11:30:00.000000 UTC,4930,30.6883,30.7185
39261,28255,2016-02-15 22:25:00.000000 UTC,27670,30.6883,28.4112
16111,29093,2016-02-06 17:35:00.000000 UTC,3430,30.6885,30.6367
39261,16111,2016-02-12 18:01:40.000000 UTC,5410,30.6892,30.7025
16111,29093,2016-02-07 19:46:40.000000 UTC,54550,30.6893,31.3484
16111,28255,2016-02-08 20:20:00.000000 UTC,39070,30.6898,30.1796
16111,29093,2016-02-08 13:50:00.000000 UTC,32410,30.6899,30.3784
16111,39261,2016-02-06 17:30:00.000000 UTC,4750,30.6901,30.7223
16111,29093,2016-02-11 21:31:40.000000 UTC,4870,30.6902,30.6963
28255,39261,2016-02-19 20:15:00.000000 UTC,5830,30.6902,30.6717
16111,29093,2016-02-08 17:01:40.000000 UTC,3910,30.6904,30.6909
16111,39261,2016-02-10 07:05:00.000000 UTC,1330,30.6905,30.6484
39261,29093,2016-02-12 16:16:40.000000 UTC,5050,30.6911,30.6792
16111,28255,2016-02-08 13:50:00.000000 UTC,5290,30.6916,30.7232
16111,28255,2016-02-08 20:20:00.000000 UTC,44890,30.6916,30.5044
39261,29093,2016-02-12 15:15:00.000000 UTC,5170,30.6922,30.6956
29093,39261,2016-02-02 03:30:00.000000 UTC,5170,30.6927,30.6251
16111,29093,2016-02-10 09:16:40.000000 UTC,4450,30.6934,30.704
39261,16111,2016-02-12 21:30:00.000000 UTC,4990,30.6934,30.6959
39261,16111,2016-02-17 09:50:00.000000 UTC,4690,30.6935,30.7071
28255,29093,2016-02-18 09:46:40.000000 UTC,31690,30.6937,29.3102
16111,39261,2016-02-06 18:45:00.000000 UTC,4870,30.694,30.6822
29093,16111,2016-02-03 21:01:40.000000 UTC,490,30.6944,30.607
28255,16111,2016-02-18 13:31:40.000000 UTC,5110,30.6944,30.6841
28255,39261,2016-02-21 07:31:40.000000 UTC,32410,30.6949,29.4778
28255,16111,2016-02-23 19:15:00.000000 UTC,29650,30.6949,29.7201
16111,39261,2016-02-12 11:00:00.000000 UTC,32230,30.6951,30.0836
29093,39261,2016-02-03 19:05:00.000000 UTC,53590,30.6952,30.6373
16111,39261,2016-02-10 00:40:00.000000 UTC,3250,30.6955,30.018
39261,29093,2016-02-12 19:20:00.000000 UTC,4750,30.6955,30.6874
28255,39261,2016-02-18 14:15:00.000000 UTC,5470,30.6959,30.6419
16111,28255,2016-02-07 07:16:40.000000 UTC,4810,30.6961,30.7188
28255,39261,2016-02-20 00:50:00.000000 UTC,30610,30.6961,28.6637
29093,16111,2016-02-06 04:01:40.000000 UTC,52150,30.6962,31.0495
16111,39261,2016-02-07 04:00:00.000000 UTC,57430,30.6962,30.6779
39261,16111,2016-02-15 16:05:00.000000 UTC,4630,30.6962,30.6898
28255,39261,2016-02-19 08:00:00.000000 UTC,5650,30.6965,30.6734
28255,29093,2016-02-22 17:16:40.000000 UTC,4870,30.6969,30.685
29093,28255,2016-02-01 13:46:40.000000 UTC,5230,30.6971,30.7469
29093,28255,2016-02-01 16:31:40.000000 UTC,4870,30.6971,30.7293
29093,39261,2016-02-02 01:05:00.000000 UTC,5050,30.6971,30.7235
28255,39261,2016-02-19 00:01:40.000000 UTC,5530,30.6974,30.6703
16111,39261,2016-02-06 18:45:00.000000 UTC,18910,30.6977,29.7415
29093,28255,2016-02-01 19:31:40.000000 UTC,5110,30.6992,30.7272
39261,28255,2016-02-12 11:10:00.000000 UTC,5710,30.6994,30.6565
29093,28255,2016-02-01 21:40:00.000000 UTC,5470,30.7002,30.7073
29093,16111,2016-02-02 06:01:40.000000 UTC,3850,30.7005,30.7156
39261,28255,2016-02-12 11:05:00.000000 UTC,5710,30.7007,30.6714
28255,16111,2016-02-18 16:35:00.000000 UTC,4810,30.7007,30.6997
29093,39261,2016-02-01 02:55:00.000000 UTC,5290,30.7009,30.7009
29093,39261,2016-02-02 20:20:00.000000 UTC,11650,30.7009,30.189
28255,16111,2016-02-21 20:16:40.000000 UTC,34690,30.7011,29.4236
29093,39261,2016-02-02 12:50:00.000000 UTC,22810,30.7012,28.0246
29093,16111,2016-02-01 04:45:00.000000 UTC,4270,30.7014,30.7213
39261,28255,2016-02-13 08:40:00.000000 UTC,1090,30.7015,30.6687
29093,16111,2016-02-01 12:05:00.000000 UTC,4210,30.7025,30.707
16111,29093,2016-02-06 23:20:00.000000 UTC,3370,30.7028,30.7137
29093,28255,2016-02-05 07:55:00.000000 UTC,49210,30.7029,30.0371
28255,16111,2016-02-19 03:16:40.000000 UTC,26890,30.7031,29.4043
28255,16111,2016-02-19 23:16:40.000000 UTC,20530,30.7032,29.0547
28255,29093,2016-02-23 22:00:00.000000 UTC,4990,30.7033,30.6927
16111,29093,2016-02-11 08:45:00.000000 UTC,4750,30.7034,30.7126
39261,29093,2016-02-12 12:15:00.000000 UTC,5530,30.7034,30.6986
28255,39261,2016-02-19 13:10:00.000000 UTC,5770,30.7034,30.7025
16111,29093,2016-02-06 18:05:00.000000 UTC,9430,30.7038,30.5332
16111,28255,2016-02-08 09:15:00.000000 UTC,4810,30.7038,30.7312
39261,28255,2016-02-12 11:10:00.000000 UTC,42310,30.7048,29.9708
16111,28255,2016-02-07 17:25:00.000000 UTC,33130,30.7049,29.336
29093,16111,2016-02-02 07:20:00.000000 UTC,4150,30.7057,30.9052
16111,28255,2016-02-10 07:05:00.000000 UTC,5230,30.7059,30.6923
16111,28255,2016-02-06 23:20:00.000000 UTC,46270,30.706,30.377
39261,28255,2016-02-17 04:45:00.000000 UTC,6190,30.7061,30.977
16111,28255,2016-02-11 11:15:00.000000 UTC,4630,30.7063,30.6213
28255,29093,2016-02-19 08:00:00.000000 UTC,4570,30.7074,30.7042
16111,39261,2016-02-06 23:55:00.000000 UTC,38410,30.7078,29.732
28255,39261,2016-02-19 14:31:40.000000 UTC,5770,30.708,30.6886
16111,39261,2016-02-06 20:25:00.000000 UTC,5110,30.7082,30.7153
29093,28255,2016-02-01 03:46:40.000000 UTC,40030,30.709,29.8331
39261,16111,2016-02-15 04:10:00.000000 UTC,2650,30.7092,30.1255
29093,16111,2016-02-01 15:35:00.000000 UTC,4570,30.71,31.0466
29093,39261,2016-02-01 06:25:00.000000 UTC,5590,30.7102,30.7232
16111,29093,2016-02-09 08:46:40.000000 UTC,4090,30.7102,30.7047
28255,39261,2016-02-20 09:01:40.000000 UTC,6130,30.7103,30.6985
16111,29093,2016-02-08 18:40:00.000000 UTC,3910,30.7105,30.6839
16111,39261,2016-02-06 17:35:00.000000 UTC,4750,30.711,30.7271
16111,39261,2016-02-10 13:45:00.000000 UTC,18790,30.7113,29.2717
29093,39261,2016-02-03 23:00:00.000000 UTC,4750,30.7118,30.7242
28255,39261,2016-02-19 06:46:40.000000 UTC,5650,30.7122,30.6939
16111,28255,2016-02-09 12:35:00.000000 UTC,5110,30.7126,30.7137
16111,29093,2016-02-08 00:50:00.000000 UTC,3790,30.7129,30.7078
28255,39261,2016-02-18 04:35:00.000000 UTC,11410,30.7134,30.2928
29093,16111,2016-02-03 15:16:40.000000 UTC,15850,30.7137,29.9919
16111,28255,2016-02-08 15:25:00.000000 UTC,30790,30.7139,29.805
29093,16111,2016-02-05 10:20:00.000000 UTC,36490,30.7144,30.741
16111,29093,2016-02-08 23:45:00.000000 UTC,3970,30.7147,30.73
39261,16111,2016-02-14 19:00:00.000000 UTC,55930,30.7153,30.9634
39261,28255,2016-02-15 20:16:40.000000 UTC,56650,30.7156,30.5942
39261,29093,2016-02-13 01:40:00.000000 UTC,25930,30.7167,29.4848
28255,39261,2016-02-19 11:50:00.000000 UTC,19330,30.7167,30.0205
28255,39261,2016-02-18 12:10:00.000000 UTC,5290,30.717,30.5939
16111,29093,2016-02-06 20:01:40.000000 UTC,4030,30.7171,30.5733
39261,28255,2016-02-17 15:01:40.000000 UTC,5710,30.7171,30.7201
28255,39261,2016-02-18 12:10:00.000000 UTC,5770,30.7181,30.6266
16111,39261,2016-02-09 01:30:00.000000 UTC,26530,30.7183,29.1126
16111,28255,2016-02-07 08:10:00.000000 UTC,4810,30.7189,30.7451
28255,39261,2016-02-19 01:05:00.000000 UTC,5590,30.7192,30.6814
29093,39261,2016-02-02 23:31:40.000000 UTC,4750,30.7193,30.7189
28255,16111,2016-02-18 08:16:40.000000 UTC,8290,30.7197,30.1281
39261,29093,2016-02-14 17:15:00.000000 UTC,4870,30.7198,30.7062
16111,39261,2016-02-08 12:16:40.000000 UTC,4750,30.7199,30.7287
29093,39261,2016-02-01 00:25:00.000000 UTC,4750,30.7201,30.7124
16111,28255,2016-02-08 09:15:00.000000 UTC,1510,30.7205,30.7118
29093,16111,2016-02-01 07:01:40.000000 UTC,4150,30.7208,30.7335
16111,29093,2016-02-09 16:30:00.000000 UTC,4210,30.7208,30.7212
16111,29093,2016-02-10 11:30:00.000000 UTC,1510,30.7209,30.755
39261,28255,2016-02-17 07:16:40.000000 UTC,5950,30.721,30.7443
28255,29093,2016-02-20 12:30:00.000000 UTC,27010,30.7213,29.0403
28255,16111,2016-02-21 20:16:40.000000 UTC,4750,30.7215,30.6893
16111,29093,2016-02-09 10:40:00.000000 UTC,1210,30.7218,30.6784
16111,29093,2016-02-07 11:00:00.000000 UTC,3730,30.7219,30.6923
16111,28255,2016-02-10 16:01:40.000000 UTC,5350,30.7221,30.6672
16111,29093,2016-02-12 08:15:00.000000 UTC,5050,30.7222,30.723
16111,29093,2016-02-12 02:50:00.000000 UTC,1990,30.7227,30.7249
16111,29093,2016-02-10 02:46:40.000000 UTC,4690,30.7233,31.0452
16111,29093,2016-02-07 12:00:00.000000 UTC,4450,30.7236,30.5436
16111,28255,2016-02-10 09:16:40.000000 UTC,4690,30.7236,30.7991
28255,39261,2016-02-19 09:15:00.000000 UTC,19210,30.7237,29.9226
16111,39261,2016-02-07 18:35:00.000000 UTC,5170,30.7238,30.7177
39261,29093,2016-02-16 11:50:00.000000 UTC,24610,30.724,29.8457
28255,16111,2016-02-18 11:31:40.000000 UTC,5350,30.7241,30.7049
16111,28255,2016-02-08 06:20:00.000000 UTC,4570,30.7244,30.715
39261,29093,2016-02-12 22:16:40.000000 UTC,4690,30.7252,30.5978
29093,28255,2016-02-01 12:55:00.000000 UTC,4510,30.7258,30.7331
39261,29093,2016-02-13 15:45:00.000000 UTC,1690,30.7259,30.9551
16111,28255,2016-02-12 11:00:00.000000 UTC,30010,30.7261,30.0071
28255,39261,2016-02-19 08:00:00.000000 UTC,1750,30.7262,30.7435
39261,16111,2016-02-16 09:31:40.000000 UTC,33850,30.7264,29.9685
28255,16111,2016-02-21 11:40:00.000000 UTC,23770,30.7264,29.6703
28255,29093,2016-02-19 00:01:40.000000 UTC,5350,30.7268,30.7185
28255,16111,2016-02-18 17:25:00.000000 UTC,1510,30.727,30.7194
16111,39261,2016-02-07 06:25:00.000000 UTC,2530,30.7271,29.6895
16111,28255,2016-02-12 02:50:00.000000 UTC,20350,30.7275,28.9139
39261,16111,2016-02-17 09:50:00.000000 UTC,44890,30.7277,30.7316
39261,16111,2016-02-12 23:05:00.000000 UTC,4930,30.7278,30.7802
39261,28255,2016-02-17 20:20:00.000000 UTC,19810,30.7278,28.3212
29093,39261,2016-02-04 20:15:00.000000 UTC,4810,30.728,30.7134
28255,39261,2016-02-20 12:30:00.000000 UTC,31570,30.728,29.5002
29093,39261,2016-02-01 23:55:00.000000 UTC,4750,30.7282,30.7295
28255,39261,2016-02-19 13:10:00.000000 UTC,6070,30.7282,30.8843
29093,28255,2016-02-05 15:15:00.000000 UTC,9610,30.7283,28.2871
16111,28255,2016-02-11 03:50:00.000000 UTC,23050,30.7287,29.1757
29093,39261,2016-02-01 05:50:00.000000 UTC,5590,30.7293,30.7279
28255,39261,2016-02-18 09:15:00.000000 UTC,30310,30.7295,29.8351
28255,39261,2016-02-19 20:15:00.000000 UTC,5890,30.7296,30.7231
29093,28255,2016-02-01 18:30:00.000000 UTC,1690,30.7299,30.7075
29093,39261,2016-02-01 07:01:40.000000 UTC,1990,30.7303,30.7767
29093,39261,2016-02-05 20:16:40.000000 UTC,4570,30.7305,30.7288
29093,16111,2016-02-01 00:35:00.000000 UTC,4210,30.7307,30.7518
16111,29093,2016-02-07 17:25:00.000000 UTC,4090,30.7309,30.8098
39261,29093,2016-02-17 20:20:00.000000 UTC,1030,30.7309,30.7272
39261,28255,2016-02-17 09:50:00.000000 UTC,5770,30.7312,30.7575
28255,39261,2016-02-19 08:00:00.000000 UTC,5710,30.7315,30.7139
28255,29093,2016-02-22 14:50:00.000000 UTC,35590,30.732,29.7565
29093,28255,2016-02-01 20:35:00.000000 UTC,5170,30.7321,30.5799
29093,28255,2016-02-06 06:40:00.000000 UTC,1210,30.7322,30.7703
39261,29093,2016-02-13 19:40:00.000000 UTC,4510,30.7325,30.5142
28255,29093,2016-02-18 04:46:40.000000 UTC,4810,30.7325,30.6963
29093,39261,2016-02-01 02:31:40.000000 UTC,5170,30.7327,30.7488
29093,16111,2016-02-02 14:16:40.000000 UTC,3790,30.7327,30.7533
39261,28255,2016-02-12 13:10:00.000000 UTC,5650,30.7329,30.5532
29093,28255,2016-02-02 17:15:00.000000 UTC,4510,30.7331,30.7474
39261,29093,2016-02-17 15:01:40.000000 UTC,4990,30.7331,30.7296
29093,28255,2016-02-01 09:45:00.000000 UTC,4390,30.7332,30.7103
28255,29093,2016-02-18 15:00:00.000000 UTC,19090,30.7332,28.6436
16111,39261,2016-02-09 06:55:00.000000 UTC,59710,30.7335,30.8497
39261,16111,2016-02-12 17:25:00.000000 UTC,5410,30.7336,30.7429
16111,29093,2016-02-07 05:35:00.000000 UTC,3490,30.7338,30.7513
29093,39261,2016-02-05 03:10:00.000000 UTC,5290,30.734,30.7506
16111,28255,2016-02-10 02:46:40.000000 UTC,550,30.7344,30.6336
16111,28255,2016-02-11 03:50:00.000000 UTC,3310,30.7344,30.0956
39261,16111,2016-02-16 09:31:40.000000 UTC,5110,30.735,30.7348
29093,28255,2016-02-01 12:05:00.000000 UTC,4450,30.7356,30.5605
16111,29093,2016-02-10 18:20:00.000000 UTC,4570,30.7356,30.7391
29093,39261,2016-02-01 03:46:40.000000 UTC,1750,30.7357,30.8548
28255,39261,2016-02-18 14:15:00.000000 UTC,5650,30.7358,30.6384
39261,29093,2016-02-13 18:20:00.000000 UTC,29470,30.7368,28.7397
39261,29093,2016-02-14 17:15:00.000000 UTC,27550,30.7373,29.2517
28255,29093,2016-02-18 04:40:00.000000 UTC,4810,30.7376,30.7083
16111,28255,2016-02-10 13:45:00.000000 UTC,49270,30.7377,29.9836
16111,28255,2016-02-11 18:55:00.000000 UTC,1990,30.7379,30.7665
28255,29093,2016-02-21 11:40:00.000000 UTC,5050,30.7381,30.7255
39261,16111,2016-02-13 19:40:00.000000 UTC,4870,30.7384,30.7392
39261,29093,2016-02-12 21:30:00.000000 UTC,1150,30.7385,30.7683
39261,29093,2016-02-12 15:15:00.000000 UTC,5110,30.7386,30.6298
16111,39261,2016-02-06 17:31:40.000000 UTC,42550,30.7389,30.0224
28255,39261,2016-02-19 20:15:00.000000 UTC,1870,30.7391,30.758
29093,28255,2016-02-01 12:55:00.000000 UTC,5230,30.7393,30.7776
28255,29093,2016-02-23 00:46:40.000000 UTC,970,30.7395,30.674
16111,29093,2016-02-10 02:46:40.000000 UTC,4390,30.7397,30.7437
29093,16111,2016-02-01 14:40:00.000000 UTC,4030,30.7401,30.7442
16111,28255,2016-02-06 17:35:00.000000 UTC,31390,30.7406,28.9829
16111,28255,2016-02-07 07:16:40.000000 UTC,4870,30.7411,30.7688
16111,39261,2016-02-07 08:10:00.000000 UTC,26470,30.7412,28.1175
28255,29093,2016-02-22 19:45:00.000000 UTC,56890,30.7413,30.6674
16111,39261,2016-02-06 18:30:00.000000 UTC,6010,30.7414,30.1668
16111,28255,2016-02-07 13:01:40.000000 UTC,5350,30.7414,30.7643
16111,29093,2016-02-06 22:46:40.000000 UTC,59470,30.7417,31.0534
16111,29093,2016-02-08 09:15:00.000000 UTC,3850,30.7417,30.7323
16111,28255,2016-02-10 13:45:00.000000 UTC,1750,30.7422,30.7214
29093,39261,2016-02-04 07:10:00.000000 UTC,50590,30.7429,30.6492
28255,16111,2016-02-20 21:40:00.000000 UTC,4570,30.7432,30.7113
28255,16111,2016-02-18 08:16:40.000000 UTC,19270,30.7433,30.1173
29093,16111,2016-02-05 03:10:00.000000 UTC,41050,30.7442,29.5261
39261,28255,2016-02-12 11:46:40.000000 UTC,5710,30.7443,30.6311
29093,39261,2016-02-01 02:55:00.000000 UTC,5350,30.7444,30.7527
39261,16111,2016-02-13 14:30:00.000000 UTC,1990,30.7444,30.7786
39261,16111,2016-02-12 15:45:00.000000 UTC,2830,30.7451,29.6587
16111,39261,2016-02-06 21:45:00.000000 UTC,6970,30.7452,30.6325
39261,29093,2016-02-12 16:16:40.000000 UTC,5110,30.7456,30.7477
29093,16111,2016-02-01 12:05:00.000000 UTC,17350,30.7459,29.6084
16111,29093,2016-02-12 05:31:40.000000 UTC,4990,30.746,30.7689
16111,29093,2016-02-11 06:16:40.000000 UTC,4690,30.7461,30.7732
39261,28255,2016-02-12 12:00:00.000000 UTC,5710,30.7461,30.7004
16111,39261,2016-02-12 08:15:00.000000 UTC,1990,30.7465,30.7847
39261,29093,2016-02-12 19:20:00.000000 UTC,4810,30.7465,30.739
29093,16111,2016-02-02 23:31:40.000000 UTC,3670,30.7472,30.7747
39261,16111,2016-02-14 04:15:00.000000 UTC,13690,30.7473,28.7105
39261,16111,2016-02-12 11:46:40.000000 UTC,37090,30.7475,30.115
16111,29093,2016-02-06 20:25:00.000000 UTC,30850,30.7476,29.5286
16111,39261,2016-02-06 17:46:40.000000 UTC,4750,30.748,30.7355
16111,39261,2016-02-07 12:00:00.000000 UTC,12430,30.748,27.9356
16111,29093,2016-02-09 01:30:00.000000 UTC,4030,30.748,30.7499
16111,28255,2016-02-09 06:55:00.000000 UTC,5530,30.7484,30.6299
28255,39261,2016-02-20 04:01:40.000000 UTC,6070,30.7486,30.7323
39261,29093,2016-02-13 15:45:00.000000 UTC,5110,30.7495,30.742
29093,16111,2016-02-01 02:55:00.000000 UTC,4390,30.7496,30.7579
28255,16111,2016-02-19 17:20:00.000000 UTC,4870,30.7498,30.7351
39261,28255,2016-02-17 20:20:00.000000 UTC,8110,30.7499,27.7229
39261,29093,2016-02-17 09:50:00.000000 UTC,5650,30.7501,30.7641
29093,39261,2016-02-01 04:45:00.000000 UTC,5470,30.7505,30.7641
29093,28255,2016-02-02 21:55:00.000000 UTC,4930,30.7513,30.7537
16111,29093,2016-02-06 23:20:00.000000 UTC,30790,30.7513,29.1698
28255,16111,2016-02-18 16:35:00.000000 UTC,4870,30.7517,30.7603
39261,28255,2016-02-12 17:25:00.000000 UTC,42490,30.7522,29.35
16111,29093,2016-02-10 16:01:40.000000 UTC,4510,30.7532,30.7513
28255,29093,2016-02-21 22:30:00.000000 UTC,25690,30.7534,28.474
28255,29093,2016-02-19 03:16:40.000000 UTC,5050,30.7543,30.7487
29093,16111,2016-02-03 06:15:00.000000 UTC,3910,30.7546,30.7545
28255,29093,2016-02-20 05:40:00.000000 UTC,5170,30.755,30.6548
39261,29093,2016-02-12 20:45:00.000000 UTC,4750,30.7551,30.7102
16111,28255,2016-02-07 09:05:00.000000 UTC,43030,30.7556,29.6791
29093,16111,2016-02-01 22:46:40.000000 UTC,37990,30.7557,30.5247
39261,16111,2016-02-12 16:50:00.000000 UTC,5590,30.7557,30.757
28255,16111,2016-02-20 14:16:40.000000 UTC,5350,30.7557,30.7598
29093,39261,2016-02-03 04:31:40.000000 UTC,5470,30.757,30.7735
39261,16111,2016-02-13 01:40:00.000000 UTC,4570,30.7572,30.7298
16111,39261,2016-02-06 20:25:00.000000 UTC,5170,30.7576,30.7746
39261,16111,2016-02-18 01:45:00.000000 UTC,46450,30.7577,30.6017
16111,29093,2016-02-07 07:16:40.000000 UTC,27490,30.758,29.312
16111,29093,2016-02-07 08:10:00.000000 UTC,3910,30.758,30.7162
29093,39261,2016-02-01 00:46:40.000000 UTC,1450,30.7581,30.7742
29093,16111,2016-02-02 21:55:00.000000 UTC,3670,30.7584,30.7641
39261,16111,2016-02-13 18:20:00.000000 UTC,11950,30.7587,30.4468
28255,29093,2016-02-20 07:20:00.000000 UTC,13450,30.7587,28.3298
29093,39261,2016-02-01 02:10:00.000000 UTC,4990,30.7596,30.7716
28255,39261,2016-02-19 21:45:00.000000 UTC,5950,30.7596,30.7399
29093,39261,2016-02-03 23:00:00.000000 UTC,4810,30.76,30.7775
16111,39261,2016-02-06 17:30:00.000000 UTC,48370,30.76,30.5096
39261,29093,2016-02-12 13:55:00.000000 UTC,5410,30.7601,30.7574
16111,29093,2016-02-10 02:46:40.000000 UTC,12190,30.7609,29.8467
29093,16111,2016-02-02 07:20:00.000000 UTC,4030,30.7612,30.8098
29093,16111,2016-02-02 20:20:00.000000 UTC,3670,30.7612,30.7468
28255,39261,2016-02-20 00:50:00.000000 UTC,18430,30.7612,28.4037
28255,16111,2016-02-20 12:30:00.000000 UTC,5530,30.7617,30.735
29093,28255,2016-02-04 03:01:40.000000 UTC,5230,30.7619,30.7781
28255,16111,2016-02-18 12:10:00.000000 UTC,13210,30.762,30.1805
28255,29093,2016-02-21 07:31:40.000000 UTC,5590,30.762,30.754
16111,29093,2016-02-06 18:45:00.000000 UTC,3730,30.7621,30.7293
28255,16111,2016-02-22 07:40:00.000000 UTC,48790,30.7626,30.0696
28255,16111,2016-02-18 21:01:40.000000 UTC,4510,30.7627,30.725
29093,28255,2016-02-06 14:45:00.000000 UTC,5410,30.7628,30.7738
39261,16111,2016-02-15 10:00:00.000000 UTC,28090,30.7633,28.1881
28255,29093,2016-02-19 00:01:40.000000 UTC,2590,30.7635,29.0935
29093,28255,2016-02-01 21:40:00.000000 UTC,37930,30.7636,29.4652
16111,39261,2016-02-06 22:46:40.000000 UTC,5350,30.7637,30.7762
29093,16111,2016-02-03 13:25:00.000000 UTC,3490,30.7638,30.7542
39261,29093,2016-02-12 20:45:00.000000 UTC,32590,30.764,29.2323
39261,29093,2016-02-14 17:15:00.000000 UTC,4930,30.7641,30.7557
29093,39261,2016-02-01 00:05:00.000000 UTC,24730,30.7649,29.7522
39261,16111,2016-02-13 04:30:00.000000 UTC,31810,30.7649,29.9663
39261,29093,2016-02-12 13:55:00.000000 UTC,1930,30.7651,30.7733
29093,28255,2016-02-01 00:10:00.000000 UTC,19630,30.7652,29.2189
16111,39261,2016-02-06 18:45:00.000000 UTC,22810,30.7652,28.4028
29093,39261,2016-02-01 07:40:00.000000 UTC,44470,30.7657,30.319
16111,39261,2016-02-06 23:55:00.000000 UTC,5590,30.766,30.7832
29093,16111,2016-02-02 08:40:00.000000 UTC,22510,30.7662,29.3421
16111,29093,2016-02-08 17:01:40.000000 UTC,3970,30.7664,30.7613
16111,39261,2016-02-07 00:31:40.000000 UTC,1990,30.7666,30.7817
28255,39261,2016-02-22 00:45:00.000000 UTC,46210,30.7666,30.1366
29093,28255,2016-02-06 04:01:40.000000 UTC,4630,30.767,30.7749
28255,29093,2016-02-22 14:50:00.000000 UTC,24190,30.7673,29.9715
16111,28255,2016-02-08 12:16:40.000000 UTC,5170,30.7676,30.7882
29093,39261,2016-02-01 16:31:40.000000 UTC,11230,30.7681,28.997
29093,39261,2016-02-02 23:31:40.000000 UTC,4810,30.7682,30.7739
39261,29093,2016-02-15 12:00:00.000000 UTC,1930,30.7691,30.7752
29093,28255,2016-02-01 15:35:00.000000 UTC,36790,30.7696,29.2085
29093,16111,2016-02-01 20:35:00.000000 UTC,4030,30.77,30.767
28255,16111,2016-02-19 15:55:00.000000 UTC,1750,30.7705,30.7723
29093,16111,2016-02-01 21:40:00.000000 UTC,4210,30.7707,30.7856
29093,16111,2016-02-02 15:45:00.000000 UTC,3790,30.7707,30.7993
39261,29093,2016-02-13 12:05:00.000000 UTC,58090,30.7711,31.2051
39261,16111,2016-02-13 17:01:40.000000 UTC,5170,30.7713,30.7764
39261,16111,2016-02-14 12:10:00.000000 UTC,5530,30.7713,30.7786
28255,16111,2016-02-19 13:10:00.000000 UTC,5350,30.7716,30.7493
39261,28255,2016-02-13 10:55:00.000000 UTC,47410,30.7719,29.9152
39261,28255,2016-02-17 15:01:40.000000 UTC,5830,30.7721,30.7853
16111,28255,2016-02-06 17:55:00.000000 UTC,39490,30.7725,29.4092
29093,39261,2016-02-01 00:25:00.000000 UTC,4810,30.7726,30.7707
39261,29093,2016-02-17 07:16:40.000000 UTC,14110,30.7734,30.2381
29093,28255,2016-02-01 15:35:00.000000 UTC,5290,30.7739,30.8879
29093,28255,2016-02-02 23:31:40.000000 UTC,1750,30.7739,30.7805
16111,29093,2016-02-10 09:16:40.000000 UTC,4810,30.774,31.1175
29093,28255,2016-02-03 01:10:00.000000 UTC,5290,30.7741,30.7955
28255,16111,2016-02-21 20:16:40.000000 UTC,4810,30.7741,30.7493
16111,28255,2016-02-08 15:25:00.000000 UTC,24310,30.7742,28.8106
39261,28255,2016-02-12 13:55:00.000000 UTC,48190,30.7744,30.1082
29093,39261,2016-02-01 04:45:00.000000 UTC,7690,30.7745,30.423
16111,29093,2016-02-09 06:55:00.000000 UTC,39790,30.7745,30.0414
28255,16111,2016-02-23 00:46:40.000000 UTC,12130,30.7759,27.8477
29093,16111,2016-02-02 06:01:40.000000 UTC,3910,30.7763,30.7872
28255,39261,2016-02-18 10:55:00.000000 UTC,35470,30.7763,29.5497
29093,39261,2016-02-01 01:31:40.000000 UTC,5230,30.7769,30.8164
39261,16111,2016-02-17 09:50:00.000000 UTC,45310,30.7775,30.2208
39261,28255,2016-02-13 12:05:00.000000 UTC,36010,30.778,28.6684
39261,16111,2016-02-18 01:45:00.000000 UTC,18850,30.7792,29.8482
29093,39261,2016-02-01 03:20:00.000000 UTC,5170,30.7808,30.7047
29093,39261,2016-02-01 20:35:00.000000 UTC,4630,30.7809,30.755
16111,28255,2016-02-11 16:20:00.000000 UTC,5290,30.7813,30.8067
16111,29093,2016-02-06 23:20:00.000000 UTC,3550,30.7815,30.7948
16111,39261,2016-02-08 09:15:00.000000 UTC,59950,30.7815,30.2891
16111,28255,2016-02-07 07:16:40.000000 UTC,4930,30.7822,30.8139
28255,39261,2016-02-18 18:16:40.000000 UTC,1510,30.7826,30.8153
39261,16111,2016-02-12 20:45:00.000000 UTC,5050,30.7828,30.7943
29093,28255,2016-02-04 07:10:00.000000 UTC,5530,30.7832,30.796
29093,16111,2016-02-01 03:20:00.000000 UTC,4270,30.7834,30.7733
28255,16111,2016-02-23 19:15:00.000000 UTC,5110,30.7837,30.7787
39261,16111,2016-02-17 04:45:00.000000 UTC,1930,30.7839,30.7999
39261,29093,2016-02-12 12:00:00.000000 UTC,5590,30.7841,30.7726
29093,28255,2016-02-03 21:01:40.000000 UTC,4870,30.7842,30.846
28255,16111,2016-02-19 09:15:00.000000 UTC,9190,30.7842,28.3513
29093,39261,2016-02-05 17:45:00.000000 UTC,4090,30.7844,30.3011
16111,39261,2016-02-08 12:16:40.000000 UTC,42730,30.7845,29.8315
16111,39261,2016-02-09 08:46:40.000000 UTC,4690,30.7851,30.6935
16111,29093,2016-02-08 22:01:40.000000 UTC,17110,30.7854,29.6708
16111,29093,2016-02-09 08:46:40.000000 UTC,4150,30.7854,30.7857
39261,16111,2016-02-16 09:31:40.000000 UTC,5170,30.7855,30.7969
28255,39261,2016-02-19 01:05:00.000000 UTC,1630,30.7857,30.8022
28255,39261,2016-02-18 11:31:40.000000 UTC,1390,30.7859,30.7936
28255,39261,2016-02-20 10:45:00.000000 UTC,6250,30.786,30.7784
39261,16111,2016-02-13 15:45:00.000000 UTC,5410,30.7864,30.7777
28255,16111,2016-02-18 12:10:00.000000 UTC,5350,30.7865,30.767
16111,29093,2016-02-08 23:45:00.000000 UTC,4030,30.7867,30.8021
39261,28255,2016-02-15 10:00:00.000000 UTC,45310,30.7869,30.0052
39261,16111,2016-02-13 07:35:00.000000 UTC,36970,30.7877,30.4882
28255,29093,2016-02-21 11:40:00.000000 UTC,5110,30.7878,30.7934
28255,39261,2016-02-20 02:25:00.000000 UTC,6010,30.788,30.7051
29093,16111,2016-02-01 07:01:40.000000 UTC,4210,30.7885,30.8123
16111,28255,2016-02-08 10:45:00.000000 UTC,48670,30.7887,30.6131
28255,39261,2016-02-22 05:20:00.000000 UTC,370,30.7887,30.7706
16111,39261,2016-02-06 18:45:00.000000 UTC,4990,30.7888,30.7833
29093,39261,2016-02-01 03:20:00.000000 UTC,43690,30.789,29.8801
16111,28255,2016-02-12 00:10:00.000000 UTC,39190,30.789,30.3029
39261,28255,2016-02-15 10:00:00.000000 UTC,45250,30.7891,30.0519
28255,39261,2016-02-21 07:31:40.000000 UTC,22090,30.7893,28.5829
39261,16111,2016-02-12 22:16:40.000000 UTC,23110,30.7901,30.1324
16111,29093,2016-02-07 23:31:40.000000 UTC,4330,30.7908,30.7269
16111,39261,2016-02-06 22:15:00.000000 UTC,5410,30.7911,30.81
16111,28255,2016-02-12 00:10:00.000000 UTC,56590,30.7913,30.2818
28255,39261,2016-02-19 15:55:00.000000 UTC,5890,30.7919,30.7699
29093,16111,2016-02-05 00:50:00.000000 UTC,2410,30.793,29.977
16111,39261,2016-02-06 23:20:00.000000 UTC,30250,30.7938,28.6885
29093,28255,2016-02-05 03:10:00.000000 UTC,4690,30.7947,30.8043
16111,28255,2016-02-07 12:00:00.000000 UTC,17770,30.7948,28.6933
39261,28255,2016-02-17 15:01:40.000000 UTC,5890,30.7957,30.812
29093,16111,2016-02-02 10:01:40.000000 UTC,10090,30.7958,30.744
16111,29093,2016-02-06 19:40:00.000000 UTC,20350,30.7958,30.5754
16111,29093,2016-02-07 18:35:00.000000 UTC,3910,30.7959,30.7783
28255,29093,2016-02-23 16:31:40.000000 UTC,24550,30.796,30.0485
29093,16111,2016-02-02 14:16:40.000000 UTC,3850,30.7966,30.8118
28255,29093,2016-02-18 05:05:00.000000 UTC,4750,30.7969,30.7364
39261,16111,2016-02-12 23:55:00.000000 UTC,32890,30.7972,29.8783
28255,39261,2016-02-19 21:45:00.000000 UTC,6010,30.7974,30.7878
39261,28255,2016-02-15 18:10:00.000000 UTC,51070,30.7975,29.9724
29093,28255,2016-02-01 20:35:00.000000 UTC,5350,30.7979,30.8032
28255,16111,2016-02-21 18:05:00.000000 UTC,5050,30.7981,30.7735
16111,29093,2016-02-10 02:46:40.000000 UTC,4450,30.7983,30.8143
16111,29093,2016-02-11 03:50:00.000000 UTC,4750,30.7987,30.8029
28255,16111,2016-02-19 17:20:00.000000 UTC,4930,30.7987,30.7944
29093,16111,2016-02-03 11:35:00.000000 UTC,4270,30.7989,30.7014
28255,29093,2016-02-19 02:10:00.000000 UTC,5290,30.7999,30.7684
28255,16111,2016-02-20 16:05:00.000000 UTC,5170,30.8,30.7844
39261,29093,2016-02-13 04:30:00.000000 UTC,10330,30.8005,28.3839
39261,29093,2016-02-12 17:25:00.000000 UTC,4930,30.8009,30.6285
28255,29093,2016-02-20 04:01:40.000000 UTC,28630,30.8011,28.8401
39261,29093,2016-02-13 18:20:00.000000 UTC,12790,30.8012,28.1277
29093,39261,2016-02-05 05:31:40.000000 UTC,56470,30.8014,30.5901
39261,16111,2016-02-12 18:40:00.000000 UTC,5350,30.8014,30.8
29093,39261,2016-02-02 06:01:40.000000 UTC,5590,30.8024,30.8083
29093,39261,2016-02-01 19:31:40.000000 UTC,20770,30.8026,25.091
16111,39261,2016-02-06 23:20:00.000000 UTC,5530,30.8027,30.7953
16111,28255,2016-02-07 02:31:40.000000 UTC,51190,30.8027,29.0681
29093,28255,2016-02-04 03:01:40.000000 UTC,5290,30.8028,30.83
16111,29093,2016-02-07 15:10:00.000000 UTC,9670,30.8031,30.7564
29093,28255,2016-02-01 18:30:00.000000 UTC,23230,30.8033,28.528
29093,39261,2016-02-01 05:16:40.000000 UTC,49870,30.804,30.6019
29093,16111,2016-02-02 21:55:00.000000 UTC,790,30.804,30.7172
39261,28255,2016-02-17 12:25:00.000000 UTC,1810,30.8044,30.7057
29093,28255,2016-02-06 12:01:40.000000 UTC,5110,30.8046,30.8162
29093,28255,2016-02-01 18:30:00.000000 UTC,5290,30.805,30.8086
39261,29093,2016-02-14 17:15:00.000000 UTC,4990,30.8051,30.7998
39261,29093,2016-02-12 16:50:00.000000 UTC,5110,30.8054,30.7915
28255,39261,2016-02-19 09:15:00.000000 UTC,5830,30.8055,30.7746
28255,29093,2016-02-20 10:45:00.000000 UTC,4810,30.8064,30.789
39261,16111,2016-02-13 00:46:40.000000 UTC,4870,30.8067,30.7645
29093,16111,2016-02-02 02:16:40.000000 UTC,28210,30.807,29.4626
39261,16111,2016-02-17 23:01:40.000000 UTC,17770,30.807,28.7355
28255,39261,2016-02-18 23:00:00.000000 UTC,6130,30.807,30.7115
28255,29093,2016-02-18 10:55:00.000000 UTC,27670,30.8082,29.02
16111,29093,2016-02-08 00:50:00.000000 UTC,4570,30.8083,30.6932
28255,29093,2016-02-20 09:01:40.000000 UTC,12250,30.8084,30.1768
28255,29093,2016-02-22 14:50:00.000000 UTC,5350,30.8087,30.7848
28255,39261,2016-02-18 23:00:00.000000 UTC,6070,30.8093,30.7348
16111,29093,2016-02-07 06:25:00.000000 UTC,22090,30.8099,28.6879
16111,28255,2016-02-07 05:35:00.000000 UTC,5170,30.8101,30.8559
39261,29093,2016-02-12 20:01:40.000000 UTC,56890,30.811,30.105
29093,28255,2016-02-04 11:25:00.000000 UTC,31150,30.8111,29.2189
28255,29093,2016-02-20 07:20:00.000000 UTC,5110,30.8112,30.8004
29093,28255,2016-02-01 11:16:40.000000 UTC,4570,30.8115,30.7938
28255,39261,2016-02-18 17:25:00.000000 UTC,30490,30.8115,29.3847
29093,16111,2016-02-01 14:40:00.000000 UTC,4090,30.8117,30.823
16111,29093,2016-02-09 01:30:00.000000 UTC,4090,30.812,30.8143
16111,29093,2016-02-07 07:16:40.000000 UTC,26470,30.8122,30.6036
39261,16111,2016-02-14 13:50:00.000000 UTC,5350,30.8123,30.8083
28255,39261,2016-02-19 06:46:40.000000 UTC,5830,30.8125,30.7953
29093,28255,2016-02-06 14:45:00.000000 UTC,5470,30.8127,30.8441
39261,29093,2016-02-12 12:31:40.000000 UTC,28690,30.8129,28.6517
39261,16111,2016-02-12 11:35:00.000000 UTC,14410,30.8132,30.2139
29093,39261,2016-02-02 23:31:40.000000 UTC,4870,30.8139,30.824
39261,29093,2016-02-13 13:16:40.000000 UTC,5470,30.8145,30.8076
16111,29093,2016-02-08 04:55:00.000000 UTC,3850,30.8147,30.8414
16111,39261,2016-02-07 06:25:00.000000 UTC,51850,30.8149,30.7721
16111,39261,2016-02-06 17:55:00.000000 UTC,13270,30.8156,28.0259
29093,16111,2016-02-01 01:15:00.000000 UTC,4450,30.8161,30.8072
29093,16111,2016-02-01 12:05:00.000000 UTC,4330,30.8161,30.8308
16111,28255,2016-02-06 18:05:00.000000 UTC,19450,30.8162,28.7577
16111,39261,2016-02-11 03:50:00.000000 UTC,4990,30.8163,30.8775
16111,28255,2016-02-07 13:01:40.000000 UTC,32170,30.8167,29.1839
28255,16111,2016-02-18 17:25:00.000000 UTC,4870,30.8169,30.8011
29093,39261,2016-02-03 21:01:40.000000 UTC,5590,30.8171,30.678
28255,39261,2016-02-19 10:31:40.000000 UTC,5830,30.8172,30.784
39261,29093,2016-02-13 14:30:00.000000 UTC,1810,30.8178,30.8176
28255,29093,2016-02-18 12:10:00.000000 UTC,3190,30.818,30.0919
16111,28255,2016-02-09 10:40:00.000000 UTC,5110,30.8182,30.8592
28255,39261,2016-02-18 17:25:00.000000 UTC,5470,30.8185,30.6604
16111,28255,2016-02-09 08:46:40.000000 UTC,5590,30.8188,30.8379
39261,28255,2016-02-12 17:25:00.000000 UTC,28450,30.8192,28.3032
39261,28255,2016-02-16 09:31:40.000000 UTC,6430,30.8192,30.8399
16111,29093,2016-02-12 02:50:00.000000 UTC,4990,30.8194,30.8136
39261,29093,2016-02-12 15:45:00.000000 UTC,5290,30.8194,30.8096
16111,29093,2016-02-08 15:25:00.000000 UTC,4030,30.8195,30.829
28255,39261,2016-02-18 13:31:40.000000 UTC,5710,30.8197,30.5989
39261,29093,2016-02-12 12:50:00.000000 UTC,5590,30.8198,30.8139
29093,16111,2016-02-03 09:46:40.000000 UTC,25570,30.82,29.5935
39261,28255,2016-02-15 12:00:00.000000 UTC,21130,30.8208,29.8651
39261,28255,2016-02-12 23:05:00.000000 UTC,15670,30.821,26.0085
28255,16111,2016-02-19 13:10:00.000000 UTC,5410,30.8211,30.823
29093,39261,2016-02-01 00:25:00.000000 UTC,4870,30.822,30.8239
39261,29093,2016-02-17 09:50:00.000000 UTC,58630,30.8222,30.6602
16111,39261,2016-02-10 11:30:00.000000 UTC,5470,30.8225,30.8334
29093,39261,2016-02-04 22:31:40.000000 UTC,4810,30.8226,30.7563
28255,39261,2016-02-19 15:55:00.000000 UTC,5950,30.8228,30.8063
16111,28255,2016-02-07 22:15:00.000000 UTC,22570,30.8231,28.9269
28255,39261,2016-02-20 05:40:00.000000 UTC,6190,30.8233,30.8092
39261,28255,2016-02-12 16:16:40.000000 UTC,1390,30.8235,30.8351
28255,29093,2016-02-21 13:46:40.000000 UTC,11410,30.8238,30.63
16111,39261,2016-02-11 01:25:00.000000 UTC,4630,30.8239,30.6976
39261,28255,2016-02-17 07:16:40.000000 UTC,6010,30.8248,30.7823
29093,39261,2016-02-01 22:46:40.000000 UTC,11470,30.8251,30.6274
16111,28255,2016-02-11 13:46:40.000000 UTC,5170,30.8257,30.8435
28255,39261,2016-02-18 04:55:00.000000 UTC,1270,30.8266,30.7619
16111,39261,2016-02-11 08:45:00.000000 UTC,5410,30.8275,30.8302
39261,16111,2016-02-14 08:55:00.000000 UTC,42250,30.8275,29.8912
28255,16111,2016-02-20 04:01:40.000000 UTC,14350,30.8276,29.923
39261,29093,2016-02-17 04:45:00.000000 UTC,18670,30.828,28.4137
39261,16111,2016-02-14 12:10:00.000000 UTC,24610,30.8283,29.7897
28255,39261,2016-02-18 06:20:00.000000 UTC,29050,30.8286,29.2751
39261,29093,2016-02-12 16:50:00.000000 UTC,5290,30.8287,30.9149
16111,39261,2016-02-06 21:16:40.000000 UTC,5230,30.8295,30.8445
16111,39261,2016-02-08 13:50:00.000000 UTC,54970,30.8303,30.5832
39261,29093,2016-02-14 12:10:00.000000 UTC,5530,30.831,30.8395
16111,29093,2016-02-06 19:40:00.000000 UTC,15310,30.8314,30.3872
16111,28255,2016-02-08 22:01:40.000000 UTC,51790,30.8318,29.948
29093,39261,2016-02-05 20:16:40.000000 UTC,5230,30.8326,30.8353
29093,16111,2016-02-01 10:30:00.000000 UTC,4330,30.833,30.8222
39261,29093,2016-02-16 11:50:00.000000 UTC,5530,30.8337,30.8279
39261,29093,2016-02-16 18:55:00.000000 UTC,4810,30.834,30.822
39261,29093,2016-02-15 18:10:00.000000 UTC,10870,30.8341,30.5975
29093,39261,2016-02-04 18:00:00.000000 UTC,53350,30.8345,30.7691
16111,28255,2016-02-07 07:16:40.000000 UTC,5410,30.8347,30.9833
39261,16111,2016-02-14 12:10:00.000000 UTC,41230,30.8348,30.1415
28255,39261,2016-02-19 01:05:00.000000 UTC,5890,30.8348,30.7704
28255,16111,2016-02-22 19:45:00.000000 UTC,1210,30.8351,34.3635
29093,39261,2016-02-05 15:15:00.000000 UTC,57670,30.8352,30.3563
16111,39261,2016-02-07 15:10:00.000000 UTC,4870,30.8355,30.7734
16111,29093,2016-02-09 20:31:40.000000 UTC,4390,30.8362,30.8281
29093,16111,2016-02-02 15:45:00.000000 UTC,3850,30.8367,30.8547
28255,39261,2016-02-19 00:01:40.000000 UTC,5830,30.8369,30.783
29093,28255,2016-02-01 16:31:40.000000 UTC,4930,30.8373,30.7872
39261,28255,2016-02-17 12:25:00.000000 UTC,6430,30.8375,30.9073
16111,29093,2016-02-08 17:01:40.000000 UTC,4030,30.8376,30.8252
28255,29093,2016-02-19 05:35:00.000000 UTC,1570,30.8377,30.8266
39261,28255,2016-02-12 22:16:40.000000 UTC,1270,30.8383,30.8552
29093,39261,2016-02-03 08:00:00.000000 UTC,15490,30.8392,28.3853
16111,29093,2016-02-07 08:10:00.000000 UTC,9670,30.8396,30.6507
28255,29093,2016-02-19 02:10:00.000000 UTC,5350,30.8406,30.8252
29093,28255,2016-02-04 03:01:40.000000 UTC,5350,30.8407,30.8777
16111,39261,2016-02-06 17:30:00.000000 UTC,54430,30.8413,30.6332
39261,28255,2016-02-13 08:40:00.000000 UTC,47470,30.8414,30.0282
28255,16111,2016-02-20 19:46:40.000000 UTC,7330,30.8419,27.3962
29093,39261,2016-02-02 20:20:00.000000 UTC,10990,30.8423,30.5523
39261,16111,2016-02-15 10:00:00.000000 UTC,22510,30.8427,28.2361
29093,39261,2016-02-01 19:31:40.000000 UTC,4690,30.8429,30.593
29093,28255,2016-02-03 04:31:40.000000 UTC,19510,30.8432,30.7356
39261,29093,2016-02-12 13:55:00.000000 UTC,18610,30.8434,30.2304
28255,39261,2016-02-19 02:10:00.000000 UTC,5890,30.8434,30.8027
16111,39261,2016-02-08 18:40:00.000000 UTC,5650,30.8437,30.8564
39261,29093,2016-02-12 16:50:00.000000 UTC,5170,30.8437,30.8376
28255,39261,2016-02-19 10:31:40.000000 UTC,5890,30.8437,30.8146
29093,39261,2016-02-01 04:15:00.000000 UTC,5530,30.8449,30.8341
29093,28255,2016-02-01 18:30:00.000000 UTC,5350,30.8449,30.8563
16111,28255,2016-02-09 06:55:00.000000 UTC,4750,30.8449,30.852
39261,28255,2016-02-13 06:31:40.000000 UTC,36130,30.8449,28.8834
29093,39261,2016-02-02 04:45:00.000000 UTC,5410,30.8452,30.8578
16111,29093,2016-02-11 01:25:00.000000 UTC,4690,30.8455,30.8489
39261,29093,2016-02-12 23:55:00.000000 UTC,31870,30.8455,29.277
29093,16111,2016-02-02 23:31:40.000000 UTC,20950,30.846,30.7787
16111,28255,2016-02-07 04:46:40.000000 UTC,4750,30.846,30.8435
16111,39261,2016-02-07 00:31:40.000000 UTC,44830,30.8461,29.5635
16111,29093,2016-02-09 12:35:00.000000 UTC,4270,30.8462,30.8249
39261,28255,2016-02-12 11:46:40.000000 UTC,4990,30.8467,30.3387
39261,16111,2016-02-12 22:16:40.000000 UTC,4930,30.8468,30.8323
28255,16111,2016-02-21 18:05:00.000000 UTC,5110,30.8473,30.8369
16111,29093,2016-02-07 19:46:40.000000 UTC,4270,30.8476,30.501
29093,39261,2016-02-01 18:30:00.000000 UTC,12190,30.8477,27.6511
29093,28255,2016-02-01 20:35:00.000000 UTC,5410,30.8477,30.8697
16111,29093,2016-02-08 03:31:40.000000 UTC,9910,30.8477,30.8581
39261,28255,2016-02-12 12:50:00.000000 UTC,5290,30.8479,30.5639
16111,29093,2016-02-10 07:05:00.000000 UTC,1450,30.8481,30.841
16111,39261,2016-02-07 16:16:40.000000 UTC,1450,30.8482,30.8567
29093,16111,2016-02-02 03:30:00.000000 UTC,44830,30.8504,30.0602
29093,28255,2016-02-05 07:55:00.000000 UTC,5170,30.8504,30.8598
16111,28255,2016-02-11 08:45:00.000000 UTC,12430,30.8504,29.0178
39261,16111,2016-02-12 12:50:00.000000 UTC,18790,30.8506,29.3969
29093,16111,2016-02-01 03:20:00.000000 UTC,4330,30.8516,30.8508
28255,29093,2016-02-20 10:45:00.000000 UTC,4870,30.8516,30.8379
16111,39261,2016-02-09 10:40:00.000000 UTC,12250,30.8528,30.58
16111,39261,2016-02-06 17:31:40.000000 UTC,4990,30.8529,30.8725
39261,28255,2016-02-12 11:01:40.000000 UTC,31270,30.853,28.2266
16111,29093,2016-02-10 00:40:00.000000 UTC,4390,30.8535,30.8711
16111,29093,2016-02-08 23:45:00.000000 UTC,4090,30.854,30.8674
16111,28255,2016-02-06 17:55:00.000000 UTC,45190,30.8541,30.0487
39261,16111,2016-02-12 22:16:40.000000 UTC,5110,30.8541,30.9533
39261,29093,2016-02-13 12:05:00.000000 UTC,17230,30.8541,28.0602
39261,28255,2016-02-17 15:01:40.000000 UTC,6610,30.8543,30.8086
28255,39261,2016-02-19 00:01:40.000000 UTC,5890,30.8549,30.7901
28255,29093,2016-02-19 09:15:00.000000 UTC,21430,30.855,29.541
28255,39261,2016-02-19 00:01:40.000000 UTC,5770,30.8551,30.7703
29093,39261,2016-02-05 05:31:40.000000 UTC,1870,30.8554,30.8789
29093,28255,2016-02-06 12:01:40.000000 UTC,5170,30.8555,30.8819
28255,16111,2016-02-19 11:50:00.000000 UTC,5590,30.8556,30.8592
16111,39261,2016-02-11 03:50:00.000000 UTC,5050,30.856,30.8962
29093,16111,2016-02-02 17:15:00.000000 UTC,4930,30.8561,30.6459
28255,39261,2016-02-19 02:10:00.000000 UTC,5950,30.8567,30.8112
39261,29093,2016-02-12 20:01:40.000000 UTC,4810,30.8569,30.7497
29093,39261,2016-02-01 02:55:00.000000 UTC,2530,30.857,26.18
16111,29093,2016-02-09 08:46:40.000000 UTC,4210,30.857,30.8603
16111,28255,2016-02-09 14:31:40.000000 UTC,6430,30.857,31.4813
28255,16111,2016-02-18 05:05:00.000000 UTC,13030,30.8572,28.595
28255,29093,2016-02-18 05:05:00.000000 UTC,45490,30.8586,29.9774
39261,29093,2016-02-15 12:00:00.000000 UTC,7030,30.8591,30.7934
39261,16111,2016-02-14 13:50:00.000000 UTC,5410,30.8593,30.8682
29093,16111,2016-02-01 12:55:00.000000 UTC,4150,30.8595,30.8553
16111,39261,2016-02-07 13:01:40.000000 UTC,10750,30.8597,30.5972
39261,28255,2016-02-16 21:20:00.000000 UTC,6250,30.8598,30.8687
16111,29093,2016-02-07 05:35:00.000000 UTC,3730,30.86,30.8475
39261,28255,2016-02-17 02:15:00.000000 UTC,6790,30.8602,31.003
28255,29093,2016-02-18 07:01:40.000000 UTC,4630,30.8602,30.8151
39261,29093,2016-02-16 14:10:00.000000 UTC,5230,30.8603,30.8522
28255,39261,2016-02-20 12:30:00.000000 UTC,6370,30.8606,30.8568
28255,16111,2016-02-18 12:50:00.000000 UTC,5350,30.8608,30.8426
16111,39261,2016-02-06 17:40:00.000000 UTC,1270,30.8611,30.874
29093,16111,2016-02-02 08:40:00.000000 UTC,4210,30.8615,30.8619
28255,39261,2016-02-19 01:05:00.000000 UTC,5950,30.8617,30.7742
28255,39261,2016-02-19 10:31:40.000000 UTC,55390,30.8618,30.5596
28255,39261,2016-02-19 17:20:00.000000 UTC,6010,30.8621,30.8419
28255,29093,2016-02-22 12:25:00.000000 UTC,19810,30.8622,28.1477
16111,39261,2016-02-07 19:46:40.000000 UTC,5530,30.8623,30.8759
16111,39261,2016-02-06 20:50:00.000000 UTC,1630,30.8625,30.9935
28255,39261,2016-02-19 23:16:40.000000 UTC,6130,30.8627,30.851
29093,39261,2016-02-03 06:15:00.000000 UTC,1870,30.8631,30.8937
39261,29093,2016-02-12 15:45:00.000000 UTC,5350,30.8631,30.8616
28255,16111,2016-02-18 17:25:00.000000 UTC,4930,30.8639,30.8487
16111,39261,2016-02-09 01:30:00.000000 UTC,2110,30.8643,28.4296
16111,39261,2016-02-07 18:35:00.000000 UTC,5230,30.8661,30.7847
16111,28255,2016-02-10 16:01:40.000000 UTC,5530,30.8662,30.8766
28255,39261,2016-02-19 02:10:00.000000 UTC,6010,30.8668,30.8155
39261,28255,2016-02-17 12:25:00.000000 UTC,6190,30.8672,30.8917
16111,29093,2016-02-09 01:30:00.000000 UTC,4330,30.8676,31.0067
16111,29093,2016-02-07 10:01:40.000000 UTC,4270,30.868,30.7452
39261,28255,2016-02-16 16:31:40.000000 UTC,6250,30.8681,30.8706
29093,16111,2016-02-01 12:05:00.000000 UTC,4270,30.8685,30.7718
16111,28255,2016-02-07 04:46:40.000000 UTC,4810,30.8689,30.858
16111,29093,2016-02-07 04:00:00.000000 UTC,3910,30.8694,30.816
16111,28255,2016-02-08 20:20:00.000000 UTC,56890,30.8694,30.7834
16111,28255,2016-02-07 15:10:00.000000 UTC,15130,30.8697,28.3494
28255,29093,2016-02-18 20:05:00.000000 UTC,42130,30.8698,30.4683
29093,16111,2016-02-01 01:31:40.000000 UTC,1330,30.87,30.8436
39261,16111,2016-02-15 10:00:00.000000 UTC,5530,30.8703,30.8677
28255,16111,2016-02-23 22:00:00.000000 UTC,4930,30.8707,30.8386
16111,28255,2016-02-07 07:16:40.000000 UTC,5350,30.8718,30.9841
29093,16111,2016-02-01 01:15:00.000000 UTC,4510,30.8724,30.8682
29093,39261,2016-02-01 01:50:00.000000 UTC,5110,30.8724,30.8563
29093,39261,2016-02-04 05:05:00.000000 UTC,5590,30.8724,30.885
29093,39261,2016-02-01 00:05:00.000000 UTC,5950,30.8726,30.8083
39261,16111,2016-02-13 15:45:00.000000 UTC,24850,30.8731,28.7305
39261,16111,2016-02-17 07:16:40.000000 UTC,1630,30.874,31.0781
16111,39261,2016-02-09 08:46:40.000000 UTC,5230,30.8744,30.8413
29093,16111,2016-02-01 11:16:40.000000 UTC,1210,30.8745,30.8489
28255,39261,2016-02-18 05:05:00.000000 UTC,1270,30.8745,30.8319
28255,39261,2016-02-19 17:20:00.000000 UTC,1810,30.8751,30.8579
39261,28255,2016-02-16 14:10:00.000000 UTC,6370,30.8758,30.8668
16111,29093,2016-02-08 12:16:40.000000 UTC,32770,30.8763,30.7364
29093,16111,2016-02-01 02:31:40.000000 UTC,4390,30.8764,30.8686
16111,39261,2016-02-09 10:40:00.000000 UTC,24790,30.8764,29.9562
39261,16111,2016-02-16 11:50:00.000000 UTC,32830,30.8767,29.2657
28255,29093,2016-02-20 12:30:00.000000 UTC,11350,30.8769,29.9133
16111,39261,2016-02-08 18:40:00.000000 UTC,1930,30.8776,30.8906
28255,29093,2016-02-23 19:15:00.000000 UTC,5350,30.8783,30.8602
39261,29093,2016-02-17 12:25:00.000000 UTC,5410,30.8787,30.8737
29093,28255,2016-02-02 20:20:00.000000 UTC,1450,30.8788,30.883
16111,28255,2016-02-09 14:31:40.000000 UTC,5410,30.8789,30.9077
28255,16111,2016-02-18 20:05:00.000000 UTC,4810,30.8796,30.809
28255,29093,2016-02-22 22:15:00.000000 UTC,4810,30.8796,30.823
16111,39261,2016-02-06 23:20:00.000000 UTC,2470,30.8797,29.1735
28255,39261,2016-02-21 15:55:00.000000 UTC,32950,30.88,29.6404
29093,16111,2016-02-01 00:05:00.000000 UTC,15250,30.8802,27.9564
16111,28255,2016-02-07 01:50:00.000000 UTC,790,30.8803,30.9378
39261,16111,2016-02-12 11:16:40.000000 UTC,2410,30.8805,29.393
39261,29093,2016-02-12 11:46:40.000000 UTC,5710,30.8811,30.8873
28255,16111,2016-02-21 13:46:40.000000 UTC,5590,30.8811,30.8752
39261,29093,2016-02-14 08:55:00.000000 UTC,31390,30.8812,29.1044
16111,39261,2016-02-06 21:45:00.000000 UTC,5410,30.8816,30.8736
39261,16111,2016-02-14 07:20:00.000000 UTC,9610,30.8816,28.5454
29093,39261,2016-02-01 04:15:00.000000 UTC,5590,30.8831,30.8823
29093,39261,2016-02-03 08:00:00.000000 UTC,24790,30.8836,27.9514
16111,28255,2016-02-10 11:30:00.000000 UTC,48670,30.8838,30.0993
39261,16111,2016-02-12 12:31:40.000000 UTC,59290,30.8849,30.761
16111,39261,2016-02-06 19:40:00.000000 UTC,5110,30.8852,30.8916
39261,16111,2016-02-15 12:00:00.000000 UTC,5230,30.8855,30.8764
16111,39261,2016-02-09 12:35:00.000000 UTC,5230,30.8859,30.8707
39261,29093,2016-02-13 10:55:00.000000 UTC,17710,30.887,28.7514
28255,16111,2016-02-23 08:31:40.000000 UTC,54130,30.8874,30.6817
29093,28255,2016-02-01 04:15:00.000000 UTC,45490,30.8875,30.4966
28255,29093,2016-02-19 01:05:00.000000 UTC,5470,30.8878,30.8786
16111,29093,2016-02-09 18:30:00.000000 UTC,4330,30.8879,30.8836
39261,28255,2016-02-16 21:20:00.000000 UTC,6310,30.8879,30.9072
28255,39261,2016-02-19 17:20:00.000000 UTC,6070,30.8883,30.8735
29093,39261,2016-02-01 05:50:00.000000 UTC,1870,30.8884,30.9176
39261,29093,2016-02-13 12:05:00.000000 UTC,5710,30.8886,30.8915
16111,29093,2016-02-07 05:35:00.000000 UTC,3910,30.8888,30.774
28255,16111,2016-02-18 05:16:40.000000 UTC,18910,30.8891,29.3975
16111,29093,2016-02-07 00:31:40.000000 UTC,9430,30.8892,30.5386
29093,16111,2016-02-05 10:20:00.000000 UTC,2770,30.8893,30.4813
16111,39261,2016-02-09 08:46:40.000000 UTC,42250,30.8893,30.2357
39261,16111,2016-02-12 22:16:40.000000 UTC,4990,30.8894,30.8778
28255,29093,2016-02-23 05:55:00.000000 UTC,19510,30.8896,28.6902
29093,16111,2016-02-05 15:15:00.000000 UTC,42430,30.8897,30.5259
16111,39261,2016-02-07 15:10:00.000000 UTC,5890,30.8898,30.779
29093,28255,2016-02-01 21:40:00.000000 UTC,5290,30.8899,30.4877
29093,39261,2016-02-04 03:01:40.000000 UTC,5590,30.8904,30.8936
29093,16111,2016-02-06 06:40:00.000000 UTC,23530,30.8904,28.9096
16111,29093,2016-02-09 20:31:40.000000 UTC,4450,30.891,30.8888
28255,16111,2016-02-19 02:10:00.000000 UTC,31510,30.8916,30.096
29093,16111,2016-02-02 20:20:00.000000 UTC,48130,30.8917,29.9549
16111,29093,2016-02-07 02:31:40.000000 UTC,54070,30.8918,31.3049
39261,16111,2016-02-18 01:45:00.000000 UTC,5530,30.892,30.8915
29093,28255,2016-02-04 05:05:00.000000 UTC,5350,30.8922,30.8922
29093,16111,2016-02-02 02:16:40.000000 UTC,1030,30.8923,30.8761
29093,16111,2016-02-04 03:01:40.000000 UTC,31150,30.8923,30.291
39261,28255,2016-02-16 23:46:40.000000 UTC,6130,30.8926,30.9102
29093,39261,2016-02-03 02:50:00.000000 UTC,5350,30.8932,30.9027
28255,29093,2016-02-20 10:45:00.000000 UTC,4930,30.8934,30.8809
28255,39261,2016-02-20 00:50:00.000000 UTC,6190,30.8935,30.8723
28255,39261,2016-02-20 07:20:00.000000 UTC,6310,30.8938,30.8803
29093,39261,2016-02-02 01:05:00.000000 UTC,18130,30.894,30.6177
16111,39261,2016-02-09 18:30:00.000000 UTC,31750,30.8945,29.7815
16111,39261,2016-02-06 17:35:00.000000 UTC,4990,30.8947,30.8772
29093,16111,2016-02-01 00:25:00.000000 UTC,4090,30.895,30.5344
28255,16111,2016-02-19 00:01:40.000000 UTC,790,30.8954,30.9255
29093,39261,2016-02-01 05:16:40.000000 UTC,5470,30.8956,30.9125
29093,39261,2016-02-05 10:20:00.000000 UTC,14170,30.8961,29.4921
39261,16111,2016-02-12 19:20:00.000000 UTC,5350,30.8964,30.8925
28255,16111,2016-02-21 15:55:00.000000 UTC,5350,30.897,30.8936
39261,28255,2016-02-12 11:10:00.000000 UTC,59950,30.8975,30.7177
39261,16111,2016-02-16 23:46:40.000000 UTC,42490,30.8975,29.9281
28255,16111,2016-02-22 22:15:00.000000 UTC,22690,30.8979,30.0448
39261,16111,2016-02-13 21:01:40.000000 UTC,5110,30.8983,30.8674
29093,16111,2016-02-01 11:16:40.000000 UTC,4210,30.8984,30.8798
29093,28255,2016-02-05 07:55:00.000000 UTC,5230,30.8986,30.9226
28255,29093,2016-02-20 04:01:40.000000 UTC,30190,30.8988,30.0213
39261,29093,2016-02-16 14:10:00.000000 UTC,7930,30.8989,27.6317
39261,16111,2016-02-15 20:16:40.000000 UTC,14290,30.899,28.585
28255,39261,2016-02-23 19:15:00.000000 UTC,28150,30.8993,27.9739
29093,28255,2016-02-01 00:05:00.000000 UTC,19810,30.8996,29.5408
29093,28255,2016-02-01 12:55:00.000000 UTC,58330,30.8996,30.5479
16111,29093,2016-02-07 10:01:40.000000 UTC,4090,30.9001,30.8358
16111,29093,2016-02-09 16:30:00.000000 UTC,4270,30.9007,30.8036
29093,16111,2016-02-02 10:01:40.000000 UTC,4270,30.9009,30.879
16111,28255,2016-02-10 13:45:00.000000 UTC,5230,30.9009,30.9119
16111,29093,2016-02-10 16:01:40.000000 UTC,21670,30.9011,28.7637
39261,29093,2016-02-12 13:31:40.000000 UTC,5530,30.9012,30.8894
28255,39261,2016-02-20 14:16:40.000000 UTC,6430,30.9015,30.8872
16111,29093,2016-02-07 19:46:40.000000 UTC,31570,30.9026,29.8015
29093,28255,2016-02-01 00:05:00.000000 UTC,39190,30.9032,29.8605
16111,29093,2016-02-06 17:35:00.000000 UTC,59230,30.9033,30.9114
16111,28255,2016-02-07 19:46:40.000000 UTC,45190,30.9036,30.3311
39261,28255,2016-02-16 11:50:00.000000 UTC,6310,30.9041,30.919
39261,28255,2016-02-13 10:55:00.000000 UTC,1030,30.9043,30.9166
39261,28255,2016-02-13 21:01:40.000000 UTC,46930,30.9043,29.9677
39261,29093,2016-02-12 15:45:00.000000 UTC,5410,30.9048,30.9095
39261,16111,2016-02-12 12:31:40.000000 UTC,14290,30.9053,30.77
39261,28255,2016-02-14 20:46:40.000000 UTC,51850,30.9055,30.2363
16111,39261,2016-02-06 18:16:40.000000 UTC,11890,30.9059,30.6214
29093,28255,2016-02-03 02:50:00.000000 UTC,5590,30.9061,30.9371
29093,39261,2016-02-01 09:45:00.000000 UTC,9670,30.9064,28.4698
29093,16111,2016-02-01 20:35:00.000000 UTC,4150,30.9066,30.9024
29093,16111,2016-02-01 02:31:40.000000 UTC,1330,30.9069,30.8716
39261,28255,2016-02-13 22:25:00.000000 UTC,58570,30.9072,30.5469
39261,16111,2016-02-12 20:01:40.000000 UTC,5350,30.9073,30.8953
39261,28255,2016-02-13 18:20:00.000000 UTC,27190,30.9074,27.6734
39261,29093,2016-02-12 14:46:40.000000 UTC,5410,30.9078,30.9025
29093,16111,2016-02-01 19:31:40.000000 UTC,32650,30.9081,30.5449
39261,16111,2016-02-14 10:31:40.000000 UTC,42070,30.9082,29.3975
16111,29093,2016-02-06 20:25:00.000000 UTC,27130,30.9085,29.4942
28255,39261,2016-02-20 10:45:00.000000 UTC,8350,30.909,30.4825
39261,29093,2016-02-12 13:10:00.000000 UTC,5530,30.9091,30.8411
28255,16111,2016-02-21 22:30:00.000000 UTC,21130,30.9098,29.0729
28255,16111,2016-02-20 19:46:40.000000 UTC,26770,30.9099,28.013
39261,29093,2016-02-14 13:50:00.000000 UTC,5410,30.91,30.9033
39261,28255,2016-02-16 09:31:40.000000 UTC,44470,30.9102,29.8188
16111,28255,2016-02-07 05:35:00.000000 UTC,59770,30.9108,30.5918
39261,16111,2016-02-18 04:30:00.000000 UTC,5230,30.911,30.8935
39261,29093,2016-02-12 19:20:00.000000 UTC,4990,30.9113,30.8614
39261,29093,2016-02-12 13:55:00.000000 UTC,5230,30.912,30.556
28255,16111,2016-02-22 07:40:00.000000 UTC,25210,30.912,29.9275
28255,39261,2016-02-19 17:20:00.000000 UTC,6130,30.9126,30.9013
29093,28255,2016-02-01 00:01:40.000000 UTC,44950,30.9132,30.2862
28255,29093,2016-02-22 14:50:00.000000 UTC,5410,30.9142,30.8421
39261,29093,2016-02-13 13:16:40.000000 UTC,25090,30.9148,28.5875
16111,39261,2016-02-07 13:01:40.000000 UTC,4930,30.9154,30.7572
39261,28255,2016-02-12 11:00:00.000000 UTC,11830,30.9154,30.3492
28255,39261,2016-02-18 05:16:40.000000 UTC,1270,30.9158,30.8966
16111,39261,2016-02-12 08:15:00.000000 UTC,1810,30.916,30.9799
39261,16111,2016-02-15 10:00:00.000000 UTC,5590,30.9161,30.9286
16111,39261,2016-02-06 19:20:00.000000 UTC,30910,30.9163,29.8968
29093,16111,2016-02-01 03:20:00.000000 UTC,4390,30.9164,30.9224
39261,16111,2016-02-12 12:00:00.000000 UTC,130,30.9173,31.7291
28255,16111,2016-02-18 15:00:00.000000 UTC,5170,30.9178,30.9087
39261,28255,2016-02-16 23:46:40.000000 UTC,6190,30.9179,30.9472
28255,39261,2016-02-19 09:15:00.000000 UTC,6490,30.9179,30.8135
29093,16111,2016-02-02 11:25:00.000000 UTC,4270,30.918,30.9257
28255,39261,2016-02-18 05:30:00.000000 UTC,1270,30.9187,30.9376
29093,39261,2016-02-01 01:50:00.000000 UTC,5170,30.9188,30.9082
28255,16111,2016-02-19 15:55:00.000000 UTC,5170,30.9193,30.9014
39261,29093,2016-02-12 11:16:40.000000 UTC,42190,30.9195,29.6481
16111,39261,2016-02-07 17:25:00.000000 UTC,37090,30.9209,30.0503
16111,28255,2016-02-12 00:10:00.000000 UTC,57370,30.921,30.3785
39261,16111,2016-02-13 14:30:00.000000 UTC,5710,30.9211,30.9332
39261,29093,2016-02-15 12:00:00.000000 UTC,5590,30.9215,30.9065
16111,28255,2016-02-08 10:45:00.000000 UTC,5170,30.9222,30.9468
39261,16111,2016-02-15 08:01:40.000000 UTC,5830,30.9225,30.9266
16111,39261,2016-02-08 10:45:00.000000 UTC,23530,30.9229,30.3758
28255,39261,2016-02-19 02:10:00.000000 UTC,30610,30.9229,30.129
39261,28255,2016-02-12 22:16:40.000000 UTC,4270,30.9233,29.8609
16111,39261,2016-02-06 19:40:00.000000 UTC,5170,30.9238,30.9352
29093,39261,2016-02-01 20:35:00.000000 UTC,4990,30.9248,30.7087
39261,16111,2016-02-12 13:55:00.000000 UTC,9310,30.9248,28.6061
29093,16111,2016-02-01 02:10:00.000000 UTC,39730,30.9253,30.2778
39261,16111,2016-02-17 04:45:00.000000 UTC,5470,30.9258,30.9351
29093,16111,2016-02-02 03:30:00.000000 UTC,39370,30.9261,29.6265
29093,16111,2016-02-01 12:55:00.000000 UTC,4210,30.9264,30.9261
29093,39261,2016-02-01 02:10:00.000000 UTC,29230,30.927,28.4675
39261,28255,2016-02-12 11:46:40.000000 UTC,1450,30.9272,30.9503
28255,29093,2016-02-23 19:15:00.000000 UTC,5410,30.9272,30.9205
28255,39261,2016-02-19 18:46:40.000000 UTC,6130,30.9279,30.9027
39261,16111,2016-02-14 08:55:00.000000 UTC,29350,30.9283,28.9158
39261,28255,2016-02-12 18:01:40.000000 UTC,48670,30.9284,28.999
39261,16111,2016-02-14 10:31:40.000000 UTC,9610,30.9285,25.0496
28255,16111,2016-02-22 19:45:00.000000 UTC,33430,30.9291,29.6368
39261,16111,2016-02-15 12:00:00.000000 UTC,5290,30.9295,30.9309
29093,39261,2016-02-04 03:01:40.000000 UTC,5650,30.9307,30.9429
16111,29093,2016-02-10 13:45:00.000000 UTC,4690,30.931,30.9365
29093,16111,2016-02-01 14:40:00.000000 UTC,17170,30.9321,29.9265
39261,29093,2016-02-15 18:10:00.000000 UTC,5110,30.9324,30.8908
28255,16111,2016-02-22 12:25:00.000000 UTC,8050,30.933,30.5746
16111,39261,2016-02-12 08:15:00.000000 UTC,5830,30.9333,30.93
29093,16111,2016-02-02 23:31:40.000000 UTC,16150,30.9339,30.1996
39261,16111,2016-02-13 13:16:40.000000 UTC,24730,30.9339,30.2395
16111,39261,2016-02-10 00:40:00.000000 UTC,26710,30.934,28.1596
29093,39261,2016-02-01 00:16:40.000000 UTC,6010,30.9342,30.6771
28255,29093,2016-02-18 07:01:40.000000 UTC,1030,30.9346,30.9431
39261,28255,2016-02-12 12:00:00.000000 UTC,1450,30.9348,30.8937
28255,39261,2016-02-19 17:20:00.000000 UTC,6190,30.9348,30.9254
16111,39261,2016-02-06 17:35:00.000000 UTC,5590,30.9362,30.8868
16111,39261,2016-02-10 16:01:40.000000 UTC,57010,30.9365,30.8376
29093,16111,2016-02-01 04:45:00.000000 UTC,50470,30.9367,31.1429
16111,29093,2016-02-12 11:00:00.000000 UTC,2110,30.9371,30.7496
16111,29093,2016-02-07 03:15:00.000000 UTC,27790,30.9381,28.1166
16111,29093,2016-02-07 11:00:00.000000 UTC,47770,30.9383,29.0831
29093,39261,2016-02-04 07:10:00.000000 UTC,44770,30.9388,30.1973
28255,29093,2016-02-18 04:35:00.000000 UTC,1270,30.9392,30.9154
39261,16111,2016-02-12 16:16:40.000000 UTC,5830,30.9393,30.9452
29093,16111,2016-02-01 12:05:00.000000 UTC,4150,30.9396,30.6362
29093,39261,2016-02-01 07:40:00.000000 UTC,6070,30.9399,30.9532
29093,16111,2016-02-04 22:31:40.000000 UTC,8530,30.9401,30.6081
39261,16111,2016-02-14 01:16:40.000000 UTC,55210,30.9401,30.6748
39261,29093,2016-02-12 13:31:40.000000 UTC,5590,30.9405,30.9449
29093,28255,2016-02-01 01:00:00.000000 UTC,50770,30.9409,30.9122
16111,39261,2016-02-12 11:00:00.000000 UTC,20350,30.9411,30.1913
28255,39261,2016-02-19 09:15:00.000000 UTC,6430,30.9412,30.8407
28255,16111,2016-02-21 18:05:00.000000 UTC,12310,30.9422,30.3162
16111,29093,2016-02-12 00:10:00.000000 UTC,5110,30.9427,30.9432
16111,39261,2016-02-08 10:45:00.000000 UTC,4870,30.9428,30.7948
29093,28255,2016-02-04 05:05:00.000000 UTC,5410,30.9429,30.9585
16111,29093,2016-02-09 20:31:40.000000 UTC,4510,30.9429,30.9443
29093,28255,2016-02-06 14:45:00.000000 UTC,1870,30.9437,30.958
29093,16111,2016-02-01 14:40:00.000000 UTC,4210,30.9438,30.9613
28255,29093,2016-02-19 20:15:00.000000 UTC,19870,30.9438,30.7367
28255,16111,2016-02-23 16:31:40.000000 UTC,22630,30.9438,28.1759
29093,39261,2016-02-01 00:00:00.000000 UTC,5530,30.9444,30.9175
29093,16111,2016-02-05 03:10:00.000000 UTC,59290,30.9451,31.3598
29093,28255,2016-02-01 00:01:40.000000 UTC,56950,30.9453,30.4932
29093,28255,2016-02-05 03:10:00.000000 UTC,54910,30.9454,28.4283
28255,29093,2016-02-18 05:30:00.000000 UTC,4870,30.9454,30.8991
28255,39261,2016-02-19 08:00:00.000000 UTC,6610,30.9462,30.8536
39261,29093,2016-02-12 16:16:40.000000 UTC,22090,30.9466,28.5749
29093,28255,2016-02-01 00:35:00.000000 UTC,57370,30.9467,30.0288
16111,28255,2016-02-10 13:45:00.000000 UTC,5290,30.9471,30.9714
39261,29093,2016-02-12 12:15:00.000000 UTC,5770,30.9475,30.9453
16111,29093,2016-02-09 18:30:00.000000 UTC,4390,30.9477,30.9502
16111,28255,2016-02-07 11:00:00.000000 UTC,5350,30.948,30.9443
16111,39261,2016-02-06 23:20:00.000000 UTC,44110,30.9486,30.2269
39261,29093,2016-02-12 11:01:40.000000 UTC,17710,30.9486,28.4489
39261,16111,2016-02-12 20:01:40.000000 UTC,5410,30.9501,30.9461
39261,16111,2016-02-14 13:50:00.000000 UTC,22210,30.9504,28.1915
39261,29093,2016-02-17 12:25:00.000000 UTC,40750,30.9507,30.391
29093,16111,2016-02-01 05:16:40.000000 UTC,22930,30.9508,30.0444
28255,16111,2016-02-23 22:00:00.000000 UTC,1510,30.9512,30.9689
16111,39261,2016-02-07 21:00:00.000000 UTC,5710,30.9518,30.9481
28255,29093,2016-02-20 05:40:00.000000 UTC,7330,30.9519,30.5327
16111,28255,2016-02-12 11:00:00.000000 UTC,5110,30.9521,30.9421
39261,29093,2016-02-14 13:50:00.000000 UTC,5470,30.9522,30.9576
39261,16111,2016-02-12 19:20:00.000000 UTC,46090,30.9526,30.6858
39261,29093,2016-02-12 14:46:40.000000 UTC,5470,30.9528,30.9596
39261,28255,2016-02-17 02:15:00.000000 UTC,6670,30.9529,31.0065
39261,16111,2016-02-12 18:01:40.000000 UTC,5650,30.9531,30.9544
28255,39261,2016-02-19 08:00:00.000000 UTC,6550,30.9535,30.8754
39261,29093,2016-02-12 15:15:00.000000 UTC,5590,30.9538,31.0268
28255,39261,2016-02-18 15:46:40.000000 UTC,1450,30.9538,30.9586
28255,16111,2016-02-20 12:30:00.000000 UTC,5710,30.9554,30.9564
16111,29093,2016-02-06 18:05:00.000000 UTC,19630,30.9557,29.6662
16111,39261,2016-02-08 15:25:00.000000 UTC,5350,30.9564,30.9556
28255,39261,2016-02-20 02:25:00.000000 UTC,6310,30.9568,30.9342
16111,28255,2016-02-08 04:55:00.000000 UTC,21610,30.9569,28.2542
16111,39261,2016-02-06 20:50:00.000000 UTC,5350,30.9577,30.9521
39261,29093,2016-02-12 11:16:40.000000 UTC,1570,30.9577,31.0277
39261,29093,2016-02-15 12:00:00.000000 UTC,5650,30.9577,30.9586
16111,29093,2016-02-10 23:01:40.000000 UTC,4810,30.9578,30.96
39261,16111,2016-02-12 21:30:00.000000 UTC,1750,30.9578,29.9733
28255,16111,2016-02-18 18:16:40.000000 UTC,5890,30.958,30.4221
29093,39261,2016-02-03 23:00:00.000000 UTC,5470,30.9583,31.0434
28255,39261,2016-02-19 10:31:40.000000 UTC,6550,30.9587,30.8859
39261,28255,2016-02-17 17:40:00.000000 UTC,5890,30.9605,30.8512
28255,39261,2016-02-20 09:01:40.000000 UTC,6430,30.9609,30.9466
16111,28255,2016-02-08 10:45:00.000000 UTC,5230,30.9622,30.9982
28255,29093,2016-02-22 12:25:00.000000 UTC,18730,30.9622,30.043
28255,16111,2016-02-18 13:31:40.000000 UTC,57790,30.9627,30.2923
29093,39261,2016-02-01 22:46:40.000000 UTC,5110,30.9629,30.8505
28255,16111,2016-02-19 15:55:00.000000 UTC,5230,30.9629,30.9537
29093,16111,2016-02-01 11:16:40.000000 UTC,4270,30.9631,30.9482
28255,16111,2016-02-19 09:15:00.000000 UTC,14650,30.9631,28.7289
28255,16111,2016-02-23 16:31:40.000000 UTC,5590,30.9632,30.9583
29093,28255,2016-02-02 23:31:40.000000 UTC,5290,30.9641,30.9774
29093,16111,2016-02-01 15:35:00.000000 UTC,1150,30.9648,30.9578
39261,29093,2016-02-12 11:35:00.000000 UTC,5830,30.965,30.9815
29093,16111,2016-02-02 21:55:00.000000 UTC,4030,30.9657,30.994
29093,16111,2016-02-02 03:30:00.000000 UTC,5050,30.9669,30.8601
39261,29093,2016-02-16 11:50:00.000000 UTC,5350,30.9677,30.6331
16111,29093,2016-02-07 16:16:40.000000 UTC,4090,30.9678,30.9225
29093,28255,2016-02-05 10:20:00.000000 UTC,5710,30.9683,30.9895
39261,29093,2016-02-12 11:16:40.000000 UTC,5890,30.9684,30.9606
16111,29093,2016-02-08 17:01:40.000000 UTC,4090,30.9688,30.8828
28255,39261,2016-02-18 09:15:00.000000 UTC,1330,30.9688,31.0036
16111,28255,2016-02-11 08:45:00.000000 UTC,10930,30.9695,30.6874
29093,39261,2016-02-04 05:05:00.000000 UTC,7570,30.97,30.8045
16111,39261,2016-02-09 10:40:00.000000 UTC,38770,30.9701,24.0656
16111,39261,2016-02-12 05:31:40.000000 UTC,5530,30.9705,30.9691
29093,16111,2016-02-01 05:16:40.000000 UTC,4330,30.9708,30.9795
16111,28255,2016-02-08 12:16:40.000000 UTC,1750,30.9709,31.0122
16111,28255,2016-02-10 04:55:00.000000 UTC,790,30.9709,30.9301
39261,28255,2016-02-16 07:15:00.000000 UTC,6550,30.9709,30.9795
39261,29093,2016-02-12 11:00:00.000000 UTC,5950,30.971,30.9603
16111,29093,2016-02-07 05:35:00.000000 UTC,9430,30.9721,30.7903
16111,29093,2016-02-08 10:45:00.000000 UTC,4210,30.9721,30.9838
28255,16111,2016-02-20 17:55:00.000000 UTC,5170,30.9723,30.9614
16111,39261,2016-02-06 18:45:00.000000 UTC,5290,30.9725,30.9583
39261,16111,2016-02-18 01:45:00.000000 UTC,16870,30.9732,28.1388
16111,28255,2016-02-08 13:50:00.000000 UTC,5530,30.9734,31.0044
16111,39261,2016-02-11 11:15:00.000000 UTC,12430,30.9735,28.3105
39261,16111,2016-02-13 04:30:00.000000 UTC,31210,30.9735,28.8724
39261,29093,2016-02-12 11:01:40.000000 UTC,5950,30.9736,30.9647
39261,29093,2016-02-12 15:15:00.000000 UTC,5470,30.9737,30.9547
28255,29093,2016-02-18 08:16:40.000000 UTC,910,30.9747,30.9961
28255,16111,2016-02-22 19:45:00.000000 UTC,5170,30.975,30.9549
16111,39261,2016-02-12 08:15:00.000000 UTC,5890,30.9756,30.9898
29093,28255,2016-02-03 02:50:00.000000 UTC,1870,30.9763,31.008
39261,29093,2016-02-15 14:01:40.000000 UTC,5530,30.9763,30.9653
29093,16111,2016-02-02 21:55:00.000000 UTC,4510,30.9767,30.9028
16111,29093,2016-02-07 08:10:00.000000 UTC,32950,30.9771,29.8255
39261,16111,2016-02-14 13:50:00.000000 UTC,1810,30.9772,30.969
29093,16111,2016-02-01 03:20:00.000000 UTC,4450,30.9776,30.9881
16111,28255,2016-02-06 17:35:00.000000 UTC,25390,30.9776,28.8937
28255,39261,2016-02-19 10:31:40.000000 UTC,6130,30.9777,30.8978
16111,29093,2016-02-11 21:31:40.000000 UTC,5050,30.978,30.9778
28255,29093,2016-02-18 23:00:00.000000 UTC,5770,30.9781,30.9512
16111,28255,2016-02-07 02:31:40.000000 UTC,27370,30.9782,28.5745
28255,29093,2016-02-18 06:01:40.000000 UTC,44890,30.9785,30.4202
39261,16111,2016-02-13 07:35:00.000000 UTC,21250,30.9796,29.0944
16111,29093,2016-02-08 12:16:40.000000 UTC,910,30.9797,31.0107
39261,29093,2016-02-12 11:05:00.000000 UTC,5950,30.9804,30.9755
39261,16111,2016-02-16 07:15:00.000000 UTC,57430,30.9818,30.9702
28255,39261,2016-02-20 16:05:00.000000 UTC,6550,30.9818,30.9699
16111,39261,2016-02-07 13:01:40.000000 UTC,1030,30.9819,30.8904
29093,16111,2016-02-01 02:10:00.000000 UTC,54790,30.9825,30.0814
28255,39261,2016-02-19 06:46:40.000000 UTC,23590,30.9827,28.1294
16111,29093,2016-02-11 16:20:00.000000 UTC,5050,30.9831,30.9907
16111,28255,2016-02-09 10:40:00.000000 UTC,5170,30.9832,30.904
29093,16111,2016-02-01 07:01:40.000000 UTC,28510,30.9845,29.9377
39261,29093,2016-02-12 14:20:00.000000 UTC,5590,30.9846,30.9735
29093,39261,2016-02-02 03:30:00.000000 UTC,23710,30.9847,28.5248
39261,28255,2016-02-16 00:35:00.000000 UTC,8590,30.9847,30.8329
29093,16111,2016-02-01 02:31:40.000000 UTC,4510,30.9848,30.9879
28255,39261,2016-02-20 02:25:00.000000 UTC,6370,30.9857,30.9701
16111,28255,2016-02-09 08:46:40.000000 UTC,48250,30.9858,30.1086
39261,28255,2016-02-16 18:55:00.000000 UTC,18550,30.986,28.6908
39261,29093,2016-02-12 11:16:40.000000 UTC,6490,30.9861,31.4441
29093,39261,2016-02-01 06:25:00.000000 UTC,5830,30.9869,30.9894
29093,39261,2016-02-03 23:00:00.000000 UTC,4990,30.987,30.9083
29093,16111,2016-02-02 02:16:40.000000 UTC,4510,30.9872,30.9623
39261,28255,2016-02-12 16:16:40.000000 UTC,48010,30.9873,30.1683
16111,39261,2016-02-08 22:01:40.000000 UTC,51070,30.9874,30.7474
39261,16111,2016-02-12 11:01:40.000000 UTC,2170,30.9877,28.7301
16111,28255,2016-02-09 12:35:00.000000 UTC,6910,30.9888,30.8406
29093,39261,2016-02-01 09:01:40.000000 UTC,19390,30.9897,29.3063
16111,29093,2016-02-07 10:01:40.000000 UTC,3910,30.9901,30.8687
39261,28255,2016-02-13 17:01:40.000000 UTC,910,30.9901,31.0136
39261,16111,2016-02-12 20:01:40.000000 UTC,5470,30.9903,30.9923
29093,28255,2016-02-01 21:40:00.000000 UTC,5770,30.9914,30.994
39261,29093,2016-02-12 11:25:00.000000 UTC,5890,30.9925,31.0025
16111,39261,2016-02-10 11:30:00.000000 UTC,13390,30.9931,30.5898
28255,16111,2016-02-18 06:01:40.000000 UTC,18670,30.9932,29.2221
29093,39261,2016-02-03 23:00:00.000000 UTC,5410,30.9935,31.0444
16111,39261,2016-02-08 15:25:00.000000 UTC,5410,30.9936,30.9996
16111,39261,2016-02-09 16:30:00.000000 UTC,5890,30.9937,31.0047
39261,29093,2016-02-12 11:10:00.000000 UTC,5950,30.994,30.9954
16111,29093,2016-02-08 12:16:40.000000 UTC,4990,30.9942,30.8286
16111,28255,2016-02-10 16:01:40.000000 UTC,43690,30.9947,30.0924
39261,16111,2016-02-14 10:31:40.000000 UTC,5950,30.9966,31.0139
29093,39261,2016-02-01 01:31:40.000000 UTC,1450,30.9973,31.3591
16111,39261,2016-02-06 18:45:00.000000 UTC,5350,30.9974,30.9798
28255,16111,2016-02-18 10:20:00.000000 UTC,5710,30.9976,30.9863
16111,29093,2016-02-10 04:55:00.000000 UTC,4570,30.9978,30.9814
28255,16111,2016-02-22 00:45:00.000000 UTC,1030,30.9981,30.9805
16111,29093,2016-02-08 02:10:00.000000 UTC,4030,30.9982,30.8913
16111,29093,2016-02-10 11:30:00.000000 UTC,4630,30.9983,31.006
16111,28255,2016-02-11 13:46:40.000000 UTC,5410,30.9984,31.0252
28255,39261,2016-02-18 07:25:00.000000 UTC,13390,30.9984,27.4502
28255,16111,2016-02-18 11:31:40.000000 UTC,5590,30.9987,30.9933
28255,39261,2016-02-20 17:55:00.000000 UTC,7150,30.9996,31.2715
29093,39261,2016-02-01 03:46:40.000000 UTC,5410,31,31.0038
39261,29093,2016-02-13 10:55:00.000000 UTC,5890,31.0004,31.0054
29093,39261,2016-02-06 01:25:00.000000 UTC,6970,31.0009,30.793
16111,29093,2016-02-12 08:15:00.000000 UTC,5230,31.0021,31.0006
39261,16111,2016-02-12 19:20:00.000000 UTC,1810,31.0023,30.9882
29093,28255,2016-02-01 02:10:00.000000 UTC,31990,31.0028,29.366
16111,29093,2016-02-10 20:40:00.000000 UTC,4750,31.0032,31.0022
39261,29093,2016-02-12 18:40:00.000000 UTC,1450,31.0037,30.9497
16111,29093,2016-02-09 18:30:00.000000 UTC,4450,31.0038,31.0106
16111,39261,2016-02-11 03:50:00.000000 UTC,28510,31.0039,28.555
29093,16111,2016-02-01 14:40:00.000000 UTC,4270,31.004,31.0211
39261,29093,2016-02-12 15:15:00.000000 UTC,5530,31.0042,30.9929
39261,29093,2016-02-14 12:10:00.000000 UTC,7450,31.0045,30.7443
29093,39261,2016-02-03 23:00:00.000000 UTC,5290,31.0046,31.0303
29093,39261,2016-02-01 08:20:00.000000 UTC,1570,31.0047,31.0836
39261,16111,2016-02-12 17:25:00.000000 UTC,5650,31.0047,31.0158
39261,16111,2016-02-14 08:55:00.000000 UTC,14770,31.0049,28.5852
29093,39261,2016-02-01 05:50:00.000000 UTC,5890,31.0058,30.9945
39261,29093,2016-02-12 14:46:40.000000 UTC,5770,31.0059,31.1747
29093,16111,2016-02-06 01:25:00.000000 UTC,53050,31.0061,31.2073
16111,28255,2016-02-07 10:01:40.000000 UTC,5290,31.0065,31.0064
29093,39261,2016-02-05 03:10:00.000000 UTC,5530,31.0078,31.0084
16111,29093,2016-02-10 23:01:40.000000 UTC,4870,31.0078,31.0243
29093,16111,2016-02-05 12:46:40.000000 UTC,57850,31.0079,30.5013
29093,16111,2016-02-03 01:10:00.000000 UTC,4270,31.0083,30.6949
16111,29093,2016-02-07 21:00:00.000000 UTC,4090,31.0084,30.9694
39261,16111,2016-02-13 09:46:40.000000 UTC,47590,31.0084,30.6031
16111,29093,2016-02-09 03:16:40.000000 UTC,33070,31.0086,30.6087
28255,29093,2016-02-19 00:01:40.000000 UTC,5590,31.0091,31.0108
39261,29093,2016-02-12 12:15:00.000000 UTC,6310,31.0096,31.2931
29093,39261,2016-02-02 07:20:00.000000 UTC,6070,31.0099,31.0167
28255,39261,2016-02-19 23:16:40.000000 UTC,6430,31.0099,31.0172
16111,39261,2016-02-07 00:31:40.000000 UTC,50830,31.0101,29.7751
16111,39261,2016-02-06 17:40:00.000000 UTC,5590,31.0102,30.8656
16111,39261,2016-02-09 14:31:40.000000 UTC,18190,31.0105,29.2737
29093,16111,2016-02-03 09:46:40.000000 UTC,5170,31.0109,29.2619
16111,28255,2016-02-10 00:40:00.000000 UTC,2710,31.0113,29.5648
39261,29093,2016-02-16 09:31:40.000000 UTC,5890,31.0113,31.0228
39261,29093,2016-02-14 19:00:00.000000 UTC,32650,31.0116,28.9553
28255,16111,2016-02-18 18:16:40.000000 UTC,1390,31.0117,31.0209
16111,39261,2016-02-12 05:31:40.000000 UTC,5590,31.0122,31.0204
28255,16111,2016-02-19 14:31:40.000000 UTC,5410,31.0123,30.9961
29093,16111,2016-02-01 01:50:00.000000 UTC,4450,31.0125,31.0003
16111,39261,2016-02-06 17:35:00.000000 UTC,5530,31.0129,30.9147
29093,39261,2016-02-01 04:15:00.000000 UTC,1750,31.0132,31.0171
16111,28255,2016-02-09 10:40:00.000000 UTC,1510,31.0132,31.0263
39261,29093,2016-02-15 10:00:00.000000 UTC,5890,31.0132,31.0239
16111,28255,2016-02-08 03:31:40.000000 UTC,41110,31.0133,30.1553
28255,29093,2016-02-18 23:00:00.000000 UTC,5830,31.0135,31.0051
28255,29093,2016-02-20 04:01:40.000000 UTC,5590,31.0136,30.9831
29093,28255,2016-02-06 17:30:00.000000 UTC,6010,31.0145,31.0182
39261,29093,2016-02-12 11:00:00.000000 UTC,6010,31.015,31.0226
39261,28255,2016-02-16 18:55:00.000000 UTC,6430,31.0151,31.0116
39261,28255,2016-02-15 18:10:00.000000 UTC,51010,31.0155,30.0463
16111,28255,2016-02-07 13:01:40.000000 UTC,5590,31.0159,31.0381
28255,29093,2016-02-18 19:10:00.000000 UTC,59590,31.0169,30.1061
39261,29093,2016-02-17 09:50:00.000000 UTC,5890,31.017,31.021
28255,39261,2016-02-20 04:01:40.000000 UTC,6430,31.0171,30.9919
28255,29093,2016-02-21 07:31:40.000000 UTC,5830,31.0173,31.0087
16111,39261,2016-02-09 14:31:40.000000 UTC,5590,31.0186,31.0244
16111,28255,2016-02-07 04:00:00.000000 UTC,1030,31.0193,31.0672
28255,29093,2016-02-20 10:45:00.000000 UTC,5170,31.0202,30.9902
16111,29093,2016-02-07 00:31:40.000000 UTC,31750,31.0204,30.6266
28255,29093,2016-02-20 09:01:40.000000 UTC,5170,31.0204,30.9963
16111,28255,2016-02-08 06:20:00.000000 UTC,47350,31.0207,30.5761
29093,39261,2016-02-01 00:01:40.000000 UTC,1330,31.0211,30.9733
28255,16111,2016-02-18 13:31:40.000000 UTC,5410,31.0214,31.0052
28255,39261,2016-02-19 18:46:40.000000 UTC,6190,31.0218,30.9311
29093,39261,2016-02-05 07:55:00.000000 UTC,38950,31.0221,30.1716
39261,29093,2016-02-13 02:35:00.000000 UTC,5830,31.0221,25.9892
29093,28255,2016-02-06 04:01:40.000000 UTC,41410,31.0224,30.0422
16111,39261,2016-02-07 21:00:00.000000 UTC,7570,31.0231,30.9263
28255,16111,2016-02-19 15:55:00.000000 UTC,6730,31.0231,30.702
16111,29093,2016-02-11 06:16:40.000000 UTC,4870,31.0239,31.0226
39261,29093,2016-02-12 12:00:00.000000 UTC,5830,31.024,31.0141
28255,16111,2016-02-21 22:30:00.000000 UTC,32530,31.0243,29.4846
16111,39261,2016-02-07 15:10:00.000000 UTC,28570,31.0244,28.3058
29093,39261,2016-02-02 23:31:40.000000 UTC,5290,31.0251,31.0404
16111,29093,2016-02-12 02:50:00.000000 UTC,22630,31.0254,28.8834
28255,39261,2016-02-20 10:45:00.000000 UTC,6550,31.026,31.0097
16111,29093,2016-02-10 00:40:00.000000 UTC,45550,31.0261,30.6424
29093,39261,2016-02-01 00:05:00.000000 UTC,1330,31.0264,31.0371
39261,28255,2016-02-12 19:20:00.000000 UTC,54130,31.0264,30.0043
29093,39261,2016-02-02 23:31:40.000000 UTC,5410,31.0268,31.0584
39261,29093,2016-02-12 18:01:40.000000 UTC,5290,31.0271,30.9987
39261,29093,2016-02-12 18:01:40.000000 UTC,5230,31.0274,30.9738
39261,16111,2016-02-15 14:01:40.000000 UTC,5230,31.0277,31.0066
39261,16111,2016-02-12 22:16:40.000000 UTC,5230,31.0278,31.0081
28255,39261,2016-02-18 23:00:00.000000 UTC,42970,31.0278,30.0303
29093,16111,2016-02-01 08:20:00.000000 UTC,4390,31.0283,31.077
29093,39261,2016-02-01 11:16:40.000000 UTC,13690,31.0286,29.0394
29093,39261,2016-02-01 00:10:00.000000 UTC,22810,31.0288,28.7698
16111,29093,2016-02-11 13:46:40.000000 UTC,4990,31.0294,31.0369
39261,16111,2016-02-12 16:50:00.000000 UTC,5830,31.0295,31.0272
16111,28255,2016-02-08 15:25:00.000000 UTC,44230,31.0299,29.8269
39261,16111,2016-02-13 19:40:00.000000 UTC,1450,31.0301,31.3632
29093,39261,2016-02-01 06:25:00.000000 UTC,5890,31.0303,31.0471
16111,39261,2016-02-07 00:31:40.000000 UTC,5830,31.0304,31.0433
29093,16111,2016-02-01 05:16:40.000000 UTC,4390,31.0305,31.044
29093,16111,2016-02-01 23:55:00.000000 UTC,4150,31.0307,30.9951
29093,28255,2016-02-02 10:01:40.000000 UTC,57910,31.0318,30.7311
29093,39261,2016-02-02 23:31:40.000000 UTC,5350,31.0318,31.0519
16111,28255,2016-02-07 01:50:00.000000 UTC,41110,31.0318,29.9381
29093,16111,2016-02-01 13:46:40.000000 UTC,4630,31.032,31.0217
29093,16111,2016-02-04 11:25:00.000000 UTC,310,31.032,31.0521
28255,16111,2016-02-23 00:46:40.000000 UTC,6790,31.0325,26.8533
39261,28255,2016-02-16 09:31:40.000000 UTC,6730,31.0328,31.0444
28255,39261,2016-02-19 15:55:00.000000 UTC,5590,31.0338,30.5336
28255,16111,2016-02-20 14:16:40.000000 UTC,5590,31.034,31.0234
28255,16111,2016-02-19 11:50:00.000000 UTC,47110,31.0342,30.1859
29093,16111,2016-02-01 16:31:40.000000 UTC,1150,31.0343,31.0044
29093,16111,2016-02-01 01:31:40.000000 UTC,15550,31.0344,29.1192
29093,39261,2016-02-04 20:15:00.000000 UTC,1090,31.035,30.9699
39261,28255,2016-02-13 14:30:00.000000 UTC,40990,31.0351,29.9814
16111,29093,2016-02-08 03:31:40.000000 UTC,4270,31.0366,30.9882
16111,39261,2016-02-12 02:50:00.000000 UTC,1450,31.0366,30.9982
29093,39261,2016-02-01 01:00:00.000000 UTC,12070,31.0371,30.5957
29093,39261,2016-02-03 04:31:40.000000 UTC,5770,31.0382,31.0476
29093,28255,2016-02-04 07:10:00.000000 UTC,5770,31.0386,31.0487
16111,39261,2016-02-06 20:50:00.000000 UTC,5470,31.0389,31.0433
29093,39261,2016-02-01 03:46:40.000000 UTC,5470,31.0394,31.0538
28255,16111,2016-02-18 04:30:00.000000 UTC,54370,31.0394,29.8345
29093,39261,2016-02-04 01:00:00.000000 UTC,5710,31.0396,31.0114
29093,39261,2016-02-04 01:00:00.000000 UTC,5650,31.0398,30.9946
28255,29093,2016-02-18 21:01:40.000000 UTC,19090,31.0398,30.2952
28255,16111,2016-02-22 17:16:40.000000 UTC,5470,31.04,31.0158
16111,29093,2016-02-11 21:31:40.000000 UTC,28150,31.0403,29.0022
28255,39261,2016-02-20 12:30:00.000000 UTC,1390,31.0405,31.0362
16111,28255,2016-02-11 18:55:00.000000 UTC,5890,31.0409,31.0482
16111,29093,2016-02-11 01:25:00.000000 UTC,1630,31.041,31.061
29093,16111,2016-02-01 13:46:40.000000 UTC,4510,31.0412,30.9578
16111,39261,2016-02-06 23:55:00.000000 UTC,5830,31.0416,31.0446
28255,29093,2016-02-20 10:45:00.000000 UTC,5410,31.0421,30.9759
16111,39261,2016-02-06 19:40:00.000000 UTC,5230,31.0428,30.9743
28255,39261,2016-02-20 04:01:40.000000 UTC,6490,31.043,31.0237
28255,39261,2016-02-18 08:16:40.000000 UTC,48190,31.0438,29.9098
29093,28255,2016-02-01 03:46:40.000000 UTC,20410,31.045,29.3904
39261,16111,2016-02-15 12:00:00.000000 UTC,5470,31.0451,31.0659
16111,29093,2016-02-08 13:50:00.000000 UTC,50110,31.0453,31.1827
28255,29093,2016-02-23 16:31:40.000000 UTC,23170,31.0453,29.2217
39261,16111,2016-02-12 11:46:40.000000 UTC,4450,31.0457,28.1225
16111,29093,2016-02-11 11:15:00.000000 UTC,51850,31.0477,31.1409
29093,28255,2016-02-01 13:46:40.000000 UTC,18850,31.0478,28.3254
39261,16111,2016-02-13 19:40:00.000000 UTC,5530,31.0478,31.017
29093,28255,2016-02-01 07:01:40.000000 UTC,52510,31.0485,30.3682
29093,39261,2016-02-04 22:31:40.000000 UTC,5470,31.0487,31.0148
16111,29093,2016-02-11 08:45:00.000000 UTC,4990,31.0488,31.0459
39261,28255,2016-02-17 09:50:00.000000 UTC,1750,31.0495,31.0793
16111,29093,2016-02-08 10:45:00.000000 UTC,4750,31.0503,30.9577
39261,16111,2016-02-14 17:15:00.000000 UTC,1450,31.0505,31.0515
16111,29093,2016-02-12 11:00:00.000000 UTC,19630,31.0506,28.8361
39261,29093,2016-02-12 12:31:40.000000 UTC,46990,31.0513,30.7329
29093,28255,2016-02-06 17:30:00.000000 UTC,6070,31.0518,31.0721
29093,16111,2016-02-02 03:30:00.000000 UTC,4450,31.0525,31.0419
16111,29093,2016-02-10 18:20:00.000000 UTC,1570,31.053,31.0245
28255,29093,2016-02-18 13:31:40.000000 UTC,19630,31.0535,29.3078
39261,29093,2016-02-12 18:01:40.000000 UTC,5350,31.0536,31.018
28255,16111,2016-02-23 22:00:00.000000 UTC,5230,31.0536,31.0217
29093,28255,2016-02-01 04:45:00.000000 UTC,40270,31.0541,29.7198
39261,16111,2016-02-15 14:01:40.000000 UTC,5290,31.0542,31.0268
28255,39261,2016-02-20 10:45:00.000000 UTC,6610,31.0543,31.0465
39261,28255,2016-02-16 09:31:40.000000 UTC,6790,31.0544,31.0761
16111,28255,2016-02-10 02:46:40.000000 UTC,39070,31.0546,29.8557
28255,16111,2016-02-18 12:10:00.000000 UTC,5590,31.0547,31.0312
16111,29093,2016-02-06 19:40:00.000000 UTC,43210,31.055,31.0595
29093,16111,2016-02-01 09:45:00.000000 UTC,10630,31.0554,31.0727
16111,29093,2016-02-10 11:30:00.000000 UTC,4690,31.0558,31.0744
16111,39261,2016-02-06 18:30:00.000000 UTC,5530,31.0559,31.0004
16111,29093,2016-02-06 17:35:00.000000 UTC,10450,31.0561,28.7211
29093,39261,2016-02-01 09:01:40.000000 UTC,8350,31.0564,30.9114
29093,39261,2016-02-01 00:10:00.000000 UTC,5470,31.0566,31.0112
29093,39261,2016-02-04 01:00:00.000000 UTC,5770,31.0573,31.0241
29093,39261,2016-02-03 13:25:00.000000 UTC,1930,31.0574,27.8507
29093,39261,2016-02-01 03:20:00.000000 UTC,5530,31.0576,31.0445
16111,29093,2016-02-10 04:55:00.000000 UTC,4630,31.0588,31.0498
29093,16111,2016-02-01 14:40:00.000000 UTC,28270,31.0589,30.0402
29093,39261,2016-02-03 11:35:00.000000 UTC,10210,31.059,28.8315
16111,39261,2016-02-07 17:25:00.000000 UTC,37570,31.059,29.3015
28255,29093,2016-02-20 16:05:00.000000 UTC,50710,31.0592,29.777
29093,16111,2016-02-01 12:05:00.000000 UTC,4630,31.0596,31.0402
39261,28255,2016-02-17 12:25:00.000000 UTC,6370,31.0599,30.9107
29093,28255,2016-02-04 07:10:00.000000 UTC,49630,31.06,30.5205
28255,29093,2016-02-19 08:00:00.000000 UTC,5110,31.0602,31.0171
29093,28255,2016-02-01 19:31:40.000000 UTC,5470,31.0603,31.0931
28255,39261,2016-02-20 17:55:00.000000 UTC,6670,31.0604,31.048
39261,28255,2016-02-18 01:45:00.000000 UTC,54430,31.0605,30.4042
16111,28255,2016-02-06 18:16:40.000000 UTC,50890,31.0607,30.7391
28255,29093,2016-02-22 12:25:00.000000 UTC,5650,31.0611,31.0449
29093,39261,2016-02-01 00:35:00.000000 UTC,5890,31.0613,30.8472
28255,29093,2016-02-20 12:30:00.000000 UTC,16930,31.0614,29.5022
29093,39261,2016-02-01 01:50:00.000000 UTC,6430,31.0615,30.8302
16111,29093,2016-02-08 07:46:40.000000 UTC,4270,31.0617,31.0356
29093,39261,2016-02-06 04:01:40.000000 UTC,5710,31.0619,31.0514
16111,39261,2016-02-10 23:01:40.000000 UTC,52930,31.0619,30.7239
28255,39261,2016-02-18 12:50:00.000000 UTC,1390,31.0621,31.0198
16111,29093,2016-02-12 02:50:00.000000 UTC,5170,31.0625,31.0489
39261,29093,2016-02-12 13:55:00.000000 UTC,5770,31.0627,31.0546
16111,29093,2016-02-10 20:40:00.000000 UTC,4810,31.0629,31.0769
29093,28255,2016-02-01 13:46:40.000000 UTC,30610,31.0643,28.7419
39261,16111,2016-02-17 04:45:00.000000 UTC,12310,31.0649,30.8595
39261,28255,2016-02-12 12:15:00.000000 UTC,16510,31.065,27.7035
28255,29093,2016-02-21 20:16:40.000000 UTC,56350,31.0655,29.9161
29093,28255,2016-02-01 00:05:00.000000 UTC,44350,31.0656,30.0726
29093,39261,2016-02-03 04:31:40.000000 UTC,1810,31.0658,31.071
16111,39261,2016-02-06 22:46:40.000000 UTC,5650,31.0661,31.0752
29093,39261,2016-02-05 05:31:40.000000 UTC,6130,31.0663,31.0616
29093,16111,2016-02-01 13:46:40.000000 UTC,4690,31.0669,31.0452
39261,16111,2016-02-14 10:31:40.000000 UTC,8890,31.0675,28.183
28255,39261,2016-02-18 10:20:00.000000 UTC,48670,31.0679,30.1113
28255,16111,2016-02-18 17:25:00.000000 UTC,5350,31.0682,31.007
16111,39261,2016-02-12 00:10:00.000000 UTC,54010,31.0687,30.8223
28255,16111,2016-02-23 19:15:00.000000 UTC,34750,31.0698,30.1474
39261,16111,2016-02-16 05:00:00.000000 UTC,7990,31.07,30.7799
28255,39261,2016-02-20 21:40:00.000000 UTC,9850,31.0701,27.9762
29093,16111,2016-02-01 04:45:00.000000 UTC,45190,31.0704,30.4987
28255,16111,2016-02-18 14:15:00.000000 UTC,22090,31.0716,28.3595
29093,16111,2016-02-02 07:20:00.000000 UTC,31810,31.0718,29.5926
29093,39261,2016-02-04 01:00:00.000000 UTC,5830,31.072,31.0327
29093,28255,2016-02-01 06:25:00.000000 UTC,58030,31.0723,30.9773
28255,29093,2016-02-19 03:16:40.000000 UTC,5350,31.0724,31.0464
16111,39261,2016-02-06 21:45:00.000000 UTC,5710,31.0729,31.1015
16111,39261,2016-02-10 00:40:00.000000 UTC,20470,31.0732,27.4854
29093,39261,2016-02-01 02:31:40.000000 UTC,49030,31.0735,30.6715
39261,16111,2016-02-14 12:10:00.000000 UTC,5830,31.0737,31.0757
28255,29093,2016-02-20 04:01:40.000000 UTC,41290,31.074,30.2828
39261,16111,2016-02-14 02:45:00.000000 UTC,49750,31.0743,29.5119
28255,39261,2016-02-18 15:00:00.000000 UTC,49210,31.0747,29.5165
28255,16111,2016-02-19 15:55:00.000000 UTC,16210,31.0748,27.9986
29093,39261,2016-02-01 07:01:40.000000 UTC,5890,31.0751,31.0959
29093,28255,2016-02-04 07:10:00.000000 UTC,5830,31.076,31.1025
16111,29093,2016-02-08 07:46:40.000000 UTC,4510,31.0761,31.026
28255,16111,2016-02-19 17:20:00.000000 UTC,33430,31.0762,29.8161
39261,16111,2016-02-12 22:16:40.000000 UTC,5350,31.0769,31.0418
16111,28255,2016-02-09 10:40:00.000000 UTC,5830,31.077,31.0539
28255,16111,2016-02-18 10:55:00.000000 UTC,5770,31.077,31.0627
39261,16111,2016-02-12 18:40:00.000000 UTC,22810,31.0775,29.5217
16111,29093,2016-02-11 06:16:40.000000 UTC,4930,31.0779,31.095
29093,16111,2016-02-02 18:46:40.000000 UTC,31690,31.0781,30.0631
28255,39261,2016-02-18 04:30:00.000000 UTC,16150,31.0784,27.3979
29093,16111,2016-02-01 00:35:00.000000 UTC,27130,31.0789,30.0429
29093,28255,2016-02-01 04:15:00.000000 UTC,20710,31.0789,29.6042
39261,29093,2016-02-12 14:46:40.000000 UTC,28030,31.079,28.35
28255,16111,2016-02-23 22:00:00.000000 UTC,5290,31.0794,31.0427
28255,39261,2016-02-19 06:46:40.000000 UTC,25210,31.0796,29.9043
39261,16111,2016-02-13 21:01:40.000000 UTC,1330,31.0799,31.085
29093,39261,2016-02-02 23:31:40.000000 UTC,5170,31.0803,31.0026
28255,16111,2016-02-22 17:16:40.000000 UTC,5530,31.0803,31.0681
29093,39261,2016-02-03 06:15:00.000000 UTC,6070,31.0807,31.0714
29093,39261,2016-02-02 06:01:40.000000 UTC,5830,31.081,31.0745
28255,29093,2016-02-21 11:40:00.000000 UTC,5410,31.0811,31.0557
16111,39261,2016-02-08 04:55:00.000000 UTC,40030,31.0815,30.4321
16111,39261,2016-02-09 18:30:00.000000 UTC,39130,31.0817,29.8928
16111,29093,2016-02-10 13:45:00.000000 UTC,4870,31.0819,31.1108
39261,29093,2016-02-13 03:31:40.000000 UTC,48910,31.0821,30.9256
28255,39261,2016-02-19 14:31:40.000000 UTC,12910,31.0821,30.5527
28255,39261,2016-02-22 22:15:00.000000 UTC,6370,31.0823,26.5626
16111,28255,2016-02-07 10:01:40.000000 UTC,5410,31.0824,31.0957
39261,16111,2016-02-13 13:16:40.000000 UTC,5890,31.083,31.0762
28255,16111,2016-02-19 13:10:00.000000 UTC,5650,31.083,31.0739
28255,29093,2016-02-23 05:55:00.000000 UTC,27250,31.083,29.2006
16111,39261,2016-02-07 01:10:00.000000 UTC,44290,31.0832,30.6412
39261,29093,2016-02-12 13:10:00.000000 UTC,5770,31.0843,31.0829
16111,39261,2016-02-07 13:01:40.000000 UTC,47650,31.0846,30.7473
39261,28255,2016-02-17 04:45:00.000000 UTC,6430,31.0852,31.0478
39261,29093,2016-02-14 12:10:00.000000 UTC,5770,31.0857,31.077
16111,28255,2016-02-07 04:00:00.000000 UTC,47650,31.0861,30.0256
16111,39261,2016-02-11 06:16:40.000000 UTC,5530,31.0862,31.0931
29093,28255,2016-02-01 22:46:40.000000 UTC,55510,31.0863,30.8702
28255,29093,2016-02-18 22:00:00.000000 UTC,5890,31.0871,31.0726
16111,39261,2016-02-10 13:45:00.000000 UTC,5890,31.0872,31.0965
39261,29093,2016-02-16 02:46:40.000000 UTC,2110,31.0874,27.9153
39261,16111,2016-02-13 15:45:00.000000 UTC,5470,31.0878,30.841
16111,39261,2016-02-12 05:31:40.000000 UTC,5710,31.0885,31.1115
16111,28255,2016-02-11 16:20:00.000000 UTC,5590,31.0889,31.1178
16111,28255,2016-02-08 12:16:40.000000 UTC,5230,31.089,30.8569
39261,29093,2016-02-12 12:50:00.000000 UTC,5830,31.0891,31.0674
29093,28255,2016-02-02 20:20:00.000000 UTC,30850,31.0897,29.3721
28255,39261,2016-02-20 14:16:40.000000 UTC,12850,31.0898,28.0706
28255,29093,2016-02-20 07:20:00.000000 UTC,23830,31.0901,30.0764
16111,28255,2016-02-12 02:50:00.000000 UTC,2290,31.0906,28.6304
28255,39261,2016-02-20 12:30:00.000000 UTC,6670,31.0907,31.0706
29093,28255,2016-02-01 13:46:40.000000 UTC,12970,31.0913,28.1168
16111,39261,2016-02-12 02:50:00.000000 UTC,42670,31.0914,30.4403
16111,39261,2016-02-06 23:20:00.000000 UTC,5830,31.0923,31.0766
16111,28255,2016-02-11 11:15:00.000000 UTC,5530,31.0924,31.0462
39261,29093,2016-02-12 13:55:00.000000 UTC,5830,31.0927,31.091
16111,29093,2016-02-08 22:01:40.000000 UTC,4330,31.0931,31.0831
29093,39261,2016-02-04 18:00:00.000000 UTC,53650,31.0932,30.3504
16111,39261,2016-02-11 11:15:00.000000 UTC,5950,31.0939,31.0925
28255,39261,2016-02-20 10:45:00.000000 UTC,1450,31.0948,31.0974
28255,16111,2016-02-18 12:10:00.000000 UTC,5650,31.095,31.0868
29093,28255,2016-02-06 04:01:40.000000 UTC,6790,31.0951,26.7348
16111,29093,2016-02-08 17:01:40.000000 UTC,4450,31.0952,31.094
39261,16111,2016-02-12 20:45:00.000000 UTC,12790,31.0953,29.5891
28255,29093,2016-02-19 13:10:00.000000 UTC,31750,31.0956,29.2366
28255,29093,2016-02-22 12:25:00.000000 UTC,5470,31.0959,30.8343
29093,28255,2016-02-03 01:10:00.000000 UTC,5590,31.0967,31.1164
16111,39261,2016-02-06 22:15:00.000000 UTC,5710,31.0968,31.0889
28255,39261,2016-02-20 05:40:00.000000 UTC,6610,31.0974,31.0732
39261,16111,2016-02-14 07:20:00.000000 UTC,47830,31.0975,30.7008
29093,28255,2016-02-01 07:01:40.000000 UTC,58210,31.0989,30.8614
39261,29093,2016-02-13 13:16:40.000000 UTC,5830,31.0989,31.0864
28255,16111,2016-02-18 15:46:40.000000 UTC,27730,31.0994,29.4299
28255,16111,2016-02-21 13:46:40.000000 UTC,5770,31.1007,31.0743
29093,39261,2016-02-05 05:31:40.000000 UTC,6190,31.1008,31.1076
28255,29093,2016-02-21 18:05:00.000000 UTC,56410,31.1009,30.6136
29093,39261,2016-02-02 06:01:40.000000 UTC,18670,31.1014,29.4351
29093,28255,2016-02-04 20:15:00.000000 UTC,58450,31.1016,30.5468
39261,16111,2016-02-13 17:01:40.000000 UTC,5530,31.1019,31.0872
16111,39261,2016-02-06 19:20:00.000000 UTC,6010,31.1022,30.9858
39261,16111,2016-02-12 12:00:00.000000 UTC,13450,31.1025,29.4996
29093,39261,2016-02-01 22:46:40.000000 UTC,54550,31.1027,30.3758
16111,29093,2016-02-10 11:30:00.000000 UTC,56950,31.1027,31.2054
29093,39261,2016-02-06 04:01:40.000000 UTC,7570,31.1033,30.965
16111,28255,2016-02-08 09:15:00.000000 UTC,42430,31.1033,30.3099
28255,29093,2016-02-22 10:01:40.000000 UTC,6070,31.1035,31.0911
39261,16111,2016-02-12 18:40:00.000000 UTC,5650,31.1048,31.0921
29093,16111,2016-02-01 01:15:00.000000 UTC,4810,31.105,31.0929
29093,16111,2016-02-05 12:46:40.000000 UTC,9550,31.1051,28.9092
29093,39261,2016-02-06 04:01:40.000000 UTC,5770,31.1054,31.1105
28255,29093,2016-02-20 02:25:00.000000 UTC,5830,31.1055,31.0783
28255,29093,2016-02-20 02:25:00.000000 UTC,19210,31.1058,30.1609
16111,29093,2016-02-08 12:16:40.000000 UTC,4510,31.106,31.046
39261,28255,2016-02-16 02:46:40.000000 UTC,50470,31.1061,30.2461
29093,16111,2016-02-02 12:50:00.000000 UTC,4210,31.1063,30.9716
16111,29093,2016-02-07 23:31:40.000000 UTC,25990,31.1066,29.6209
39261,16111,2016-02-13 15:45:00.000000 UTC,5770,31.1075,31.0962
28255,29093,2016-02-23 16:31:40.000000 UTC,5710,31.108,31.0974
39261,29093,2016-02-12 23:55:00.000000 UTC,26350,31.1081,29.4921
29093,39261,2016-02-01 00:16:40.000000 UTC,5530,31.1084,31.0543
16111,39261,2016-02-07 23:31:40.000000 UTC,6790,31.1085,31.6041
39261,28255,2016-02-16 11:50:00.000000 UTC,9430,31.1088,27.8275
28255,29093,2016-02-19 03:16:40.000000 UTC,5410,31.1095,31.0904
16111,28255,2016-02-08 12:16:40.000000 UTC,5530,31.1096,31.1374
29093,39261,2016-02-01 23:55:00.000000 UTC,5470,31.1104,31.0797
28255,16111,2016-02-22 19:45:00.000000 UTC,5350,31.1121,31.0654
16111,28255,2016-02-08 15:25:00.000000 UTC,5830,31.1122,31.1405
16111,28255,2016-02-07 12:00:00.000000 UTC,8410,31.1123,28.3642
16111,39261,2016-02-07 01:10:00.000000 UTC,6130,31.1127,31.1271
29093,39261,2016-02-03 06:15:00.000000 UTC,6130,31.1129,31.1158
39261,16111,2016-02-14 17:15:00.000000 UTC,45430,31.1132,30.3523
29093,39261,2016-02-01 00:25:00.000000 UTC,5410,31.1137,31.083
29093,39261,2016-02-01 00:46:40.000000 UTC,5950,31.1147,30.9142
16111,29093,2016-02-08 20:20:00.000000 UTC,1390,31.1157,25.2335
39261,28255,2016-02-16 16:31:40.000000 UTC,6610,31.1171,31.0996
29093,39261,2016-02-01 22:46:40.000000 UTC,42370,31.1172,30.202
29093,16111,2016-02-01 05:16:40.000000 UTC,1270,31.1174,31.1248
39261,16111,2016-02-13 00:46:40.000000 UTC,1210,31.118,31.1232
16111,29093,2016-02-11 18:55:00.000000 UTC,5110,31.1184,31.1104
16111,39261,2016-02-06 19:20:00.000000 UTC,11950,31.1185,30.7813
28255,16111,2016-02-23 22:00:00.000000 UTC,5410,31.1187,31.0691
28255,16111,2016-02-18 10:55:00.000000 UTC,5830,31.1189,31.1201
29093,16111,2016-02-03 23:00:00.000000 UTC,3130,31.1203,30.5192
39261,16111,2016-02-12 11:10:00.000000 UTC,3070,31.1203,30.1513
16111,39261,2016-02-08 22:01:40.000000 UTC,13630,31.1206,29.3419
28255,16111,2016-02-21 20:16:40.000000 UTC,5470,31.1206,31.057
39261,29093,2016-02-12 13:55:00.000000 UTC,5890,31.1207,31.1236
39261,16111,2016-02-16 02:46:40.000000 UTC,18310,31.1209,28.8526
28255,16111,2016-02-19 11:50:00.000000 UTC,5830,31.1209,31.1158
28255,16111,2016-02-22 14:50:00.000000 UTC,5770,31.1211,31.1008
16111,39261,2016-02-08 13:50:00.000000 UTC,1450,31.1212,31.1501
16111,39261,2016-02-11 16:20:00.000000 UTC,45970,31.1221,30.2927
29093,39261,2016-02-06 12:01:40.000000 UTC,52270,31.1222,30.4554
39261,29093,2016-02-12 11:46:40.000000 UTC,5950,31.1222,31.1201
39261,28255,2016-02-16 05:00:00.000000 UTC,6730,31.1222,31.1298
39261,29093,2016-02-14 12:10:00.000000 UTC,5830,31.1223,31.1254
28255,39261,2016-02-20 09:01:40.000000 UTC,24850,31.1231,28.482
16111,29093,2016-02-11 11:15:00.000000 UTC,5050,31.1234,31.1146
29093,16111,2016-02-01 00:01:40.000000 UTC,45370,31.1235,30.388
29093,39261,2016-02-02 14:16:40.000000 UTC,32890,31.1235,29.4869
29093,39261,2016-02-01 03:20:00.000000 UTC,6850,31.1238,30.9499
39261,29093,2016-02-14 17:15:00.000000 UTC,5470,31.1249,30.9619
29093,39261,2016-02-01 00:25:00.000000 UTC,5470,31.1255,31.0866
16111,28255,2016-02-08 22:01:40.000000 UTC,40030,31.1256,29.332
29093,16111,2016-02-02 04:45:00.000000 UTC,4450,31.1258,31.1528
16111,39261,2016-02-07 17:25:00.000000 UTC,7990,31.1259,27.6839
29093,16111,2016-02-04 20:15:00.000000 UTC,25150,31.126,30.3265
29093,28255,2016-02-01 23:55:00.000000 UTC,55870,31.1264,30.7542
39261,28255,2016-02-16 11:50:00.000000 UTC,6610,31.1265,31.1292
28255,16111,2016-02-18 14:15:00.000000 UTC,23650,31.1267,30.2587
29093,39261,2016-02-01 02:55:00.000000 UTC,5710,31.1274,30.9822
16111,29093,2016-02-08 20:20:00.000000 UTC,4390,31.1277,31.1111
16111,29093,2016-02-07 22:15:00.000000 UTC,730,31.1279,31.1386
29093,16111,2016-02-02 11:25:00.000000 UTC,4570,31.1287,30.9141
16111,39261,2016-02-06 18:16:40.000000 UTC,1330,31.1295,31.1615
39261,29093,2016-02-13 12:05:00.000000 UTC,52810,31.1296,30.6493
39261,29093,2016-02-12 12:50:00.000000 UTC,5890,31.1302,31.1208
28255,39261,2016-02-19 21:45:00.000000 UTC,6670,31.1303,31.0661
29093,28255,2016-02-02 07:20:00.000000 UTC,57550,31.1308,30.5677
29093,28255,2016-02-05 12:46:40.000000 UTC,5950,31.1308,31.1472
28255,16111,2016-02-20 12:30:00.000000 UTC,5950,31.131,31.194
29093,28255,2016-02-04 09:16:40.000000 UTC,6190,31.1311,31.1541
16111,29093,2016-02-10 09:16:40.000000 UTC,33010,31.1311,29.4435
39261,29093,2016-02-13 13:16:40.000000 UTC,8530,31.1312,27.4978
29093,39261,2016-02-01 19:31:40.000000 UTC,47650,31.1315,30.2798
39261,16111,2016-02-16 05:00:00.000000 UTC,5950,31.1323,31.1405
28255,16111,2016-02-21 13:46:40.000000 UTC,1630,31.1329,31.1792
28255,39261,2016-02-21 18:05:00.000000 UTC,32110,31.1335,28.0386
16111,39261,2016-02-06 22:15:00.000000 UTC,5770,31.1339,31.1331
16111,28255,2016-02-07 04:46:40.000000 UTC,59650,31.1341,30.4807
39261,28255,2016-02-12 14:46:40.000000 UTC,1390,31.1342,31.0971
16111,39261,2016-02-06 23:20:00.000000 UTC,1810,31.1358,31.1593
16111,39261,2016-02-12 00:10:00.000000 UTC,42370,31.1361,29.8709
29093,39261,2016-02-06 01:25:00.000000 UTC,23590,31.1365,28.4414
28255,39261,2016-02-18 16:35:00.000000 UTC,48910,31.1366,30.0499
39261,29093,2016-02-14 07:20:00.000000 UTC,59110,31.1372,31.0667
16111,28255,2016-02-10 00:40:00.000000 UTC,39790,31.1374,30.2781
28255,16111,2016-02-23 05:55:00.000000 UTC,30910,31.1377,29.0793
28255,39261,2016-02-19 21:45:00.000000 UTC,6730,31.1379,31.0669
39261,28255,2016-02-12 13:31:40.000000 UTC,59770,31.138,30.7328
39261,28255,2016-02-16 16:31:40.000000 UTC,6670,31.139,31.1259
39261,29093,2016-02-14 13:50:00.000000 UTC,1750,31.1393,31.1407
16111,29093,2016-02-09 18:30:00.000000 UTC,56470,31.1395,31.231
28255,39261,2016-02-18 06:20:00.000000 UTC,1270,31.1396,31.0863
16111,29093,2016-02-08 07:46:40.000000 UTC,850,31.1407,31.0803
39261,16111,2016-02-12 18:40:00.000000 UTC,5710,31.1407,31.1373
16111,29093,2016-02-07 04:46:40.000000 UTC,31210,31.1408,29.7467
28255,39261,2016-02-19 21:45:00.000000 UTC,6910,31.1408,31.039
29093,28255,2016-02-06 12:01:40.000000 UTC,6190,31.1411,31.2775
29093,16111,2016-02-01 01:15:00.000000 UTC,4870,31.1413,31.122
29093,28255,2016-02-02 17:15:00.000000 UTC,27970,31.1415,28.5633
39261,29093,2016-02-12 16:50:00.000000 UTC,5230,31.1416,30.8787
28255,16111,2016-02-21 13:46:40.000000 UTC,5830,31.1416,31.1324
28255,39261,2016-02-18 21:01:40.000000 UTC,2350,31.1417,25.7343
29093,39261,2016-02-04 05:05:00.000000 UTC,5830,31.1418,31.1403
16111,29093,2016-02-09 06:55:00.000000 UTC,4630,31.1419,31.1477
16111,29093,2016-02-07 07:16:40.000000 UTC,550,31.1422,31.0603
28255,39261,2016-02-19 21:45:00.000000 UTC,6790,31.1424,31.0629
28255,29093,2016-02-20 04:01:40.000000 UTC,5650,31.1424,31.0504
16111,28255,2016-02-07 15:10:00.000000 UTC,6070,31.1427,31.1563
29093,39261,2016-02-01 03:46:40.000000 UTC,5650,31.143,31.1795
29093,39261,2016-02-03 06:15:00.000000 UTC,6490,31.1433,31.3152
16111,29093,2016-02-08 18:40:00.000000 UTC,4450,31.1434,31.1169
28255,39261,2016-02-19 21:45:00.000000 UTC,6850,31.1435,31.0538
28255,16111,2016-02-18 15:46:40.000000 UTC,5470,31.1444,31.105
16111,29093,2016-02-08 17:01:40.000000 UTC,26410,31.1446,29.6114
28255,39261,2016-02-19 17:20:00.000000 UTC,6310,31.1448,30.9623
29093,39261,2016-02-02 04:45:00.000000 UTC,5710,31.1453,31.1507
16111,29093,2016-02-06 20:01:40.000000 UTC,3070,31.1459,30.4425
28255,29093,2016-02-23 13:50:00.000000 UTC,6130,31.1463,31.1187
16111,29093,2016-02-06 19:40:00.000000 UTC,43930,31.147,30.0093
29093,16111,2016-02-02 21:55:00.000000 UTC,10990,31.1475,29.4641
29093,28255,2016-02-01 20:35:00.000000 UTC,5710,31.1478,31.1447
16111,28255,2016-02-10 16:01:40.000000 UTC,5830,31.1479,31.1486
39261,16111,2016-02-17 17:40:00.000000 UTC,370,31.148,31.1314
29093,39261,2016-02-03 09:46:40.000000 UTC,39190,31.1496,30.1572
39261,28255,2016-02-16 11:50:00.000000 UTC,6670,31.1497,31.1611
16111,28255,2016-02-07 08:10:00.000000 UTC,1450,31.1501,31.1646
29093,39261,2016-02-01 05:16:40.000000 UTC,5710,31.1503,31.1447
16111,39261,2016-02-07 05:35:00.000000 UTC,2530,31.1506,29.9009
39261,29093,2016-02-13 17:01:40.000000 UTC,5950,31.1515,31.043
29093,16111,2016-02-02 01:05:00.000000 UTC,4750,31.1522,31.0708
29093,28255,2016-02-05 22:50:00.000000 UTC,26230,31.1524,27.8734
29093,28255,2016-02-05 20:16:40.000000 UTC,57670,31.1526,30.4371
39261,16111,2016-02-16 07:15:00.000000 UTC,57490,31.1527,31.0553
16111,39261,2016-02-07 22:15:00.000000 UTC,6010,31.1536,31.1632
29093,28255,2016-02-01 21:40:00.000000 UTC,6850,31.1541,31.2103
16111,28255,2016-02-06 18:45:00.000000 UTC,13390,31.1543,27.9954
28255,39261,2016-02-20 14:16:40.000000 UTC,6790,31.1547,31.1298
16111,29093,2016-02-10 04:55:00.000000 UTC,1390,31.1548,31.1932
16111,39261,2016-02-11 06:16:40.000000 UTC,1510,31.1551,31.1721
28255,16111,2016-02-19 10:31:40.000000 UTC,5950,31.1557,31.1322
39261,16111,2016-02-15 08:01:40.000000 UTC,6070,31.1558,31.1497
16111,29093,2016-02-09 20:31:40.000000 UTC,4810,31.1561,31.1445
28255,29093,2016-02-20 02:25:00.000000 UTC,25690,31.1565,28.3177
16111,39261,2016-02-06 20:01:40.000000 UTC,5710,31.1581,31.1263
16111,39261,2016-02-06 20:01:40.000000 UTC,5530,31.1583,31.075
29093,28255,2016-02-03 02:50:00.000000 UTC,5830,31.1595,31.179
39261,16111,2016-02-17 07:16:40.000000 UTC,33910,31.1595,30.1914
39261,29093,2016-02-14 07:20:00.000000 UTC,59710,31.1611,30.1689
28255,16111,2016-02-19 20:15:00.000000 UTC,5230,31.1613,30.9
39261,28255,2016-02-16 07:15:00.000000 UTC,6850,31.1617,31.1525
28255,29093,2016-02-21 05:30:00.000000 UTC,6130,31.162,31.1478
29093,16111,2016-02-01 02:55:00.000000 UTC,4930,31.1623,31.149
39261,29093,2016-02-12 12:31:40.000000 UTC,6010,31.1631,31.1543
29093,28255,2016-02-03 08:00:00.000000 UTC,8290,31.1634,31.3146
28255,16111,2016-02-18 12:50:00.000000 UTC,5650,31.1636,31.1326
29093,28255,2016-02-01 22:46:40.000000 UTC,5890,31.1639,31.1819
28255,29093,2016-02-18 10:55:00.000000 UTC,49810,31.1642,30.1842
29093,28255,2016-02-02 21:55:00.000000 UTC,5290,31.1649,31.0885
39261,28255,2016-02-16 11:50:00.000000 UTC,7450,31.1654,31.2427
39261,16111,2016-02-13 14:30:00.000000 UTC,5950,31.1656,31.1527
16111,28255,2016-02-07 13:01:40.000000 UTC,1810,31.1659,31.1779
16111,28255,2016-02-09 14:31:40.000000 UTC,11350,31.1669,26.9427
16111,29093,2016-02-11 11:15:00.000000 UTC,5110,31.1669,31.174
16111,39261,2016-02-06 19:40:00.000000 UTC,5410,31.167,31.0656
29093,16111,2016-02-02 06:01:40.000000 UTC,4510,31.1674,31.1332
28255,16111,2016-02-18 15:46:40.000000 UTC,5530,31.1686,31.1224
39261,16111,2016-02-12 16:16:40.000000 UTC,6070,31.1692,31.1643
39261,28255,2016-02-13 13:16:40.000000 UTC,970,31.1695,31.1267
16111,28255,2016-02-07 22:15:00.000000 UTC,51550,31.1708,30.7964
29093,16111,2016-02-01 14:40:00.000000 UTC,10930,31.1711,30.8626
39261,29093,2016-02-18 01:45:00.000000 UTC,20410,31.1712,30.0997
29093,28255,2016-02-01 21:40:00.000000 UTC,6790,31.1727,31.2458
16111,28255,2016-02-06 17:31:40.000000 UTC,15670,31.1728,29.0482
29093,39261,2016-02-02 07:20:00.000000 UTC,13750,31.173,30.928
29093,16111,2016-02-01 01:15:00.000000 UTC,4930,31.1733,31.1458
29093,16111,2016-02-01 16:31:40.000000 UTC,4630,31.1739,31.1399
29093,16111,2016-02-03 19:05:00.000000 UTC,5650,31.1739,26.7666
16111,29093,2016-02-09 20:31:40.000000 UTC,4750,31.1749,31.1146
16111,39261,2016-02-08 09:15:00.000000 UTC,23050,31.175,30.2699
39261,29093,2016-02-14 07:20:00.000000 UTC,7390,31.1751,31.6793
16111,28255,2016-02-09 14:31:40.000000 UTC,5710,31.1755,31.1978
39261,28255,2016-02-12 12:15:00.000000 UTC,54250,31.1755,30.2406
29093,28255,2016-02-03 19:05:00.000000 UTC,47230,31.1763,30.1443
29093,39261,2016-02-02 03:30:00.000000 UTC,1690,31.1764,31.206
29093,28255,2016-02-01 07:40:00.000000 UTC,46870,31.1776,29.7824
39261,29093,2016-02-12 13:31:40.000000 UTC,5890,31.1779,31.1583
39261,29093,2016-02-13 12:05:00.000000 UTC,6010,31.1781,31.1673
39261,16111,2016-02-12 15:45:00.000000 UTC,6010,31.1782,31.179
16111,39261,2016-02-10 23:01:40.000000 UTC,610,31.1784,31.2251
28255,29093,2016-02-20 09:01:40.000000 UTC,5830,31.1784,31.0835
28255,39261,2016-02-20 14:16:40.000000 UTC,6850,31.1787,31.1589
29093,16111,2016-02-01 04:45:00.000000 UTC,50350,31.1793,31.2826
29093,16111,2016-02-04 05:05:00.000000 UTC,58450,31.1797,30.1097
16111,29093,2016-02-07 23:31:40.000000 UTC,4090,31.18,30.8292
29093,16111,2016-02-02 07:20:00.000000 UTC,4510,31.1802,31.03
29093,28255,2016-02-01 13:46:40.000000 UTC,48010,31.1808,30.0372
28255,16111,2016-02-21 15:55:00.000000 UTC,5650,31.1819,31.157
39261,29093,2016-02-15 12:00:00.000000 UTC,5950,31.1823,31.1585
16111,29093,2016-02-12 02:50:00.000000 UTC,5590,31.1824,31.4455
29093,28255,2016-02-06 12:01:40.000000 UTC,6250,31.1837,31.2396
29093,28255,2016-02-01 20:35:00.000000 UTC,5770,31.1841,31.1883
28255,29093,2016-02-23 16:31:40.000000 UTC,14170,31.1842,28.2476
39261,16111,2016-02-13 22:25:00.000000 UTC,20770,31.1845,28.5617
16111,28255,2016-02-06 17:31:40.000000 UTC,19930,31.1855,29.8206
39261,16111,2016-02-12 11:05:00.000000 UTC,2350,31.1857,29.2064
28255,39261,2016-02-19 01:05:00.000000 UTC,1570,31.1857,31.2158
16111,39261,2016-02-06 20:01:40.000000 UTC,5830,31.1861,31.1396
39261,29093,2016-02-12 12:15:00.000000 UTC,6070,31.1863,31.1729
28255,29093,2016-02-18 06:20:00.000000 UTC,1090,31.1864,31.1869
29093,39261,2016-02-01 07:40:00.000000 UTC,6370,31.1869,31.187
29093,39261,2016-02-01 05:16:40.000000 UTC,5770,31.1871,31.1929
29093,39261,2016-02-01 19:31:40.000000 UTC,34210,31.1872,29.6606
29093,28255,2016-02-04 05:05:00.000000 UTC,1750,31.1875,31.1786
39261,29093,2016-02-13 09:46:40.000000 UTC,6190,31.1879,31.1775
28255,29093,2016-02-19 04:25:00.000000 UTC,5530,31.188,31.1352
16111,29093,2016-02-09 20:31:40.000000 UTC,4870,31.1885,31.1694
28255,29093,2016-02-22 17:16:40.000000 UTC,5470,31.1907,31.1615
39261,16111,2016-02-15 02:16:40.000000 UTC,59290,31.1908,31.4411
16111,28255,2016-02-08 10:45:00.000000 UTC,5350,31.1911,31.088
39261,28255,2016-02-14 05:46:40.000000 UTC,10090,31.1912,30.0363
29093,28255,2016-02-06 12:01:40.000000 UTC,43090,31.1918,30.0674
29093,28255,2016-02-02 20:20:00.000000 UTC,5170,31.1924,31.0667
16111,39261,2016-02-08 22:01:40.000000 UTC,31750,31.1931,29.3944
29093,28255,2016-02-03 04:31:40.000000 UTC,6070,31.1932,31.2141
16111,29093,2016-02-12 11:00:00.000000 UTC,7150,31.1932,30.5774
39261,16111,2016-02-14 13:50:00.000000 UTC,24250,31.1952,29.6355
39261,16111,2016-02-17 04:45:00.000000 UTC,5770,31.1952,31.1807
39261,29093,2016-02-13 12:05:00.000000 UTC,7450,31.1956,31.0671
39261,16111,2016-02-13 14:30:00.000000 UTC,52270,31.1957,30.832
29093,16111,2016-02-06 17:30:00.000000 UTC,1330,31.1964,31.2312
28255,39261,2016-02-20 00:50:00.000000 UTC,6490,31.1964,31.0371
28255,29093,2016-02-19 15:55:00.000000 UTC,31690,31.1971,29.9497
16111,29093,2016-02-10 09:16:40.000000 UTC,56890,31.1974,31.3222
29093,28255,2016-02-06 14:45:00.000000 UTC,5770,31.1975,31.1398
39261,29093,2016-02-17 12:25:00.000000 UTC,5950,31.1975,31.1729
29093,39261,2016-02-01 02:10:00.000000 UTC,6730,31.1982,30.731
28255,16111,2016-02-18 09:15:00.000000 UTC,6070,31.1995,31.1892
28255,16111,2016-02-23 05:55:00.000000 UTC,19930,31.2004,29.506
16111,28255,2016-02-07 14:05:00.000000 UTC,5950,31.2005,31.2009
16111,29093,2016-02-11 01:25:00.000000 UTC,5110,31.2008,31.3382
16111,29093,2016-02-09 08:46:40.000000 UTC,4570,31.2012,31.1794
28255,29093,2016-02-20 23:35:00.000000 UTC,250,31.2013,30.9416
29093,16111,2016-02-02 01:05:00.000000 UTC,55750,31.2018,30.9646
28255,16111,2016-02-18 15:46:40.000000 UTC,5710,31.202,31.133
29093,16111,2016-02-01 15:35:00.000000 UTC,5050,31.2023,31.0721
16111,39261,2016-02-11 06:16:40.000000 UTC,5710,31.2024,31.1474
16111,39261,2016-02-07 21:00:00.000000 UTC,6130,31.2027,31.2699
29093,28255,2016-02-01 00:00:00.000000 UTC,50830,31.2034,30.533
29093,28255,2016-02-05 07:55:00.000000 UTC,5530,31.2039,31.1701
39261,29093,2016-02-12 11:35:00.000000 UTC,6070,31.2042,31.2059
29093,28255,2016-02-01 17:30:00.000000 UTC,5590,31.2046,31.1877
16111,29093,2016-02-11 06:16:40.000000 UTC,13510,31.2046,27.8169
16111,39261,2016-02-12 08:15:00.000000 UTC,6130,31.2047,31.1965
16111,29093,2016-02-11 03:50:00.000000 UTC,5110,31.2051,31.2049
29093,39261,2016-02-01 11:16:40.000000 UTC,33730,31.2052,29.501
39261,29093,2016-02-12 20:45:00.000000 UTC,1210,31.2052,31.1947
28255,39261,2016-02-19 20:15:00.000000 UTC,7150,31.2063,30.8864
29093,16111,2016-02-01 05:50:00.000000 UTC,5050,31.2066,31.1612
29093,28255,2016-02-05 22:50:00.000000 UTC,58030,31.2068,30.6104
28255,29093,2016-02-21 05:30:00.000000 UTC,6070,31.2076,31.0975
16111,28255,2016-02-08 02:10:00.000000 UTC,52390,31.2077,30.888
28255,16111,2016-02-23 03:20:00.000000 UTC,850,31.2078,31.1983
39261,29093,2016-02-17 12:25:00.000000 UTC,6010,31.2085,31.1844
16111,39261,2016-02-07 04:46:40.000000 UTC,52210,31.2087,29.3623
28255,29093,2016-02-20 09:01:40.000000 UTC,5350,31.2092,31.1029
16111,28255,2016-02-07 11:00:00.000000 UTC,17530,31.2102,28.7843
16111,39261,2016-02-10 04:55:00.000000 UTC,58390,31.2109,29.6836
28255,29093,2016-02-18 09:15:00.000000 UTC,44530,31.211,30.0052
29093,16111,2016-02-02 17:15:00.000000 UTC,4270,31.2117,31.0508
28255,39261,2016-02-18 16:35:00.000000 UTC,19510,31.2119,28.3283
39261,16111,2016-02-12 15:15:00.000000 UTC,6190,31.2125,31.2122
39261,29093,2016-02-12 12:15:00.000000 UTC,6130,31.2132,31.2081
28255,16111,2016-02-19 11:50:00.000000 UTC,8710,31.2136,27.9886
16111,39261,2016-02-07 07:16:40.000000 UTC,46270,31.2145,30.4233
28255,39261,2016-02-18 06:40:00.000000 UTC,1270,31.2146,31.2069
28255,16111,2016-02-21 15:55:00.000000 UTC,5710,31.2152,31.1968
16111,39261,2016-02-07 21:00:00.000000 UTC,6010,31.2154,31.1946
16111,39261,2016-02-12 00:10:00.000000 UTC,42070,31.2154,30.2971
29093,16111,2016-02-01 04:45:00.000000 UTC,4930,31.2159,31.2369
28255,29093,2016-02-22 07:40:00.000000 UTC,53770,31.2159,30.3974
29093,16111,2016-02-01 02:31:40.000000 UTC,4870,31.216,31.2126
28255,29093,2016-02-19 04:25:00.000000 UTC,5590,31.2166,31.1575
16111,29093,2016-02-09 20:31:40.000000 UTC,4930,31.2168,31.1893
16111,39261,2016-02-06 19:20:00.000000 UTC,19090,31.2175,29.577
39261,29093,2016-02-12 11:16:40.000000 UTC,6130,31.2181,31.2004
28255,29093,2016-02-19 02:10:00.000000 UTC,5830,31.2184,31.1305
28255,29093,2016-02-22 17:16:40.000000 UTC,5410,31.2186,31.1385
39261,28255,2016-02-17 02:15:00.000000 UTC,6730,31.2195,31.0072
16111,39261,2016-02-06 18:16:40.000000 UTC,48550,31.2198,30.5472
16111,39261,2016-02-09 16:30:00.000000 UTC,6130,31.2199,31.2088
16111,29093,2016-02-07 11:00:00.000000 UTC,20170,31.22,29.8905
39261,16111,2016-02-12 17:25:00.000000 UTC,19510,31.2218,28.8084
16111,28255,2016-02-08 12:16:40.000000 UTC,18610,31.222,30.6393
28255,16111,2016-02-18 06:40:00.000000 UTC,18250,31.2232,28.5422
29093,16111,2016-02-01 04:15:00.000000 UTC,5050,31.2234,31.1783
16111,28255,2016-02-06 18:45:00.000000 UTC,51130,31.2236,30.5125
39261,28255,2016-02-16 11:50:00.000000 UTC,7390,31.2241,31.2623
29093,28255,2016-02-02 12:50:00.000000 UTC,58630,31.2242,30.7337
39261,16111,2016-02-14 15:31:40.000000 UTC,5770,31.2244,31.1131
16111,39261,2016-02-08 06:20:00.000000 UTC,490,31.225,31.2756
28255,29093,2016-02-22 05:20:00.000000 UTC,19030,31.225,29.3506
28255,29093,2016-02-18 21:01:40.000000 UTC,6130,31.2251,31.2143
29093,16111,2016-02-01 02:55:00.000000 UTC,32590,31.2252,29.6489
28255,16111,2016-02-19 04:25:00.000000 UTC,59830,31.2255,30.7428
28255,39261,2016-02-21 22:30:00.000000 UTC,2230,31.2258,28.3615
28255,39261,2016-02-22 00:45:00.000000 UTC,1930,31.2258,27.1061
39261,29093,2016-02-14 08:55:00.000000 UTC,47950,31.227,30.1057
29093,16111,2016-02-01 03:20:00.000000 UTC,4750,31.2284,31.2297
39261,16111,2016-02-14 10:31:40.000000 UTC,6190,31.2288,31.2269
28255,29093,2016-02-19 01:05:00.000000 UTC,5830,31.2298,31.1978
28255,29093,2016-02-22 10:01:40.000000 UTC,6550,31.23,31.4311
16111,29093,2016-02-11 01:25:00.000000 UTC,4990,31.2305,31.2244
29093,16111,2016-02-01 14:40:00.000000 UTC,4450,31.2312,31.1638
16111,29093,2016-02-07 15:10:00.000000 UTC,25570,31.2314,29.2342
29093,28255,2016-02-05 07:55:00.000000 UTC,6010,31.2315,31.3296
28255,16111,2016-02-18 11:31:40.000000 UTC,5830,31.2317,31.2103
39261,29093,2016-02-16 09:31:40.000000 UTC,6130,31.2321,31.2281
39261,28255,2016-02-16 05:00:00.000000 UTC,15490,31.2325,28.3409
28255,16111,2016-02-18 12:50:00.000000 UTC,5770,31.2332,31.218
39261,29093,2016-02-12 11:25:00.000000 UTC,6130,31.2344,31.2302
39261,29093,2016-02-12 18:01:40.000000 UTC,40030,31.2349,30.3998
16111,28255,2016-02-10 18:20:00.000000 UTC,44170,31.2351,30.2037
29093,16111,2016-02-01 02:10:00.000000 UTC,45430,31.2358,30.2319
28255,29093,2016-02-22 14:50:00.000000 UTC,6010,31.236,31.1867
29093,28255,2016-02-06 12:01:40.000000 UTC,1630,31.2362,31.2657
29093,28255,2016-02-01 21:40:00.000000 UTC,6730,31.2371,31.2708
39261,29093,2016-02-15 04:10:00.000000 UTC,30910,31.2377,29.7903
39261,28255,2016-02-16 14:10:00.000000 UTC,6970,31.2378,31.132
29093,28255,2016-02-05 20:16:40.000000 UTC,51490,31.2385,30.5989
39261,29093,2016-02-12 12:15:00.000000 UTC,6190,31.2385,31.2398
28255,16111,2016-02-18 10:20:00.000000 UTC,5950,31.2386,31.2183
16111,39261,2016-02-06 20:25:00.000000 UTC,17290,31.2392,28.563
39261,29093,2016-02-13 10:55:00.000000 UTC,6130,31.2398,31.2318
39261,29093,2016-02-14 10:31:40.000000 UTC,6130,31.2398,31.2411
39261,29093,2016-02-15 10:00:00.000000 UTC,6130,31.2398,31.2352
16111,39261,2016-02-08 20:20:00.000000 UTC,1390,31.2405,31.296
28255,29093,2016-02-19 04:25:00.000000 UTC,5650,31.2413,31.1743
29093,28255,2016-02-05 10:20:00.000000 UTC,6370,31.2422,31.3183
29093,28255,2016-02-04 05:05:00.000000 UTC,5710,31.2424,31.2293
16111,28255,2016-02-08 13:50:00.000000 UTC,5830,31.2428,31.2673
39261,28255,2016-02-15 18:10:00.000000 UTC,8290,31.2429,31.2592
39261,28255,2016-02-12 16:50:00.000000 UTC,47830,31.2435,30.3716
39261,16111,2016-02-17 02:15:00.000000 UTC,6190,31.2442,31.2405
28255,39261,2016-02-20 17:55:00.000000 UTC,6970,31.245,31.2115
28255,29093,2016-02-22 17:16:40.000000 UTC,5830,31.2452,31.1551
28255,29093,2016-02-19 00:01:40.000000 UTC,5830,31.2456,31.2272
39261,29093,2016-02-12 12:00:00.000000 UTC,6130,31.2465,31.2271
16111,28255,2016-02-10 18:20:00.000000 UTC,6070,31.2474,31.2494
39261,16111,2016-02-17 23:01:40.000000 UTC,6130,31.248,31.2568
29093,28255,2016-02-01 17:30:00.000000 UTC,5710,31.2488,31.2214
39261,16111,2016-02-15 04:10:00.000000 UTC,18790,31.2493,29.1928
29093,39261,2016-02-01 01:50:00.000000 UTC,5890,31.2497,31.1772
39261,16111,2016-02-16 09:31:40.000000 UTC,46030,31.2502,30.3415
39261,29093,2016-02-12 11:00:00.000000 UTC,6250,31.2503,31.2386
29093,16111,2016-02-01 21:40:00.000000 UTC,26110,31.2506,28.6206
16111,29093,2016-02-06 17:30:00.000000 UTC,2230,31.2511,28.7578
29093,16111,2016-02-01 17:30:00.000000 UTC,4690,31.2512,31.2288
29093,39261,2016-02-06 06:40:00.000000 UTC,6490,31.2515,31.2613
28255,39261,2016-02-18 07:25:00.000000 UTC,22450,31.2515,27.7293
28255,29093,2016-02-22 14:50:00.000000 UTC,6070,31.2516,31.1958
16111,39261,2016-02-09 16:30:00.000000 UTC,6190,31.2522,31.2519
28255,39261,2016-02-18 05:05:00.000000 UTC,19090,31.2522,28.1755
29093,28255,2016-02-05 10:20:00.000000 UTC,6310,31.2523,31.3081
28255,29093,2016-02-20 05:40:00.000000 UTC,5710,31.2525,31.2305
39261,28255,2016-02-13 02:35:00.000000 UTC,7210,31.2527,26.8449
29093,39261,2016-02-02 04:45:00.000000 UTC,1750,31.2532,31.2804
29093,16111,2016-02-01 21:40:00.000000 UTC,4810,31.2534,31.0181
28255,39261,2016-02-18 10:20:00.000000 UTC,1270,31.2542,32.0289
39261,29093,2016-02-16 21:20:00.000000 UTC,50170,31.2543,30.5181
29093,39261,2016-02-02 08:40:00.000000 UTC,6610,31.2553,31.2613
29093,28255,2016-02-01 04:45:00.000000 UTC,51670,31.2554,30.7571
39261,29093,2016-02-12 11:16:40.000000 UTC,6190,31.2556,31.2507
39261,16111,2016-02-12 14:46:40.000000 UTC,6370,31.2568,31.2528
39261,16111,2016-02-12 19:20:00.000000 UTC,5890,31.2568,31.2374
16111,39261,2016-02-08 20:20:00.000000 UTC,6310,31.2586,31.2536
28255,39261,2016-02-18 17:25:00.000000 UTC,1450,31.2592,31.2198
16111,29093,2016-02-08 23:45:00.000000 UTC,4750,31.2602,31.1504
29093,39261,2016-02-02 11:25:00.000000 UTC,19930,31.2606,29.0383
28255,29093,2016-02-20 02:25:00.000000 UTC,19810,31.2612,28.9874
29093,39261,2016-02-02 03:30:00.000000 UTC,43390,31.2618,30.4513
28255,39261,2016-02-20 17:55:00.000000 UTC,7030,31.2622,31.2347
39261,29093,2016-02-12 11:05:00.000000 UTC,6250,31.2625,31.2556
39261,16111,2016-02-12 18:40:00.000000 UTC,5890,31.2626,31.2461
16111,29093,2016-02-12 05:31:40.000000 UTC,5350,31.2629,31.267
39261,16111,2016-02-13 18:20:00.000000 UTC,7750,31.2632,27.5694
39261,16111,2016-02-12 21:30:00.000000 UTC,56830,31.2633,30.8472
28255,29093,2016-02-22 14:50:00.000000 UTC,6130,31.2634,31.1992
28255,16111,2016-02-18 11:31:40.000000 UTC,5890,31.2641,31.2539
16111,28255,2016-02-10 00:40:00.000000 UTC,57730,31.2652,30.7503
39261,28255,2016-02-12 12:15:00.000000 UTC,7750,31.2656,27.0119
39261,29093,2016-02-14 17:15:00.000000 UTC,51430,31.266,30.4681
28255,16111,2016-02-22 00:45:00.000000 UTC,10090,31.2662,30.4525
28255,39261,2016-02-20 10:45:00.000000 UTC,7570,31.2687,31.1426
28255,29093,2016-02-18 15:00:00.000000 UTC,26710,31.269,29.4739
29093,39261,2016-02-01 07:40:00.000000 UTC,6550,31.2691,31.2912
39261,28255,2016-02-14 07:20:00.000000 UTC,14290,31.2691,26.1441
39261,16111,2016-02-14 13:50:00.000000 UTC,6070,31.2703,31.2403
16111,39261,2016-02-09 06:55:00.000000 UTC,41410,31.2706,30.5382
28255,29093,2016-02-22 14:50:00.000000 UTC,6190,31.2706,31.196
39261,28255,2016-02-15 18:10:00.000000 UTC,8350,31.2707,31.2229
29093,28255,2016-02-05 07:55:00.000000 UTC,5890,31.2709,31.3195
29093,28255,2016-02-05 07:55:00.000000 UTC,5830,31.2717,31.3064
16111,29093,2016-02-09 18:30:00.000000 UTC,4690,31.2719,31.1927
16111,29093,2016-02-07 05:35:00.000000 UTC,49150,31.272,31.3281
39261,29093,2016-02-16 02:46:40.000000 UTC,55090,31.2722,29.7909
16111,29093,2016-02-06 19:40:00.000000 UTC,43690,31.2726,30.4503
29093,28255,2016-02-06 12:01:40.000000 UTC,5770,31.2736,31.2937
29093,28255,2016-02-05 07:55:00.000000 UTC,23470,31.2738,29.019
39261,28255,2016-02-12 16:50:00.000000 UTC,7390,31.2742,27.734
39261,29093,2016-02-13 10:55:00.000000 UTC,6190,31.2744,31.2783
16111,28255,2016-02-12 02:50:00.000000 UTC,51910,31.2755,30.4271
16111,29093,2016-02-07 03:15:00.000000 UTC,43690,31.2761,30.6747
39261,16111,2016-02-17 07:16:40.000000 UTC,5590,31.2766,31.0941
16111,28255,2016-02-10 13:45:00.000000 UTC,6010,31.2769,31.3395
28255,39261,2016-02-20 17:55:00.000000 UTC,7090,31.2773,31.2547
29093,39261,2016-02-02 01:05:00.000000 UTC,49210,31.2779,30.0854
28255,29093,2016-02-19 00:01:40.000000 UTC,5890,31.2781,31.2698
16111,39261,2016-02-06 21:16:40.000000 UTC,6190,31.2793,31.2717
39261,29093,2016-02-15 18:10:00.000000 UTC,1330,31.2795,31.2614
16111,28255,2016-02-07 13:01:40.000000 UTC,5890,31.28,31.2936
29093,16111,2016-02-03 15:16:40.000000 UTC,30970,31.2808,29.6222
29093,16111,2016-02-03 23:00:00.000000 UTC,3490,31.2809,30.7778
28255,39261,2016-02-20 10:45:00.000000 UTC,7510,31.2818,31.1733
28255,29093,2016-02-18 14:15:00.000000 UTC,13690,31.2819,28.9338
16111,39261,2016-02-07 00:31:40.000000 UTC,6130,31.2826,31.2899
39261,29093,2016-02-17 09:50:00.000000 UTC,6190,31.2826,31.2643
28255,39261,2016-02-20 10:45:00.000000 UTC,7150,31.2827,31.2291
16111,28255,2016-02-06 17:35:00.000000 UTC,19390,31.2829,28.8003
16111,39261,2016-02-07 15:10:00.000000 UTC,1270,31.2831,31.2711
28255,39261,2016-02-20 09:01:40.000000 UTC,6970,31.2832,31.1924
39261,29093,2016-02-12 13:31:40.000000 UTC,6910,31.2841,31.0747
28255,39261,2016-02-20 23:35:00.000000 UTC,8350,31.2841,31.1092
28255,16111,2016-02-23 19:15:00.000000 UTC,5650,31.2864,31.1902
39261,29093,2016-02-15 04:10:00.000000 UTC,54490,31.287,30.6938
16111,29093,2016-02-12 00:10:00.000000 UTC,5410,31.2872,31.2935
28255,39261,2016-02-20 07:20:00.000000 UTC,32890,31.2872,29.0962
39261,16111,2016-02-13 17:01:40.000000 UTC,51730,31.2873,30.6704
29093,16111,2016-02-03 01:10:00.000000 UTC,31390,31.2881,29.7707
28255,16111,2016-02-23 03:20:00.000000 UTC,31630,31.2881,29.3837
28255,29093,2016-02-22 10:01:40.000000 UTC,1210,31.2884,31.2906
39261,29093,2016-02-12 12:00:00.000000 UTC,6250,31.2892,31.2859
39261,16111,2016-02-17 04:45:00.000000 UTC,6850,31.2896,31.1879
39261,29093,2016-02-17 09:50:00.000000 UTC,47050,31.2896,30.8021
28255,39261,2016-02-20 10:45:00.000000 UTC,7210,31.2896,31.2314
29093,39261,2016-02-01 07:01:40.000000 UTC,6130,31.2897,31.2905
16111,29093,2016-02-11 21:31:40.000000 UTC,5290,31.2897,31.2851
16111,29093,2016-02-12 11:00:00.000000 UTC,5530,31.2897,31.2867
29093,16111,2016-02-01 03:20:00.000000 UTC,4870,31.2899,31.2859
29093,39261,2016-02-02 01:05:00.000000 UTC,1450,31.2903,31.3168
16111,39261,2016-02-07 04:00:00.000000 UTC,55810,31.2905,29.6266
16111,28255,2016-02-10 13:45:00.000000 UTC,5950,31.2929,31.3349
29093,28255,2016-02-01 13:46:40.000000 UTC,59830,31.2932,30.4712
16111,28255,2016-02-09 16:30:00.000000 UTC,6070,31.2936,31.2929
28255,39261,2016-02-20 10:45:00.000000 UTC,7270,31.2939,31.2297
29093,39261,2016-02-01 00:01:40.000000 UTC,1930,31.2946,25.6734
28255,39261,2016-02-20 10:45:00.000000 UTC,7330,31.2956,31.2235
39261,28255,2016-02-15 18:10:00.000000 UTC,50950,31.2961,30.1103
29093,16111,2016-02-01 03:46:40.000000 UTC,4750,31.2974,31.2964
28255,16111,2016-02-22 12:25:00.000000 UTC,42430,31.2975,29.2939
16111,39261,2016-02-06 23:55:00.000000 UTC,7570,31.2982,30.9545
16111,28255,2016-02-08 13:50:00.000000 UTC,5950,31.2995,31.3459
39261,28255,2016-02-13 07:35:00.000000 UTC,59650,31.2995,29.9505
29093,39261,2016-02-02 07:20:00.000000 UTC,6430,31.2999,31.3057
29093,39261,2016-02-01 00:05:00.000000 UTC,42430,31.3002,30.4397
28255,29093,2016-02-20 04:01:40.000000 UTC,5890,31.3003,31.2738
39261,16111,2016-02-16 07:15:00.000000 UTC,5830,31.3006,31.1509
39261,16111,2016-02-13 17:01:40.000000 UTC,8710,31.3009,24.7323
39261,29093,2016-02-15 10:00:00.000000 UTC,58750,31.3014,30.547
28255,39261,2016-02-20 19:46:40.000000 UTC,7150,31.3019,31.2725
39261,16111,2016-02-15 20:16:40.000000 UTC,49270,31.3021,30.7663
29093,16111,2016-02-01 01:50:00.000000 UTC,4810,31.3022,31.2849
16111,39261,2016-02-09 16:30:00.000000 UTC,44170,31.3024,30.5803
29093,28255,2016-02-01 21:40:00.000000 UTC,6370,31.3041,31.2906
39261,16111,2016-02-16 07:15:00.000000 UTC,1750,31.3042,31.3204
29093,28255,2016-02-01 23:55:00.000000 UTC,49750,31.3052,30.7167
28255,16111,2016-02-20 12:30:00.000000 UTC,22990,31.3067,28.5282
29093,28255,2016-02-04 07:10:00.000000 UTC,6130,31.307,31.317
39261,28255,2016-02-13 03:31:40.000000 UTC,1150,31.3074,31.2839
29093,39261,2016-02-01 09:01:40.000000 UTC,50650,31.3075,30.6599
16111,29093,2016-02-06 19:20:00.000000 UTC,48850,31.3078,31.171
28255,16111,2016-02-19 20:15:00.000000 UTC,1270,31.3078,31.2705
28255,29093,2016-02-20 05:40:00.000000 UTC,41050,31.3085,30.2576
39261,29093,2016-02-16 16:31:40.000000 UTC,1450,31.3088,31.3044
29093,28255,2016-02-06 17:30:00.000000 UTC,7330,31.3091,31.3866
29093,28255,2016-02-01 21:40:00.000000 UTC,6550,31.3093,31.3036
16111,39261,2016-02-06 23:55:00.000000 UTC,6130,31.3093,31.2891
39261,16111,2016-02-13 13:16:40.000000 UTC,6130,31.3095,31.2929
39261,29093,2016-02-16 05:00:00.000000 UTC,30250,31.3104,29.0888
29093,28255,2016-02-01 21:40:00.000000 UTC,6430,31.311,31.2993
29093,39261,2016-02-02 01:05:00.000000 UTC,5890,31.3115,31.0647
28255,39261,2016-02-20 12:30:00.000000 UTC,30850,31.3121,28.0159
29093,39261,2016-02-05 07:55:00.000000 UTC,2590,31.3122,30.2086
29093,28255,2016-02-05 15:15:00.000000 UTC,38950,31.3126,29.5593
29093,16111,2016-02-01 03:20:00.000000 UTC,4930,31.3128,31.3054
29093,39261,2016-02-01 03:20:00.000000 UTC,6190,31.3138,31.2769
28255,39261,2016-02-18 06:40:00.000000 UTC,54790,31.3138,29.8032
39261,29093,2016-02-17 09:50:00.000000 UTC,6250,31.3143,31.3024
39261,28255,2016-02-12 16:50:00.000000 UTC,1330,31.3144,31.3112
28255,16111,2016-02-18 08:45:00.000000 UTC,6190,31.3146,31.2909
28255,16111,2016-02-23 19:15:00.000000 UTC,1690,31.3146,31.3089
28255,16111,2016-02-19 06:46:40.000000 UTC,15310,31.3156,28.4146
39261,29093,2016-02-14 08:55:00.000000 UTC,6370,31.3157,31.3106
29093,28255,2016-02-03 02:50:00.000000 UTC,30250,31.3158,29.1566
16111,29093,2016-02-11 16:20:00.000000 UTC,5350,31.3164,31.3113
39261,29093,2016-02-12 20:01:40.000000 UTC,26710,31.317,28.2171
39261,29093,2016-02-14 12:10:00.000000 UTC,22930,31.3172,28.7369
29093,39261,2016-02-01 07:01:40.000000 UTC,6190,31.3185,31.3305
16111,29093,2016-02-12 02:50:00.000000 UTC,5410,31.319,31.3003
16111,39261,2016-02-09 01:30:00.000000 UTC,57910,31.3211,31.1636
29093,39261,2016-02-02 08:40:00.000000 UTC,50770,31.3212,30.6093
28255,39261,2016-02-19 23:16:40.000000 UTC,56290,31.3216,30.2435
28255,39261,2016-02-18 15:46:40.000000 UTC,16750,31.3219,27.7484
39261,16111,2016-02-12 16:50:00.000000 UTC,6190,31.3229,31.3142
28255,29093,2016-02-22 12:25:00.000000 UTC,5950,31.3229,31.3021
29093,39261,2016-02-02 11:25:00.000000 UTC,13690,31.3231,28.5648
39261,28255,2016-02-16 05:00:00.000000 UTC,7090,31.3232,31.3108
16111,39261,2016-02-07 18:35:00.000000 UTC,6130,31.3235,31.2826
39261,29093,2016-02-13 17:01:40.000000 UTC,51670,31.3243,30.5564
29093,39261,2016-02-01 05:50:00.000000 UTC,6550,31.3247,31.2834
28255,39261,2016-02-20 07:20:00.000000 UTC,6850,31.3249,31.1577
16111,28255,2016-02-07 02:31:40.000000 UTC,58930,31.3252,30.7142
28255,16111,2016-02-21 01:31:40.000000 UTC,38590,31.3268,30.0661
29093,28255,2016-02-05 07:55:00.000000 UTC,5950,31.328,31.3274
39261,29093,2016-02-12 19:20:00.000000 UTC,56830,31.3282,30.7235
39261,16111,2016-02-16 14:10:00.000000 UTC,1150,31.3295,31.3588
28255,29093,2016-02-18 05:30:00.000000 UTC,1150,31.3298,31.3368
16111,39261,2016-02-07 18:35:00.000000 UTC,6190,31.3303,31.2815
16111,39261,2016-02-07 18:35:00.000000 UTC,6370,31.3303,31.2494
28255,39261,2016-02-21 05:30:00.000000 UTC,8530,31.3307,31.2168
39261,28255,2016-02-15 18:10:00.000000 UTC,8110,31.3309,31.3296
28255,29093,2016-02-23 16:31:40.000000 UTC,5950,31.3316,31.3022
16111,39261,2016-02-11 06:16:40.000000 UTC,42850,31.3319,30.5345
29093,39261,2016-02-03 04:31:40.000000 UTC,6370,31.3326,31.3278
16111,28255,2016-02-08 15:25:00.000000 UTC,6070,31.3329,31.3458
39261,28255,2016-02-15 14:01:40.000000 UTC,57250,31.3329,30.0934
29093,39261,2016-02-01 05:50:00.000000 UTC,6610,31.3336,31.2892
39261,16111,2016-02-15 10:00:00.000000 UTC,6070,31.3341,31.2678
28255,29093,2016-02-21 22:30:00.000000 UTC,25810,31.3341,28.7981
28255,16111,2016-02-18 17:25:00.000000 UTC,27490,31.3349,29.6593
16111,28255,2016-02-07 14:05:00.000000 UTC,12250,31.335,28.6391
16111,39261,2016-02-10 13:45:00.000000 UTC,6190,31.3353,31.337
29093,39261,2016-02-06 12:01:40.000000 UTC,2710,31.3364,29.7956
29093,28255,2016-02-06 12:01:40.000000 UTC,5710,31.3365,31.2729
29093,28255,2016-02-05 00:50:00.000000 UTC,1030,31.3371,31.3852
28255,29093,2016-02-18 22:00:00.000000 UTC,6130,31.3372,31.3095
39261,28255,2016-02-13 15:45:00.000000 UTC,58810,31.3375,30.5251
39261,29093,2016-02-17 12:25:00.000000 UTC,6310,31.3388,31.177
16111,39261,2016-02-07 09:05:00.000000 UTC,58810,31.3391,30.7868
29093,39261,2016-02-01 05:50:00.000000 UTC,6670,31.3399,31.2914
39261,16111,2016-02-13 13:16:40.000000 UTC,6190,31.3411,31.3374
39261,16111,2016-02-13 06:31:40.000000 UTC,24730,31.3417,27.9029
39261,29093,2016-02-16 05:00:00.000000 UTC,18790,31.3417,28.6135
16111,39261,2016-02-08 20:20:00.000000 UTC,6730,31.3419,31.5037
29093,39261,2016-02-01 05:50:00.000000 UTC,6850,31.3423,31.2755
16111,28255,2016-02-12 08:15:00.000000 UTC,40990,31.3424,30.324
16111,39261,2016-02-08 20:20:00.000000 UTC,50410,31.3432,30.8103
28255,16111,2016-02-18 05:05:00.000000 UTC,18490,31.3433,28.2101
39261,28255,2016-02-15 20:16:40.000000 UTC,7990,31.3441,31.3813
29093,16111,2016-02-01 16:31:40.000000 UTC,50350,31.3456,30.8624
39261,29093,2016-02-13 07:35:00.000000 UTC,53590,31.3459,30.9412
28255,29093,2016-02-21 05:30:00.000000 UTC,6370,31.3459,31.3148
39261,29093,2016-02-17 02:15:00.000000 UTC,30730,31.3467,28.9849
16111,29093,2016-02-11 06:16:40.000000 UTC,5170,31.347,31.3338
28255,16111,2016-02-18 09:46:40.000000 UTC,6130,31.3474,31.3224
39261,16111,2016-02-16 05:00:00.000000 UTC,6190,31.3475,31.3403
28255,29093,2016-02-22 10:01:40.000000 UTC,6370,31.3485,31.329
29093,28255,2016-02-04 09:16:40.000000 UTC,6490,31.349,31.3575
16111,29093,2016-02-06 18:45:00.000000 UTC,2650,31.3492,29.8224
16111,29093,2016-02-07 09:05:00.000000 UTC,55330,31.3493,30.594
28255,29093,2016-02-18 20:05:00.000000 UTC,6430,31.3515,31.3397
28255,29093,2016-02-21 03:30:00.000000 UTC,48370,31.3516,29.8279
16111,29093,2016-02-11 21:31:40.000000 UTC,29530,31.3529,30.7216
39261,16111,2016-02-13 12:05:00.000000 UTC,6370,31.353,31.3544
39261,16111,2016-02-13 22:25:00.000000 UTC,1150,31.3531,31.3788
16111,39261,2016-02-09 16:30:00.000000 UTC,7570,31.3544,31.2505
29093,16111,2016-02-01 07:40:00.000000 UTC,5050,31.3545,31.1554
16111,39261,2016-02-11 11:15:00.000000 UTC,6250,31.3556,31.3447
16111,29093,2016-02-12 02:50:00.000000 UTC,5470,31.3558,31.3527
16111,39261,2016-02-09 18:30:00.000000 UTC,25390,31.3569,29.2159
16111,39261,2016-02-07 01:10:00.000000 UTC,6430,31.3571,31.3544
28255,16111,2016-02-21 13:46:40.000000 UTC,6070,31.3578,31.324
28255,29093,2016-02-23 13:50:00.000000 UTC,6430,31.3578,31.3288
39261,16111,2016-02-16 09:31:40.000000 UTC,1630,31.358,31.3546
39261,29093,2016-02-13 17:01:40.000000 UTC,56890,31.3582,31.2238
39261,16111,2016-02-12 15:45:00.000000 UTC,6430,31.3583,31.4765
16111,28255,2016-02-12 11:00:00.000000 UTC,11170,31.3595,30.7019
29093,16111,2016-02-01 05:16:40.000000 UTC,4870,31.3599,31.3509
28255,16111,2016-02-22 12:25:00.000000 UTC,6310,31.3604,31.3382
28255,29093,2016-02-23 16:31:40.000000 UTC,6010,31.3613,31.3421
29093,39261,2016-02-01 12:05:00.000000 UTC,57670,31.3616,30.6568
29093,39261,2016-02-01 06:25:00.000000 UTC,56350,31.3622,30.5326
16111,28255,2016-02-10 18:20:00.000000 UTC,6130,31.3627,31.3033
39261,16111,2016-02-12 14:46:40.000000 UTC,6730,31.3627,31.4762
29093,16111,2016-02-01 03:46:40.000000 UTC,10990,31.364,30.9588
29093,28255,2016-02-03 02:50:00.000000 UTC,43870,31.3652,30.0921
16111,28255,2016-02-06 17:35:00.000000 UTC,45070,31.3654,30.1511
39261,29093,2016-02-14 12:10:00.000000 UTC,1690,31.3659,31.3722
28255,29093,2016-02-18 18:16:40.000000 UTC,13030,31.3659,29.2191
29093,28255,2016-02-01 06:25:00.000000 UTC,57790,31.3664,31.1007
28255,39261,2016-02-20 04:01:40.000000 UTC,3310,31.3664,27.1762
16111,28255,2016-02-11 16:20:00.000000 UTC,6670,31.3667,31.3799
16111,39261,2016-02-07 19:46:40.000000 UTC,6130,31.3673,31.2899
16111,28255,2016-02-11 16:20:00.000000 UTC,6130,31.3677,31.4273
29093,39261,2016-02-03 08:00:00.000000 UTC,50530,31.3678,30.637
28255,29093,2016-02-21 05:30:00.000000 UTC,6430,31.3685,31.3481
39261,29093,2016-02-12 17:25:00.000000 UTC,7570,31.3693,27.8784
29093,28255,2016-02-05 12:46:40.000000 UTC,6250,31.3699,31.3845
16111,28255,2016-02-09 12:35:00.000000 UTC,6250,31.3708,31.3119
29093,39261,2016-02-03 23:00:00.000000 UTC,4930,31.3709,30.8695
28255,39261,2016-02-18 10:20:00.000000 UTC,54370,31.3718,30.6767
29093,28255,2016-02-06 17:30:00.000000 UTC,7390,31.3729,31.3424
16111,29093,2016-02-07 08:10:00.000000 UTC,550,31.373,31.3372
16111,39261,2016-02-06 17:31:40.000000 UTC,48730,31.3737,29.9335
29093,28255,2016-02-01 22:46:40.000000 UTC,18250,31.3739,28.8324
16111,39261,2016-02-12 02:50:00.000000 UTC,55150,31.3741,30.2081
29093,16111,2016-02-01 00:46:40.000000 UTC,50950,31.3754,30.5598
28255,16111,2016-02-19 10:31:40.000000 UTC,6190,31.3756,31.3438
16111,28255,2016-02-06 18:16:40.000000 UTC,10090,31.3759,28.5552
29093,39261,2016-02-01 08:20:00.000000 UTC,12490,31.3762,27.8189
28255,29093,2016-02-20 02:25:00.000000 UTC,6130,31.3763,31.3604
29093,16111,2016-02-05 17:45:00.000000 UTC,59050,31.3765,31.0135
16111,39261,2016-02-06 21:16:40.000000 UTC,23650,31.3767,28.8042
39261,29093,2016-02-17 07:16:40.000000 UTC,6490,31.3795,31.3778
16111,29093,2016-02-10 07:05:00.000000 UTC,5290,31.3796,31.3487
39261,28255,2016-02-15 00:25:00.000000 UTC,57730,31.3797,30.2652
16111,28255,2016-02-11 06:16:40.000000 UTC,52630,31.3798,30.885
28255,16111,2016-02-19 14:31:40.000000 UTC,6010,31.3802,31.3332
29093,39261,2016-02-02 03:30:00.000000 UTC,17710,31.3804,28.641
16111,29093,2016-02-09 16:30:00.000000 UTC,4990,31.3828,31.3356
29093,39261,2016-02-01 05:16:40.000000 UTC,5950,31.383,31.3147
16111,28255,2016-02-08 03:31:40.000000 UTC,58930,31.3833,30.7163
29093,28255,2016-02-03 04:31:40.000000 UTC,49810,31.3842,30.7468
16111,28255,2016-02-06 21:45:00.000000 UTC,58270,31.3844,29.9219
16111,39261,2016-02-07 22:15:00.000000 UTC,6310,31.3844,31.3834
16111,39261,2016-02-07 01:50:00.000000 UTC,6370,31.3848,31.3862
16111,39261,2016-02-07 01:10:00.000000 UTC,6490,31.3854,31.3906
16111,39261,2016-02-11 11:15:00.000000 UTC,6310,31.386,31.3846
29093,39261,2016-02-01 08:20:00.000000 UTC,6310,31.3865,31.3818
16111,39261,2016-02-07 18:35:00.000000 UTC,12550,31.3865,30.8637
29093,39261,2016-02-04 11:25:00.000000 UTC,16330,31.3867,28.8213
39261,28255,2016-02-13 01:40:00.000000 UTC,53710,31.3868,30.1927
39261,29093,2016-02-13 09:46:40.000000 UTC,6490,31.3878,31.3717
29093,16111,2016-02-01 01:00:00.000000 UTC,12430,31.3879,28.5659
39261,29093,2016-02-14 12:10:00.000000 UTC,6310,31.3884,31.3572
39261,28255,2016-02-12 13:31:40.000000 UTC,53950,31.3885,30.5868
16111,29093,2016-02-06 19:01:40.000000 UTC,1870,31.3886,27.1126
16111,28255,2016-02-06 23:20:00.000000 UTC,59230,31.3893,28.5108
16111,28255,2016-02-07 03:15:00.000000 UTC,6850,31.3898,26.4107
39261,16111,2016-02-13 12:05:00.000000 UTC,58510,31.39,30.9932
16111,28255,2016-02-07 13:01:40.000000 UTC,55570,31.3904,30.5761
29093,16111,2016-02-01 01:31:40.000000 UTC,39850,31.3911,30.0022
16111,29093,2016-02-12 11:00:00.000000 UTC,5590,31.3911,31.3478
39261,16111,2016-02-14 12:10:00.000000 UTC,6370,31.3914,31.361
28255,16111,2016-02-19 14:31:40.000000 UTC,6070,31.3931,31.3433
16111,28255,2016-02-12 11:00:00.000000 UTC,47770,31.3934,30.5347
39261,16111,2016-02-13 10:55:00.000000 UTC,29530,31.3938,28.844
29093,28255,2016-02-05 12:46:40.000000 UTC,6310,31.3949,31.4215
29093,39261,2016-02-02 14:16:40.000000 UTC,52570,31.3959,30.2083
16111,39261,2016-02-07 09:05:00.000000 UTC,46990,31.3967,30.0943
28255,16111,2016-02-18 18:16:40.000000 UTC,32830,31.3973,29.5291
16111,39261,2016-02-11 11:15:00.000000 UTC,7570,31.3975,31.3348
16111,39261,2016-02-06 22:46:40.000000 UTC,6190,31.3976,31.3739
29093,28255,2016-02-06 12:01:40.000000 UTC,29410,31.398,29.0578
39261,28255,2016-02-15 20:16:40.000000 UTC,8530,31.3989,31.0598
28255,16111,2016-02-20 14:16:40.000000 UTC,6070,31.3992,31.3456
16111,28255,2016-02-07 15:10:00.000000 UTC,6430,31.3999,31.4144
16111,39261,2016-02-10 02:46:40.000000 UTC,28630,31.4009,29.9935
28255,16111,2016-02-20 12:30:00.000000 UTC,3430,31.4013,27.1178
39261,29093,2016-02-12 13:10:00.000000 UTC,6310,31.4016,31.3704
28255,39261,2016-02-20 16:05:00.000000 UTC,56590,31.4021,30.6387
16111,39261,2016-02-06 22:46:40.000000 UTC,6370,31.403,31.4063
28255,39261,2016-02-20 02:25:00.000000 UTC,9010,31.4031,28.0104
39261,16111,2016-02-12 12:15:00.000000 UTC,48670,31.4035,29.5459
29093,39261,2016-02-01 05:16:40.000000 UTC,6730,31.4037,31.4393
29093,16111,2016-02-02 20:20:00.000000 UTC,790,31.4082,31.294
39261,28255,2016-02-15 20:16:40.000000 UTC,7750,31.4093,31.3984
16111,39261,2016-02-10 20:40:00.000000 UTC,2350,31.4109,28.7029
28255,39261,2016-02-21 03:30:00.000000 UTC,7510,31.4115,31.3818
29093,39261,2016-02-03 11:35:00.000000 UTC,45850,31.4119,30.2111
28255,29093,2016-02-20 00:50:00.000000 UTC,6310,31.412,31.3983
39261,16111,2016-02-14 22:35:00.000000 UTC,790,31.4136,31.3527
39261,16111,2016-02-12 15:45:00.000000 UTC,6310,31.4151,31.4097
29093,28255,2016-02-03 04:31:40.000000 UTC,6370,31.4155,31.4306
16111,29093,2016-02-09 18:30:00.000000 UTC,45130,31.416,30.9998
29093,39261,2016-02-01 07:40:00.000000 UTC,7330,31.4161,31.4049
16111,28255,2016-02-11 18:55:00.000000 UTC,6370,31.4162,31.4408
29093,28255,2016-02-06 17:30:00.000000 UTC,7150,31.4176,31.4603
28255,29093,2016-02-18 15:00:00.000000 UTC,30850,31.4177,29.6867
39261,28255,2016-02-15 22:25:00.000000 UTC,7810,31.4179,31.4363
29093,28255,2016-02-03 01:10:00.000000 UTC,6190,31.418,31.4512
16111,39261,2016-02-09 20:31:40.000000 UTC,7810,31.418,29.1547
16111,39261,2016-02-09 14:31:40.000000 UTC,6430,31.4182,31.398
29093,39261,2016-02-02 04:45:00.000000 UTC,6790,31.4196,31.395
39261,16111,2016-02-12 15:15:00.000000 UTC,6430,31.4208,31.4
28255,16111,2016-02-21 03:30:00.000000 UTC,31090,31.4208,29.2361
29093,16111,2016-02-04 09:16:40.000000 UTC,37870,31.4215,29.8309
16111,28255,2016-02-08 04:55:00.000000 UTC,47470,31.4215,30.2455
29093,39261,2016-02-01 07:40:00.000000 UTC,7210,31.4218,31.4271
29093,39261,2016-02-01 23:55:00.000000 UTC,1330,31.4221,31.4148
39261,29093,2016-02-12 15:45:00.000000 UTC,13450,31.4225,28.3331
16111,28255,2016-02-08 17:01:40.000000 UTC,8110,31.4246,31.2547
28255,16111,2016-02-20 16:05:00.000000 UTC,57370,31.4246,30.7648
29093,39261,2016-02-02 04:45:00.000000 UTC,6730,31.4273,31.418
39261,29093,2016-02-12 22:16:40.000000 UTC,1030,31.4281,31.4314
39261,28255,2016-02-13 02:35:00.000000 UTC,18730,31.4297,28.1348
28255,39261,2016-02-21 03:30:00.000000 UTC,8230,31.4298,31.3027
16111,39261,2016-02-07 17:25:00.000000 UTC,42790,31.4299,30.571
16111,39261,2016-02-08 12:16:40.000000 UTC,54610,31.4302,30.448
29093,28255,2016-02-02 01:05:00.000000 UTC,50230,31.4306,30.4527
29093,39261,2016-02-03 23:00:00.000000 UTC,1330,31.4306,31.3858
28255,29093,2016-02-20 10:45:00.000000 UTC,12910,31.4318,27.8845
16111,39261,2016-02-07 22:15:00.000000 UTC,6430,31.4327,31.4489
29093,28255,2016-02-01 23:55:00.000000 UTC,6250,31.4329,31.4293
29093,39261,2016-02-02 10:01:40.000000 UTC,8350,31.433,31.3473
28255,29093,2016-02-18 21:01:40.000000 UTC,6430,31.433,31.4096
28255,29093,2016-02-23 13:50:00.000000 UTC,7570,31.4331,31.3101
28255,29093,2016-02-21 15:55:00.000000 UTC,26950,31.4334,28.3251
16111,29093,2016-02-10 18:20:00.000000 UTC,5710,31.4337,31.4109
29093,28255,2016-02-02 20:20:00.000000 UTC,42430,31.4341,30.1777
16111,29093,2016-02-09 01:30:00.000000 UTC,50530,31.4344,30.8417
28255,16111,2016-02-18 08:16:40.000000 UTC,6370,31.435,31.4191
29093,28255,2016-02-06 14:45:00.000000 UTC,6310,31.4379,31.4422
39261,28255,2016-02-15 22:25:00.000000 UTC,7750,31.4381,31.4445
29093,39261,2016-02-01 07:40:00.000000 UTC,7150,31.4382,31.4321
29093,28255,2016-02-03 04:31:40.000000 UTC,6430,31.4386,31.4637
16111,28255,2016-02-09 18:30:00.000000 UTC,56770,31.4389,29.8587
16111,39261,2016-02-10 07:05:00.000000 UTC,16330,31.4392,27.7477
29093,39261,2016-02-04 07:10:00.000000 UTC,6670,31.4394,31.4289
28255,16111,2016-02-18 05:16:40.000000 UTC,12910,31.4395,28.369
29093,39261,2016-02-02 04:45:00.000000 UTC,6610,31.4413,31.448
16111,39261,2016-02-07 23:31:40.000000 UTC,50710,31.4416,30.6983
28255,16111,2016-02-20 02:25:00.000000 UTC,31390,31.4416,29.7539
28255,39261,2016-02-21 01:31:40.000000 UTC,7690,31.4424,31.397
29093,39261,2016-02-01 00:10:00.000000 UTC,1270,31.4427,31.8627
28255,39261,2016-02-21 01:31:40.000000 UTC,7630,31.4431,31.3912
39261,16111,2016-02-17 23:01:40.000000 UTC,6370,31.4433,31.43
29093,28255,2016-02-06 17:30:00.000000 UTC,6490,31.4434,31.3567
29093,39261,2016-02-01 07:40:00.000000 UTC,6970,31.4444,31.4251
16111,28255,2016-02-09 14:31:40.000000 UTC,6370,31.4447,31.4817
28255,16111,2016-02-18 09:15:00.000000 UTC,6370,31.4459,31.4246
29093,28255,2016-02-03 02:50:00.000000 UTC,8830,31.446,28.2185
29093,16111,2016-02-01 23:55:00.000000 UTC,1030,31.4463,31.3641
16111,29093,2016-02-10 18:20:00.000000 UTC,5650,31.4463,31.4165
16111,39261,2016-02-09 05:05:00.000000 UTC,47590,31.4471,29.7402
28255,29093,2016-02-18 10:20:00.000000 UTC,55150,31.4471,31.1405
29093,39261,2016-02-01 07:40:00.000000 UTC,7030,31.4476,31.431
29093,16111,2016-02-01 00:05:00.000000 UTC,50590,31.4478,31.1534
16111,39261,2016-02-06 23:20:00.000000 UTC,6550,31.4479,31.404
28255,39261,2016-02-21 01:31:40.000000 UTC,7810,31.4483,31.399
16111,28255,2016-02-07 13:01:40.000000 UTC,43270,31.4499,30.6866
29093,39261,2016-02-02 04:45:00.000000 UTC,6250,31.4501,31.4342
16111,29093,2016-02-10 18:20:00.000000 UTC,1510,31.4505,31.4731
29093,28255,2016-02-06 14:45:00.000000 UTC,6370,31.4507,31.4571
39261,28255,2016-02-15 22:25:00.000000 UTC,7690,31.451,31.4488
29093,39261,2016-02-01 03:20:00.000000 UTC,6370,31.4511,31.2491
29093,39261,2016-02-02 18:46:40.000000 UTC,59410,31.452,30.9131
29093,16111,2016-02-01 12:55:00.000000 UTC,1150,31.4539,31.4856
39261,29093,2016-02-12 12:50:00.000000 UTC,6430,31.4549,31.4173
16111,39261,2016-02-06 18:16:40.000000 UTC,5470,31.4552,30.9986
16111,39261,2016-02-06 23:20:00.000000 UTC,6610,31.4558,31.4085
16111,28255,2016-02-10 20:40:00.000000 UTC,9610,31.4559,28.6932
29093,39261,2016-02-03 04:31:40.000000 UTC,6850,31.456,31.2931
39261,28255,2016-02-12 12:50:00.000000 UTC,1390,31.4566,31.4635
28255,39261,2016-02-18 15:00:00.000000 UTC,1390,31.4566,31.4468
16111,39261,2016-02-06 17:31:40.000000 UTC,1210,31.457,31.4808
16111,29093,2016-02-11 01:25:00.000000 UTC,1570,31.4575,31.4511
28255,16111,2016-02-23 08:31:40.000000 UTC,59650,31.4578,30.9188
28255,39261,2016-02-18 06:40:00.000000 UTC,22390,31.4586,27.699
29093,39261,2016-02-04 07:10:00.000000 UTC,6370,31.4587,31.2583
28255,39261,2016-02-18 05:16:40.000000 UTC,54490,31.4587,30.2448
39261,28255,2016-02-12 23:55:00.000000 UTC,59710,31.4594,30.3869
16111,39261,2016-02-12 08:15:00.000000 UTC,6190,31.4595,31.2402
16111,39261,2016-02-08 17:01:40.000000 UTC,6910,31.4597,31.2183
29093,28255,2016-02-05 15:15:00.000000 UTC,19150,31.4601,29.177
16111,39261,2016-02-06 23:20:00.000000 UTC,6670,31.4606,31.4093
29093,39261,2016-02-02 04:45:00.000000 UTC,6310,31.4611,31.4466
16111,39261,2016-02-07 04:46:40.000000 UTC,13810,31.462,29.0488
39261,29093,2016-02-13 02:35:00.000000 UTC,550,31.4634,31.424
28255,16111,2016-02-18 08:16:40.000000 UTC,6430,31.4634,31.4612
39261,29093,2016-02-17 12:25:00.000000 UTC,6250,31.4649,31.1873
28255,16111,2016-02-19 09:15:00.000000 UTC,6430,31.4653,31.4623
28255,16111,2016-02-21 15:55:00.000000 UTC,34930,31.4653,29.6834
16111,39261,2016-02-06 17:30:00.000000 UTC,1210,31.4656,31.4397
28255,39261,2016-02-21 03:30:00.000000 UTC,8110,31.4659,31.3616
29093,39261,2016-02-01 21:40:00.000000 UTC,1090,31.4662,31.417
29093,39261,2016-02-02 04:45:00.000000 UTC,6370,31.4683,31.455
39261,29093,2016-02-12 12:50:00.000000 UTC,6490,31.4683,31.4288
29093,28255,2016-02-06 17:30:00.000000 UTC,7030,31.4692,31.478
16111,39261,2016-02-08 20:20:00.000000 UTC,50350,31.4696,30.6299
39261,28255,2016-02-13 17:01:40.000000 UTC,58450,31.471,29.9818
28255,29093,2016-02-20 02:25:00.000000 UTC,3490,31.4715,27.1933
39261,16111,2016-02-12 23:05:00.000000 UTC,50590,31.4721,30.9151
39261,16111,2016-02-12 15:15:00.000000 UTC,6550,31.4743,31.4717
28255,16111,2016-02-18 09:15:00.000000 UTC,6430,31.4744,31.4606
28255,16111,2016-02-18 09:15:00.000000 UTC,3670,31.4745,27.2964
16111,39261,2016-02-07 14:05:00.000000 UTC,53950,31.4754,30.8944
29093,39261,2016-02-03 11:35:00.000000 UTC,25990,31.4762,28.8559
16111,39261,2016-02-10 20:40:00.000000 UTC,52930,31.4763,29.6328
28255,39261,2016-02-21 03:30:00.000000 UTC,8050,31.4766,31.3822
16111,29093,2016-02-09 20:31:40.000000 UTC,40150,31.4781,29.9175
29093,16111,2016-02-04 05:05:00.000000 UTC,59650,31.4782,31.6989
39261,28255,2016-02-12 12:15:00.000000 UTC,1390,31.4797,31.4759
29093,28255,2016-02-06 17:30:00.000000 UTC,6970,31.4798,31.4797
16111,39261,2016-02-07 22:15:00.000000 UTC,6370,31.4808,31.4177
39261,28255,2016-02-14 07:20:00.000000 UTC,610,31.4815,31.413
29093,28255,2016-02-01 23:55:00.000000 UTC,7450,31.4816,31.4651
28255,29093,2016-02-19 00:01:40.000000 UTC,6610,31.4817,31.3984
29093,16111,2016-02-06 17:30:00.000000 UTC,6010,31.4832,31.4783
29093,39261,2016-02-01 00:35:00.000000 UTC,49270,31.4835,29.555
28255,16111,2016-02-20 21:40:00.000000 UTC,45250,31.4835,29.9235
29093,39261,2016-02-01 05:16:40.000000 UTC,6370,31.4842,31.4656
29093,16111,2016-02-01 01:15:00.000000 UTC,1870,31.4843,25.9826
39261,29093,2016-02-12 11:00:00.000000 UTC,7390,31.4862,31.4592
39261,29093,2016-02-15 10:00:00.000000 UTC,6610,31.4871,31.4651
16111,29093,2016-02-10 16:01:40.000000 UTC,5050,31.488,31.3585
28255,16111,2016-02-19 09:15:00.000000 UTC,41650,31.4882,30.4087
28255,39261,2016-02-21 05:30:00.000000 UTC,7990,31.4886,31.4281
29093,39261,2016-02-01 05:16:40.000000 UTC,6430,31.489,31.4717
29093,39261,2016-02-01 05:16:40.000000 UTC,6490,31.4892,31.4738
28255,39261,2016-02-18 07:50:00.000000 UTC,1270,31.493,31.4349
16111,29093,2016-02-08 17:01:40.000000 UTC,39130,31.4936,30.5556
28255,39261,2016-02-21 05:30:00.000000 UTC,7930,31.4937,31.4348
29093,28255,2016-02-04 05:05:00.000000 UTC,5950,31.494,31.3743
29093,16111,2016-02-01 00:05:00.000000 UTC,56410,31.4944,30.9467
16111,29093,2016-02-10 04:55:00.000000 UTC,5290,31.4965,31.4452
28255,29093,2016-02-19 00:01:40.000000 UTC,6550,31.4982,31.4203
28255,16111,2016-02-23 13:50:00.000000 UTC,6430,31.4983,31.4674
39261,29093,2016-02-12 23:05:00.000000 UTC,25690,31.5004,27.0501
16111,29093,2016-02-08 13:50:00.000000 UTC,910,31.5005,31.4786
28255,29093,2016-02-18 10:20:00.000000 UTC,49270,31.5005,31.2369
29093,28255,2016-02-02 08:40:00.000000 UTC,1870,31.5007,27.0423
39261,28255,2016-02-17 12:25:00.000000 UTC,2830,31.5025,26.3917
29093,16111,2016-02-05 20:16:40.000000 UTC,42130,31.5046,30.8044
16111,39261,2016-02-06 18:30:00.000000 UTC,1330,31.5046,31.4842
16111,39261,2016-02-07 02:31:40.000000 UTC,6850,31.506,31.5268
28255,16111,2016-02-18 04:30:00.000000 UTC,59170,31.5069,31.31
16111,39261,2016-02-08 15:25:00.000000 UTC,6370,31.5074,31.1643
29093,28255,2016-02-01 06:25:00.000000 UTC,45910,31.5077,30.7837
29093,28255,2016-02-01 16:31:40.000000 UTC,48490,31.5077,30.3327
16111,39261,2016-02-12 11:00:00.000000 UTC,57370,31.5097,30.4793
16111,39261,2016-02-10 18:20:00.000000 UTC,57670,31.51,30.7881
28255,16111,2016-02-18 11:31:40.000000 UTC,6610,31.5109,31.4273
16111,28255,2016-02-08 17:01:40.000000 UTC,6370,31.5143,31.4578
39261,29093,2016-02-14 15:31:40.000000 UTC,5470,31.5149,31.0348
28255,39261,2016-02-20 21:40:00.000000 UTC,13270,31.5151,28.3636
28255,16111,2016-02-18 11:31:40.000000 UTC,6550,31.5155,31.4419
16111,39261,2016-02-07 01:10:00.000000 UTC,6550,31.5162,31.4237
29093,28255,2016-02-03 04:31:40.000000 UTC,7330,31.5163,31.5241
16111,28255,2016-02-09 18:30:00.000000 UTC,6550,31.5167,31.43
39261,16111,2016-02-12 17:25:00.000000 UTC,6010,31.5173,31.3026
29093,16111,2016-02-01 00:01:40.000000 UTC,56290,31.5196,31.1319
28255,16111,2016-02-19 17:20:00.000000 UTC,1510,31.5196,31.4923
28255,16111,2016-02-20 00:50:00.000000 UTC,790,31.5198,31.5569
39261,16111,2016-02-12 11:35:00.000000 UTC,30190,31.5206,29.1281
28255,16111,2016-02-23 16:31:40.000000 UTC,6610,31.5207,31.4365
29093,39261,2016-02-02 03:30:00.000000 UTC,1630,31.5212,31.5152
16111,39261,2016-02-11 03:50:00.000000 UTC,1210,31.5221,31.4739
28255,29093,2016-02-20 10:45:00.000000 UTC,12850,31.5224,28.1031
39261,29093,2016-02-12 11:35:00.000000 UTC,6490,31.5226,31.4414
28255,16111,2016-02-23 16:31:40.000000 UTC,6550,31.5226,31.4487
28255,16111,2016-02-23 13:50:00.000000 UTC,6490,31.5231,31.502
16111,39261,2016-02-09 16:30:00.000000 UTC,6730,31.5244,31.4975
16111,28255,2016-02-06 17:55:00.000000 UTC,7570,31.5247,28.9193
16111,39261,2016-02-07 22:15:00.000000 UTC,1510,31.5278,31.5789
16111,39261,2016-02-12 08:15:00.000000 UTC,6670,31.5314,31.4759
16111,39261,2016-02-09 18:30:00.000000 UTC,57130,31.5315,30.5382
29093,39261,2016-02-06 06:40:00.000000 UTC,51190,31.5322,29.902
39261,29093,2016-02-12 11:10:00.000000 UTC,6670,31.5331,31.5064
39261,29093,2016-02-12 11:16:40.000000 UTC,46930,31.5351,30.8655
28255,29093,2016-02-21 05:30:00.000000 UTC,6850,31.5353,31.4878
28255,16111,2016-02-18 08:45:00.000000 UTC,6490,31.5354,31.5038
39261,29093,2016-02-12 11:16:40.000000 UTC,6610,31.5387,31.4934
28255,29093,2016-02-20 17:55:00.000000 UTC,790,31.5389,31.4659
39261,29093,2016-02-13 08:40:00.000000 UTC,29590,31.5403,28.8658
16111,39261,2016-02-09 14:31:40.000000 UTC,6730,31.5408,31.3524
16111,39261,2016-02-07 00:31:40.000000 UTC,6790,31.5412,31.5422
16111,39261,2016-02-07 03:15:00.000000 UTC,56950,31.5414,30.942
29093,39261,2016-02-04 15:46:40.000000 UTC,550,31.5425,31.4011
16111,39261,2016-02-09 10:40:00.000000 UTC,54670,31.5438,30.8432
16111,39261,2016-02-11 13:46:40.000000 UTC,57010,31.5452,30.9909
39261,16111,2016-02-17 23:01:40.000000 UTC,6490,31.5459,31.495
16111,28255,2016-02-06 21:45:00.000000 UTC,57490,31.547,30.7997
39261,29093,2016-02-12 11:25:00.000000 UTC,6550,31.55,31.4738
16111,39261,2016-02-07 00:31:40.000000 UTC,6610,31.5505,31.513
28255,29093,2016-02-23 22:00:00.000000 UTC,57070,31.5508,30.9639
28255,16111,2016-02-18 07:01:40.000000 UTC,6910,31.552,31.6758
28255,29093,2016-02-23 03:20:00.000000 UTC,11470,31.5526,27.3622
39261,16111,2016-02-12 20:01:40.000000 UTC,1630,31.5528,31.5563
28255,16111,2016-02-18 19:10:00.000000 UTC,15070,31.5536,27.244
28255,39261,2016-02-18 08:16:40.000000 UTC,1270,31.5541,31.5648
28255,39261,2016-02-18 23:00:00.000000 UTC,29410,31.5554,28.4888
16111,29093,2016-02-11 16:20:00.000000 UTC,1690,31.5573,31.5779
39261,16111,2016-02-12 12:50:00.000000 UTC,8290,31.5583,31.4013
39261,16111,2016-02-14 13:50:00.000000 UTC,57610,31.5588,30.5149
29093,16111,2016-02-01 22:46:40.000000 UTC,4150,31.5593,30.8802
28255,29093,2016-02-22 10:01:40.000000 UTC,7210,31.5606,31.4796
29093,28255,2016-02-02 23:31:40.000000 UTC,55090,31.5608,30.4147
28255,29093,2016-02-22 00:45:00.000000 UTC,550,31.5626,31.4345
39261,29093,2016-02-12 11:00:00.000000 UTC,6850,31.5632,31.5347
16111,39261,2016-02-07 01:50:00.000000 UTC,56710,31.5635,30.7559
16111,28255,2016-02-06 19:40:00.000000 UTC,45370,31.5649,30.392
16111,39261,2016-02-12 00:10:00.000000 UTC,53830,31.5652,31.0347
28255,29093,2016-02-18 22:00:00.000000 UTC,11890,31.5655,28.2327
39261,16111,2016-02-13 13:16:40.000000 UTC,6610,31.5659,31.5408
28255,29093,2016-02-22 22:15:00.000000 UTC,17890,31.5673,28.056
29093,39261,2016-02-05 22:50:00.000000 UTC,28990,31.5697,28.5183
28255,29093,2016-02-20 12:30:00.000000 UTC,1270,31.5706,31.555
16111,28255,2016-02-11 18:55:00.000000 UTC,7510,31.5739,31.4479
16111,39261,2016-02-08 17:01:40.000000 UTC,55270,31.5752,31.2958
16111,39261,2016-02-10 11:30:00.000000 UTC,6850,31.5755,31.2607
29093,39261,2016-02-03 13:25:00.000000 UTC,57850,31.5765,30.8163
39261,16111,2016-02-16 05:00:00.000000 UTC,6610,31.5776,31.5436
16111,28255,2016-02-11 01:25:00.000000 UTC,25930,31.5818,28.0291
16111,39261,2016-02-07 22:15:00.000000 UTC,7030,31.5819,31.5821
29093,16111,2016-02-03 13:25:00.000000 UTC,48850,31.5853,31.4065
29093,28255,2016-02-03 04:31:40.000000 UTC,7030,31.5859,31.6011
29093,39261,2016-02-01 07:40:00.000000 UTC,7450,31.5888,31.364
28255,16111,2016-02-20 21:40:00.000000 UTC,1210,31.5889,31.5672
29093,28255,2016-02-02 08:40:00.000000 UTC,2590,31.589,29.2487
28255,29093,2016-02-22 10:01:40.000000 UTC,7150,31.5897,31.505
39261,16111,2016-02-18 01:45:00.000000 UTC,19270,31.5916,28.8167
39261,29093,2016-02-15 12:00:00.000000 UTC,1570,31.5928,31.6232
16111,29093,2016-02-11 01:25:00.000000 UTC,5230,31.5929,31.4318
16111,39261,2016-02-06 22:15:00.000000 UTC,55750,31.5971,30.6905
16111,28255,2016-02-07 13:01:40.000000 UTC,23950,31.5973,28.7065
16111,28255,2016-02-11 18:55:00.000000 UTC,6670,31.5992,31.5756
28255,16111,2016-02-20 16:05:00.000000 UTC,6190,31.5993,31.2691
16111,28255,2016-02-08 15:25:00.000000 UTC,6130,31.5997,31.3883
16111,39261,2016-02-11 11:15:00.000000 UTC,6730,31.6005,31.5656
39261,16111,2016-02-14 07:20:00.000000 UTC,18670,31.6007,29.1426
28255,39261,2016-02-23 19:15:00.000000 UTC,1090,31.6022,31.6055
28255,29093,2016-02-22 10:01:40.000000 UTC,7090,31.6028,31.5217
39261,29093,2016-02-17 12:25:00.000000 UTC,57790,31.6044,30.7739
16111,39261,2016-02-07 22:15:00.000000 UTC,24790,31.6054,29.0008
16111,29093,2016-02-12 05:31:40.000000 UTC,5650,31.606,31.5543
28255,29093,2016-02-22 10:01:40.000000 UTC,7030,31.6069,31.5315
16111,28255,2016-02-11 18:55:00.000000 UTC,7450,31.6075,31.4906
29093,28255,2016-02-06 12:01:40.000000 UTC,1570,31.6078,31.628
29093,39261,2016-02-06 04:01:40.000000 UTC,1630,31.609,31.6506
28255,29093,2016-02-20 02:25:00.000000 UTC,6550,31.6097,31.5735
29093,16111,2016-02-02 01:05:00.000000 UTC,49930,31.6147,31.1563
16111,29093,2016-02-12 02:50:00.000000 UTC,6730,31.6165,31.5467
29093,39261,2016-02-02 08:40:00.000000 UTC,7090,31.6173,31.4841
28255,16111,2016-02-19 10:31:40.000000 UTC,6670,31.6173,31.5793
29093,39261,2016-02-01 07:40:00.000000 UTC,2230,31.6177,30.3703
39261,29093,2016-02-12 13:55:00.000000 UTC,19330,31.6184,28.8426
29093,28255,2016-02-01 23:55:00.000000 UTC,7330,31.6188,31.5789
29093,39261,2016-02-04 03:01:40.000000 UTC,55570,31.619,30.7987
29093,39261,2016-02-01 07:40:00.000000 UTC,7090,31.6198,31.4334
28255,16111,2016-02-18 14:15:00.000000 UTC,1630,31.6202,31.6189
29093,39261,2016-02-01 01:50:00.000000 UTC,1450,31.6232,31.5982
39261,29093,2016-02-13 07:35:00.000000 UTC,8170,31.6248,31.4486
28255,39261,2016-02-19 20:15:00.000000 UTC,5530,31.6248,30.3584
16111,39261,2016-02-12 00:10:00.000000 UTC,1090,31.6251,31.6406
39261,29093,2016-02-17 17:40:00.000000 UTC,1270,31.6259,31.5923
39261,16111,2016-02-16 23:46:40.000000 UTC,59110,31.6266,30.6198
16111,39261,2016-02-08 22:01:40.000000 UTC,8110,31.628,31.6255
39261,16111,2016-02-12 15:45:00.000000 UTC,6850,31.6288,31.5937
39261,28255,2016-02-13 22:25:00.000000 UTC,58690,31.6326,30.4351
29093,28255,2016-02-01 23:55:00.000000 UTC,1450,31.6338,31.6878
39261,16111,2016-02-12 23:55:00.000000 UTC,1270,31.6362,31.6177
29093,39261,2016-02-01 10:30:00.000000 UTC,8350,31.6365,31.3883
28255,29093,2016-02-22 10:01:40.000000 UTC,6430,31.6371,31.3665
28255,29093,2016-02-18 19:10:00.000000 UTC,54070,31.6375,29.7579
28255,29093,2016-02-18 22:00:00.000000 UTC,6610,31.6376,31.599
16111,29093,2016-02-09 16:30:00.000000 UTC,1210,31.64,31.656
29093,16111,2016-02-01 17:30:00.000000 UTC,1090,31.6402,31.5681
39261,29093,2016-02-12 17:25:00.000000 UTC,7690,31.6408,27.3781
28255,16111,2016-02-18 15:46:40.000000 UTC,7690,31.641,27.7549
39261,16111,2016-02-12 15:15:00.000000 UTC,7030,31.6442,31.604
29093,39261,2016-02-02 10:01:40.000000 UTC,7870,31.6445,31.5873
28255,29093,2016-02-18 21:01:40.000000 UTC,7510,31.6448,31.3231
29093,39261,2016-02-01 04:45:00.000000 UTC,8530,31.6457,28.0139
39261,29093,2016-02-12 21:30:00.000000 UTC,55870,31.6458,30.7828
39261,28255,2016-02-12 15:15:00.000000 UTC,1330,31.6464,31.6045
16111,29093,2016-02-12 02:50:00.000000 UTC,5890,31.6473,31.6094
28255,16111,2016-02-22 10:01:40.000000 UTC,48250,31.6482,30.0697
16111,39261,2016-02-07 22:15:00.000000 UTC,7210,31.6487,31.5566
16111,29093,2016-02-12 02:50:00.000000 UTC,5950,31.6493,31.6306
29093,28255,2016-02-03 08:00:00.000000 UTC,8230,31.6501,31.4131
39261,16111,2016-02-17 23:01:40.000000 UTC,7030,31.6539,31.6047
29093,39261,2016-02-02 10:01:40.000000 UTC,7630,31.6553,31.6097
29093,39261,2016-02-02 10:01:40.000000 UTC,7690,31.656,31.6088
29093,16111,2016-02-06 04:01:40.000000 UTC,47530,31.6609,30.979
28255,16111,2016-02-18 05:16:40.000000 UTC,24430,31.6629,29.2453
29093,16111,2016-02-04 11:25:00.000000 UTC,42670,31.6631,31.1757
29093,39261,2016-02-01 02:31:40.000000 UTC,1510,31.6634,31.6775
16111,29093,2016-02-07 06:25:00.000000 UTC,5710,31.6641,27.0105
39261,29093,2016-02-12 11:16:40.000000 UTC,7390,31.6641,31.3453
16111,39261,2016-02-09 06:55:00.000000 UTC,53410,31.6672,31.0286
16111,28255,2016-02-07 17:25:00.000000 UTC,7870,31.6702,31.6919
16111,28255,2016-02-11 18:55:00.000000 UTC,7390,31.6706,31.5239
16111,28255,2016-02-11 18:55:00.000000 UTC,6550,31.6715,31.5321
39261,16111,2016-02-12 19:20:00.000000 UTC,57430,31.6719,30.8215
16111,29093,2016-02-10 09:16:40.000000 UTC,56950,31.6727,31.2327
16111,28255,2016-02-10 18:20:00.000000 UTC,56170,31.6764,30.4033
29093,28255,2016-02-05 12:46:40.000000 UTC,7210,31.6771,31.5221
29093,16111,2016-02-06 14:45:00.000000 UTC,6190,31.678,31.7613
29093,16111,2016-02-01 09:01:40.000000 UTC,1150,31.6783,32.2671
29093,16111,2016-02-01 00:00:00.000000 UTC,50470,31.6787,31.2636
39261,16111,2016-02-13 01:40:00.000000 UTC,31930,31.6797,28.8965
29093,39261,2016-02-01 10:30:00.000000 UTC,7630,31.6802,31.6327
28255,29093,2016-02-21 18:05:00.000000 UTC,1150,31.6803,31.6073
29093,39261,2016-02-01 10:30:00.000000 UTC,7690,31.6804,31.6316
28255,16111,2016-02-19 20:15:00.000000 UTC,56470,31.6805,30.2785
16111,28255,2016-02-07 14:05:00.000000 UTC,12190,31.6809,28.4525
28255,16111,2016-02-18 09:15:00.000000 UTC,7030,31.6811,31.5994
16111,39261,2016-02-08 22:01:40.000000 UTC,8050,31.6824,31.6532
39261,16111,2016-02-13 10:55:00.000000 UTC,7270,31.6847,31.6513
39261,16111,2016-02-16 16:31:40.000000 UTC,850,31.687,31.6157
29093,39261,2016-02-01 00:10:00.000000 UTC,28810,31.6889,28.6258
28255,29093,2016-02-23 11:10:00.000000 UTC,24370,31.6898,29.4257
29093,28255,2016-02-01 01:31:40.000000 UTC,51490,31.6922,30.0251
39261,16111,2016-02-16 02:46:40.000000 UTC,7210,31.6926,31.6646
16111,29093,2016-02-06 22:15:00.000000 UTC,49390,31.6929,30.4967
16111,29093,2016-02-07 13:01:40.000000 UTC,43690,31.6929,31.1492
16111,28255,2016-02-06 22:15:00.000000 UTC,51910,31.6969,30.6933
16111,29093,2016-02-09 18:30:00.000000 UTC,45490,31.6969,30.4549
39261,16111,2016-02-13 23:50:00.000000 UTC,970,31.6985,31.6224
16111,39261,2016-02-06 17:30:00.000000 UTC,48670,31.7006,30.0342
16111,39261,2016-02-07 08:10:00.000000 UTC,52210,31.7009,30.9413
29093,28255,2016-02-02 10:01:40.000000 UTC,57790,31.7013,30.7898
28255,16111,2016-02-18 08:45:00.000000 UTC,7330,31.7014,31.6242
16111,29093,2016-02-12 08:15:00.000000 UTC,11350,31.7016,28.4593
29093,28255,2016-02-01 23:55:00.000000 UTC,6790,31.7017,31.6701
39261,16111,2016-02-16 11:50:00.000000 UTC,12730,31.7019,28.169
16111,29093,2016-02-08 10:45:00.000000 UTC,55990,31.704,30.806
29093,28255,2016-02-03 08:00:00.000000 UTC,7810,31.7067,31.6589
28255,29093,2016-02-22 14:50:00.000000 UTC,46630,31.7073,30.3733
16111,39261,2016-02-11 13:46:40.000000 UTC,7930,31.7104,31.6963
16111,39261,2016-02-10 13:45:00.000000 UTC,50110,31.7107,30.8255
16111,29093,2016-02-08 13:50:00.000000 UTC,50170,31.7123,31.1007
28255,16111,2016-02-18 08:45:00.000000 UTC,7270,31.7127,31.641
28255,16111,2016-02-18 09:46:40.000000 UTC,47170,31.7127,30.3922
29093,16111,2016-02-06 17:30:00.000000 UTC,6250,31.713,31.6628
29093,28255,2016-02-03 08:00:00.000000 UTC,7750,31.7164,31.6706
29093,39261,2016-02-01 01:31:40.000000 UTC,7810,31.7167,27.7098
16111,28255,2016-02-08 12:16:40.000000 UTC,54970,31.7184,30.8154
29093,28255,2016-02-01 23:55:00.000000 UTC,7030,31.7191,31.6796
29093,39261,2016-02-01 03:20:00.000000 UTC,55330,31.7197,30.8622
28255,16111,2016-02-18 08:45:00.000000 UTC,7210,31.7206,31.6533
16111,39261,2016-02-10 16:01:40.000000 UTC,7390,31.7216,31.6932
29093,28255,2016-02-03 08:00:00.000000 UTC,7690,31.7228,31.6786
29093,16111,2016-02-04 11:25:00.000000 UTC,43210,31.724,30.4543
39261,16111,2016-02-14 10:31:40.000000 UTC,46870,31.7241,30.8194
39261,16111,2016-02-16 09:31:40.000000 UTC,1570,31.7243,31.7119
29093,16111,2016-02-05 05:31:40.000000 UTC,59230,31.7259,31.2541
16111,39261,2016-02-10 16:01:40.000000 UTC,7450,31.7261,31.6985
28255,29093,2016-02-19 21:45:00.000000 UTC,7990,31.7273,31.6103
16111,28255,2016-02-08 07:46:40.000000 UTC,1270,31.7294,31.6875
16111,39261,2016-02-06 23:20:00.000000 UTC,56110,31.7297,30.6426
28255,16111,2016-02-19 09:15:00.000000 UTC,29230,31.7324,28.9496
16111,39261,2016-02-10 16:01:40.000000 UTC,7750,31.7343,31.6751
16111,39261,2016-02-07 22:15:00.000000 UTC,7330,31.7366,31.5219
28255,29093,2016-02-22 07:40:00.000000 UTC,7210,31.7374,31.6868
39261,29093,2016-02-17 12:25:00.000000 UTC,5830,31.7397,31.1367
16111,29093,2016-02-06 20:01:40.000000 UTC,43570,31.7408,30.753
28255,16111,2016-02-18 04:30:00.000000 UTC,18970,31.7425,29.1379
16111,39261,2016-02-08 00:50:00.000000 UTC,8170,31.7433,31.6317
29093,39261,2016-02-02 08:40:00.000000 UTC,7030,31.7449,31.4664
29093,16111,2016-02-06 14:45:00.000000 UTC,23350,31.747,29.0859
39261,16111,2016-02-12 13:10:00.000000 UTC,7570,31.7479,31.6997
16111,28255,2016-02-06 21:16:40.000000 UTC,57670,31.7502,30.7475
16111,39261,2016-02-09 10:40:00.000000 UTC,1330,31.7508,31.8258
16111,39261,2016-02-07 22:15:00.000000 UTC,7090,31.7536,31.5771
16111,28255,2016-02-11 21:31:40.000000 UTC,7390,31.7545,31.7352
29093,39261,2016-02-01 04:45:00.000000 UTC,49270,31.7551,30.6133
39261,28255,2016-02-12 11:10:00.000000 UTC,1390,31.7552,31.7214
16111,39261,2016-02-11 13:46:40.000000 UTC,7810,31.7561,31.7237
39261,28255,2016-02-12 11:00:00.000000 UTC,1390,31.7564,31.7407
39261,28255,2016-02-12 11:01:40.000000 UTC,1390,31.7564,31.7388
28255,29093,2016-02-18 19:10:00.000000 UTC,7150,31.7571,31.7102
16111,28255,2016-02-10 20:40:00.000000 UTC,7570,31.7596,31.7428
16111,39261,2016-02-09 18:30:00.000000 UTC,7270,31.7598,31.6898
16111,29093,2016-02-06 20:01:40.000000 UTC,49570,31.7599,30.2323
29093,39261,2016-02-03 21:01:40.000000 UTC,54010,31.7604,30.8699
28255,29093,2016-02-18 18:16:40.000000 UTC,7510,31.7609,31.6935
28255,29093,2016-02-18 18:16:40.000000 UTC,7570,31.7611,31.6887
16111,39261,2016-02-07 23:31:40.000000 UTC,7030,31.762,31.6798
28255,16111,2016-02-18 08:16:40.000000 UTC,6790,31.7642,31.6361
28255,16111,2016-02-18 04:55:00.000000 UTC,23770,31.7652,26.9327
16111,29093,2016-02-11 08:45:00.000000 UTC,6130,31.7653,31.641
16111,28255,2016-02-07 19:46:40.000000 UTC,28210,31.7662,28.1841
16111,39261,2016-02-11 13:46:40.000000 UTC,7750,31.7676,31.732
29093,16111,2016-02-04 05:05:00.000000 UTC,59590,31.7683,31.77
16111,39261,2016-02-08 22:01:40.000000 UTC,7810,31.7688,31.7216
16111,28255,2016-02-10 20:40:00.000000 UTC,7510,31.7688,31.7481
16111,39261,2016-02-07 11:00:00.000000 UTC,730,31.7691,31.8053
16111,39261,2016-02-08 00:50:00.000000 UTC,8110,31.7702,31.6669
28255,16111,2016-02-18 22:00:00.000000 UTC,970,31.7706,31.7889
28255,29093,2016-02-18 15:46:40.000000 UTC,54190,31.7713,30.6742
29093,16111,2016-02-02 03:30:00.000000 UTC,49810,31.7719,31.2039
29093,39261,2016-02-05 07:55:00.000000 UTC,7390,31.7732,31.7557
29093,16111,2016-02-01 00:10:00.000000 UTC,45190,31.7734,30.7244
39261,16111,2016-02-17 20:20:00.000000 UTC,7690,31.7739,31.7189
29093,16111,2016-02-01 12:05:00.000000 UTC,1150,31.7745,31.7802
29093,39261,2016-02-05 07:55:00.000000 UTC,7330,31.7747,31.754
16111,39261,2016-02-12 11:00:00.000000 UTC,7690,31.7748,31.7579
16111,39261,2016-02-08 22:01:40.000000 UTC,7750,31.7759,31.7295
29093,28255,2016-02-02 14:16:40.000000 UTC,4150,31.7762,30.5815
16111,28255,2016-02-11 13:46:40.000000 UTC,48790,31.7763,30.3426
28255,16111,2016-02-18 05:16:40.000000 UTC,2530,31.7779,30.0073
39261,29093,2016-02-15 06:05:00.000000 UTC,8110,31.7781,31.7079
29093,39261,2016-02-01 01:15:00.000000 UTC,1390,31.7788,31.7569
29093,28255,2016-02-06 17:30:00.000000 UTC,1330,31.7791,31.7641
16111,39261,2016-02-08 22:01:40.000000 UTC,7690,31.7794,31.7341
16111,29093,2016-02-11 08:45:00.000000 UTC,6070,31.7832,31.6527
28255,16111,2016-02-23 22:00:00.000000 UTC,56410,31.7832,31.1197
39261,16111,2016-02-12 19:20:00.000000 UTC,6010,31.7837,31.2665
16111,39261,2016-02-07 11:00:00.000000 UTC,47170,31.7876,30.5705
16111,29093,2016-02-06 17:55:00.000000 UTC,370,31.7898,31.847
16111,28255,2016-02-07 04:46:40.000000 UTC,53290,31.7899,30.7794
39261,29093,2016-02-13 07:35:00.000000 UTC,7630,31.7902,31.7355
29093,39261,2016-02-02 12:50:00.000000 UTC,2590,31.7904,29.7894
28255,16111,2016-02-20 09:01:40.000000 UTC,7210,31.7917,31.7463
16111,28255,2016-02-12 11:00:00.000000 UTC,1150,31.7919,32.1579
39261,29093,2016-02-13 07:35:00.000000 UTC,7570,31.7942,31.7426
16111,29093,2016-02-12 00:10:00.000000 UTC,46750,31.7986,30.8828
16111,39261,2016-02-10 09:16:40.000000 UTC,7990,31.799,27.7845
28255,16111,2016-02-20 09:01:40.000000 UTC,7270,31.7994,31.7538
28255,16111,2016-02-18 07:01:40.000000 UTC,7150,31.7999,31.7525
16111,39261,2016-02-11 11:15:00.000000 UTC,50410,31.8015,30.5851
29093,16111,2016-02-06 09:20:00.000000 UTC,6430,31.8069,31.77
39261,29093,2016-02-13 03:31:40.000000 UTC,59950,31.8079,31.491
29093,39261,2016-02-01 07:40:00.000000 UTC,3490,31.8088,27.1857
28255,16111,2016-02-18 07:01:40.000000 UTC,7210,31.8088,31.7632
16111,29093,2016-02-11 06:16:40.000000 UTC,57490,31.8123,31.0783
16111,28255,2016-02-07 06:25:00.000000 UTC,30490,31.8124,29.3755
16111,28255,2016-02-07 17:25:00.000000 UTC,7510,31.8141,31.8301
29093,39261,2016-02-04 15:46:40.000000 UTC,52930,31.8144,30.6207
39261,29093,2016-02-12 21:30:00.000000 UTC,1090,31.8163,31.8193
29093,16111,2016-02-06 01:25:00.000000 UTC,8170,31.8195,30.5984
29093,39261,2016-02-02 21:55:00.000000 UTC,54130,31.8197,30.8386
16111,39261,2016-02-07 03:15:00.000000 UTC,7450,31.8216,31.7801
28255,16111,2016-02-18 10:55:00.000000 UTC,17290,31.822,28.4936
16111,39261,2016-02-07 03:15:00.000000 UTC,7510,31.8226,31.781
39261,16111,2016-02-14 12:10:00.000000 UTC,6070,31.8237,31.2427
16111,39261,2016-02-09 03:16:40.000000 UTC,58690,31.8279,30.7656
16111,29093,2016-02-06 18:16:40.000000 UTC,370,31.8296,31.752
16111,28255,2016-02-07 05:35:00.000000 UTC,1150,31.831,31.8421
39261,29093,2016-02-15 06:05:00.000000 UTC,7930,31.8312,31.7696
29093,16111,2016-02-05 00:50:00.000000 UTC,130,31.8319,32.1448
29093,28255,2016-02-03 04:31:40.000000 UTC,7210,31.8342,31.5685
16111,29093,2016-02-07 10:01:40.000000 UTC,54790,31.8349,31.6398
29093,16111,2016-02-04 05:05:00.000000 UTC,30430,31.8359,29.1954
28255,16111,2016-02-18 06:40:00.000000 UTC,7510,31.8372,31.7683
28255,29093,2016-02-18 04:30:00.000000 UTC,1210,31.8377,31.8572
28255,39261,2016-02-18 05:45:00.000000 UTC,1210,31.8381,31.8153
16111,29093,2016-02-07 01:10:00.000000 UTC,55090,31.8386,30.7112
28255,39261,2016-02-19 03:16:40.000000 UTC,1510,31.8394,31.8205
16111,29093,2016-02-06 18:05:00.000000 UTC,370,31.8398,31.7414
28255,16111,2016-02-18 04:55:00.000000 UTC,15370,31.841,28.7657
28255,16111,2016-02-18 06:40:00.000000 UTC,7450,31.8414,31.7774
16111,29093,2016-02-11 01:25:00.000000 UTC,1510,31.8451,31.8604
29093,39261,2016-02-05 07:55:00.000000 UTC,8170,31.8452,31.3845
28255,16111,2016-02-21 09:35:00.000000 UTC,7330,31.8479,31.7954
16111,28255,2016-02-07 01:50:00.000000 UTC,6490,31.8483,26.6249
28255,29093,2016-02-18 04:31:40.000000 UTC,1210,31.8488,31.8233
29093,16111,2016-02-06 14:45:00.000000 UTC,47110,31.8492,31.1547
28255,39261,2016-02-23 03:20:00.000000 UTC,6550,31.8494,26.6563
29093,16111,2016-02-01 04:45:00.000000 UTC,20830,31.8507,28.2549
16111,28255,2016-02-08 18:40:00.000000 UTC,7630,31.8509,31.8136
29093,28255,2016-02-01 01:00:00.000000 UTC,38890,31.8531,30.4171
16111,28255,2016-02-08 18:40:00.000000 UTC,7450,31.8575,31.8258
39261,16111,2016-02-13 09:46:40.000000 UTC,7810,31.8575,31.7994
29093,39261,2016-02-02 03:30:00.000000 UTC,8410,31.859,27.8194
16111,39261,2016-02-10 13:45:00.000000 UTC,7450,31.8592,31.3871
16111,39261,2016-02-06 20:25:00.000000 UTC,49090,31.8602,30.6752
28255,16111,2016-02-18 06:20:00.000000 UTC,7450,31.8602,31.8093
29093,39261,2016-02-03 06:15:00.000000 UTC,1450,31.8606,31.8496
29093,16111,2016-02-05 07:55:00.000000 UTC,9790,31.8616,28.6001
29093,16111,2016-02-01 07:01:40.000000 UTC,1750,31.8623,26.0483
28255,39261,2016-02-18 09:46:40.000000 UTC,1270,31.8624,31.8576
16111,28255,2016-02-08 18:40:00.000000 UTC,7750,31.8687,31.789
16111,39261,2016-02-08 15:25:00.000000 UTC,4570,31.8695,29.9976
29093,16111,2016-02-01 03:46:40.000000 UTC,50350,31.8744,31.3708
29093,16111,2016-02-01 22:46:40.000000 UTC,1030,31.8773,31.8348
39261,16111,2016-02-12 20:01:40.000000 UTC,7990,31.8796,27.6639
16111,29093,2016-02-09 20:31:40.000000 UTC,21130,31.8801,28.6969
39261,28255,2016-02-13 08:40:00.000000 UTC,1030,31.8806,31.8377
16111,28255,2016-02-07 05:35:00.000000 UTC,59710,31.8809,30.6742
28255,16111,2016-02-18 06:40:00.000000 UTC,7090,31.8818,31.7447
16111,29093,2016-02-08 04:55:00.000000 UTC,790,31.8864,31.8741
29093,28255,2016-02-02 03:30:00.000000 UTC,7870,31.8872,31.7501
29093,16111,2016-02-02 02:16:40.000000 UTC,56110,31.8889,30.1409
28255,39261,2016-02-19 04:25:00.000000 UTC,17410,31.8898,28.1202
28255,16111,2016-02-23 11:10:00.000000 UTC,7570,31.8908,31.8211
39261,29093,2016-02-13 14:30:00.000000 UTC,1570,31.8919,31.897
29093,28255,2016-02-04 11:25:00.000000 UTC,7390,31.8927,31.8592
29093,28255,2016-02-04 11:25:00.000000 UTC,7450,31.8939,31.8604
16111,39261,2016-02-07 21:00:00.000000 UTC,12130,31.8954,28.3879
29093,28255,2016-02-02 03:30:00.000000 UTC,7930,31.896,31.7271
39261,16111,2016-02-13 15:45:00.000000 UTC,57190,31.8986,31.2332
29093,16111,2016-02-01 06:25:00.000000 UTC,55810,31.9016,31.564
28255,29093,2016-02-23 11:10:00.000000 UTC,7510,31.9086,31.8391
39261,28255,2016-02-12 14:46:40.000000 UTC,25030,31.9107,28.5324
39261,16111,2016-02-14 07:20:00.000000 UTC,7690,31.9115,31.7608
28255,16111,2016-02-23 19:15:00.000000 UTC,27730,31.9117,28.5866
16111,39261,2016-02-08 12:16:40.000000 UTC,1210,31.9128,31.8985
39261,16111,2016-02-14 07:20:00.000000 UTC,7930,31.9134,31.704
39261,16111,2016-02-15 16:05:00.000000 UTC,1210,31.9137,31.933
29093,16111,2016-02-05 03:10:00.000000 UTC,59350,31.9143,31.2647
29093,16111,2016-02-01 00:35:00.000000 UTC,56650,31.915,30.5124
39261,16111,2016-02-14 07:20:00.000000 UTC,58870,31.9182,31.1368
39261,28255,2016-02-12 18:01:40.000000 UTC,1270,31.9191,31.9103
16111,29093,2016-02-11 11:15:00.000000 UTC,46150,31.9195,31.0419
29093,16111,2016-02-02 17:15:00.000000 UTC,49390,31.9204,31.3634
29093,39261,2016-02-03 02:50:00.000000 UTC,55330,31.9211,30.9117
29093,28255,2016-02-06 17:30:00.000000 UTC,2710,31.9242,29.5409
16111,28255,2016-02-10 11:30:00.000000 UTC,1390,31.9245,31.9306
16111,28255,2016-02-06 21:16:40.000000 UTC,57730,31.9264,30.6688
16111,29093,2016-02-09 22:35:00.000000 UTC,15250,31.9266,27.4937
39261,28255,2016-02-13 01:40:00.000000 UTC,12970,31.9312,27.6386
16111,39261,2016-02-10 09:16:40.000000 UTC,1450,31.9315,31.9271
39261,16111,2016-02-17 04:45:00.000000 UTC,57790,31.9341,30.6116
28255,29093,2016-02-19 20:15:00.000000 UTC,19030,31.942,29.0002
16111,29093,2016-02-06 21:16:40.000000 UTC,43390,31.9435,30.9443
16111,39261,2016-02-12 11:00:00.000000 UTC,7750,31.9456,31.7484
16111,28255,2016-02-08 23:45:00.000000 UTC,310,31.9489,31.833
28255,39261,2016-02-18 14:15:00.000000 UTC,1330,31.9515,31.9487
29093,16111,2016-02-04 05:05:00.000000 UTC,59530,31.9534,31.761
39261,28255,2016-02-13 04:30:00.000000 UTC,1090,31.9576,31.95
29093,39261,2016-02-01 22:46:40.000000 UTC,22450,31.9589,28.4361
29093,16111,2016-02-01 04:45:00.000000 UTC,56230,31.9622,31.0409
39261,29093,2016-02-14 22:35:00.000000 UTC,15730,31.973,30.2024
16111,29093,2016-02-09 16:30:00.000000 UTC,56050,31.9737,31.839
16111,39261,2016-02-12 11:00:00.000000 UTC,8050,31.9781,31.6521
16111,28255,2016-02-08 10:45:00.000000 UTC,23290,31.9803,29.052
16111,39261,2016-02-07 06:25:00.000000 UTC,45430,31.9808,30.5856
16111,29093,2016-02-10 00:40:00.000000 UTC,1270,31.9835,31.9924
16111,29093,2016-02-12 05:31:40.000000 UTC,6370,31.9861,31.7923
29093,16111,2016-02-01 15:35:00.000000 UTC,1090,31.9899,31.9683
29093,28255,2016-02-06 01:25:00.000000 UTC,58390,31.99,30.9299
16111,29093,2016-02-06 22:15:00.000000 UTC,48850,31.9907,31.301
39261,16111,2016-02-12 19:20:00.000000 UTC,57370,31.9914,30.905
16111,29093,2016-02-06 21:45:00.000000 UTC,54850,31.9915,31.1031
29093,28255,2016-02-06 12:01:40.000000 UTC,1510,31.9917,32.0107
16111,29093,2016-02-07 18:35:00.000000 UTC,670,31.9959,31.981
29093,16111,2016-02-06 06:40:00.000000 UTC,6910,31.9982,31.9797
39261,16111,2016-02-14 12:10:00.000000 UTC,59770,31.9995,25.2919
29093,39261,2016-02-05 22:50:00.000000 UTC,1330,32.0064,31.9936
28255,39261,2016-02-18 19:10:00.000000 UTC,1390,32.0121,32.0248
39261,29093,2016-02-18 01:45:00.000000 UTC,30850,32.0194,29.2129
29093,28255,2016-02-01 03:46:40.000000 UTC,2470,32.0233,29.3897
29093,16111,2016-02-04 03:01:40.000000 UTC,48910,32.0249,30.717
39261,29093,2016-02-16 05:00:00.000000 UTC,53830,32.0309,30.9316
28255,39261,2016-02-18 15:46:40.000000 UTC,16690,32.0326,27.4904
29093,28255,2016-02-06 14:45:00.000000 UTC,11710,32.0414,27.9703
29093,16111,2016-02-01 01:31:40.000000 UTC,50410,32.0436,31.2656
29093,16111,2016-02-04 09:16:40.000000 UTC,54010,32.044,31.3344
29093,16111,2016-02-01 23:55:00.000000 UTC,26050,32.0448,28.784
29093,16111,2016-02-01 00:35:00.000000 UTC,44830,32.0479,31.2101
28255,39261,2016-02-20 05:40:00.000000 UTC,3430,32.0508,26.9962
39261,29093,2016-02-12 18:01:40.000000 UTC,1390,32.0511,32.0515
16111,29093,2016-02-08 12:16:40.000000 UTC,12010,32.0537,27.1208
39261,28255,2016-02-14 19:00:00.000000 UTC,370,32.0553,32.1994
39261,16111,2016-02-15 08:01:40.000000 UTC,3430,32.0595,27.543
29093,16111,2016-02-04 18:00:00.000000 UTC,15970,32.0599,27.8193
16111,29093,2016-02-08 12:16:40.000000 UTC,50050,32.0633,31.2067
29093,28255,2016-02-02 17:15:00.000000 UTC,1090,32.0662,32.0417
28255,39261,2016-02-19 03:16:40.000000 UTC,2230,32.0672,27.6808
28255,39261,2016-02-18 08:16:40.000000 UTC,19150,32.0704,28.3564
29093,16111,2016-02-06 01:25:00.000000 UTC,7090,32.0727,32.0423
16111,39261,2016-02-07 04:00:00.000000 UTC,57070,32.0774,30.9844
28255,39261,2016-02-23 00:46:40.000000 UTC,730,32.0805,32.0962
29093,16111,2016-02-06 14:45:00.000000 UTC,52690,32.0836,31.3439
29093,16111,2016-02-05 22:50:00.000000 UTC,7330,32.0873,32.0566
16111,39261,2016-02-06 21:16:40.000000 UTC,29770,32.0881,29.0032
16111,39261,2016-02-07 21:00:00.000000 UTC,6190,32.0897,31.3026
29093,39261,2016-02-04 20:15:00.000000 UTC,59830,32.0925,31.0513
29093,16111,2016-02-05 17:45:00.000000 UTC,7450,32.0943,32.0413
29093,39261,2016-02-01 14:40:00.000000 UTC,58150,32.0975,30.9897
29093,39261,2016-02-05 00:50:00.000000 UTC,1450,32.0983,32.0573
28255,16111,2016-02-20 19:46:40.000000 UTC,1330,32.0997,32.1053
28255,16111,2016-02-18 05:45:00.000000 UTC,20530,32.1009,29.3873
29093,39261,2016-02-01 05:50:00.000000 UTC,1450,32.1018,32.1243
39261,29093,2016-02-14 07:20:00.000000 UTC,24010,32.1036,28.4775
39261,28255,2016-02-13 00:46:40.000000 UTC,1150,32.1051,32.0859
39261,28255,2016-02-15 04:10:00.000000 UTC,190,32.1061,33.537
16111,39261,2016-02-06 23:20:00.000000 UTC,1510,32.1079,32.1407
16111,39261,2016-02-06 18:45:00.000000 UTC,28990,32.1157,28.7801
29093,28255,2016-02-05 03:10:00.000000 UTC,59890,32.1163,30.6791
39261,16111,2016-02-12 18:40:00.000000 UTC,1510,32.117,32.1378
29093,16111,2016-02-02 23:31:40.000000 UTC,55090,32.1218,31.1553
29093,16111,2016-02-03 02:50:00.000000 UTC,55210,32.1234,30.7558
29093,28255,2016-02-01 16:31:40.000000 UTC,5170,32.1246,30.9714
29093,28255,2016-02-01 16:31:40.000000 UTC,22870,32.1249,28.7946
16111,29093,2016-02-07 22:15:00.000000 UTC,50110,32.1265,30.5105
39261,28255,2016-02-17 09:50:00.000000 UTC,8530,32.1272,27.7801
16111,39261,2016-02-12 11:00:00.000000 UTC,3910,32.1309,28.0717
28255,16111,2016-02-20 16:05:00.000000 UTC,1810,32.1376,30.8024
28255,29093,2016-02-23 11:10:00.000000 UTC,12730,32.1391,28.451
28255,39261,2016-02-23 13:50:00.000000 UTC,970,32.141,32.0559
16111,29093,2016-02-09 14:31:40.000000 UTC,45010,32.1424,31.0962
28255,29093,2016-02-21 07:31:40.000000 UTC,23230,32.1476,28.9647
29093,16111,2016-02-03 13:25:00.000000 UTC,48910,32.1514,31.3353
16111,39261,2016-02-07 00:31:40.000000 UTC,1390,32.1515,32.174
29093,28255,2016-02-02 17:15:00.000000 UTC,7090,32.1656,27.3745
39261,29093,2016-02-12 11:00:00.000000 UTC,6610,32.1665,31.4601
16111,28255,2016-02-11 16:20:00.000000 UTC,11530,32.169,27.8506
29093,16111,2016-02-01 02:31:40.000000 UTC,56170,32.1729,31.1961
29093,39261,2016-02-01 12:55:00.000000 UTC,57610,32.1783,31.0676
29093,16111,2016-02-01 17:30:00.000000 UTC,1030,32.1868,32.687
29093,39261,2016-02-04 20:15:00.000000 UTC,1030,32.1895,32.1045
16111,39261,2016-02-07 13:01:40.000000 UTC,970,32.1955,32.1464
29093,16111,2016-02-01 00:00:00.000000 UTC,26710,32.198,28.77
29093,39261,2016-02-01 08:20:00.000000 UTC,2830,32.2036,29.5813
29093,39261,2016-02-02 12:50:00.000000 UTC,2470,32.2055,29.6201
28255,39261,2016-02-18 07:25:00.000000 UTC,1210,32.207,32.2037
16111,28255,2016-02-08 10:45:00.000000 UTC,1450,32.2102,32.1978
16111,29093,2016-02-06 23:20:00.000000 UTC,430,32.2155,32.1587
29093,39261,2016-02-02 03:30:00.000000 UTC,17650,32.2168,28.4695
29093,16111,2016-02-06 04:01:40.000000 UTC,6970,32.2179,32.1804
29093,16111,2016-02-05 20:16:40.000000 UTC,7750,32.2184,32.1375
28255,39261,2016-02-18 11:31:40.000000 UTC,1270,32.222,32.2068
29093,16111,2016-02-06 04:01:40.000000 UTC,7030,32.2257,32.1891
39261,28255,2016-02-17 23:01:40.000000 UTC,13810,32.2375,28.1317
39261,28255,2016-02-13 18:20:00.000000 UTC,12430,32.2469,27.0594
16111,28255,2016-02-10 16:01:40.000000 UTC,11590,32.2561,27.354
16111,29093,2016-02-11 16:20:00.000000 UTC,57550,32.2577,31.5392
39261,28255,2016-02-12 18:01:40.000000 UTC,1930,32.2604,25.7003
29093,28255,2016-02-02 02:16:40.000000 UTC,15250,32.2609,28.9829
39261,28255,2016-02-12 16:16:40.000000 UTC,1270,32.2613,32.2568
39261,28255,2016-02-13 21:01:40.000000 UTC,790,32.2633,32.1601
28255,29093,2016-02-21 18:05:00.000000 UTC,1090,32.2728,32.6401
39261,29093,2016-02-15 10:00:00.000000 UTC,3430,32.2796,27.4979
28255,39261,2016-02-19 03:16:40.000000 UTC,1450,32.2843,32.2667
29093,39261,2016-02-02 07:20:00.000000 UTC,31630,32.2853,30.0472
29093,16111,2016-02-05 20:16:40.000000 UTC,7510,32.2898,32.226
29093,28255,2016-02-05 22:50:00.000000 UTC,20110,32.2918,27.3757
16111,28255,2016-02-08 15:25:00.000000 UTC,1330,32.3005,32.3262
16111,29093,2016-02-09 14:31:40.000000 UTC,1150,32.3013,32.3025
16111,39261,2016-02-06 19:20:00.000000 UTC,1330,32.3058,32.2875
29093,39261,2016-02-01 02:55:00.000000 UTC,1450,32.3076,32.2713
16111,29093,2016-02-07 17:25:00.000000 UTC,55030,32.3105,31.472
16111,29093,2016-02-10 09:16:40.000000 UTC,1330,32.313,32.3289
39261,29093,2016-02-15 00:25:00.000000 UTC,670,32.3132,32.2456
16111,28255,2016-02-06 23:20:00.000000 UTC,490,32.3162,32.1585
28255,16111,2016-02-18 23:00:00.000000 UTC,850,32.3216,32.2721
39261,29093,2016-02-17 23:01:40.000000 UTC,670,32.3301,32.3018
29093,28255,2016-02-03 09:46:40.000000 UTC,21850,32.3433,29.093
28255,29093,2016-02-18 17:25:00.000000 UTC,1210,32.3469,27.8533
39261,29093,2016-02-13 00:46:40.000000 UTC,730,32.3474,32.2314
28255,29093,2016-02-22 22:15:00.000000 UTC,1090,32.352,32.7488
16111,39261,2016-02-07 17:25:00.000000 UTC,1390,32.3625,32.3785
29093,16111,2016-02-01 08:20:00.000000 UTC,50170,32.3635,31.4591
29093,16111,2016-02-01 02:10:00.000000 UTC,1210,32.3695,32.3683
16111,29093,2016-02-07 14:05:00.000000 UTC,11290,32.3776,27.7852
29093,39261,2016-02-02 14:16:40.000000 UTC,2770,32.3851,29.713
39261,16111,2016-02-15 18:10:00.000000 UTC,910,32.3959,33.475
28255,16111,2016-02-18 15:46:40.000000 UTC,2410,32.4005,26.4982
29093,28255,2016-02-06 12:01:40.000000 UTC,1450,32.4006,32.4185
28255,16111,2016-02-22 22:15:00.000000 UTC,1270,32.4072,32.3919
28255,29093,2016-02-18 05:30:00.000000 UTC,1090,32.4083,32.3713
39261,29093,2016-02-14 01:16:40.000000 UTC,25630,32.4145,28.9001
29093,28255,2016-02-02 18:46:40.000000 UTC,18910,32.4248,28.6591
28255,39261,2016-02-18 04:35:00.000000 UTC,1150,32.4249,32.4336
28255,39261,2016-02-18 04:31:40.000000 UTC,1150,32.4269,32.4209
29093,16111,2016-02-02 06:01:40.000000 UTC,910,32.4286,32.3951
28255,39261,2016-02-18 04:30:00.000000 UTC,1150,32.4292,32.4149
16111,39261,2016-02-08 10:45:00.000000 UTC,7030,32.4329,27.2711
39261,16111,2016-02-12 12:31:40.000000 UTC,29950,32.4371,29.2143
28255,29093,2016-02-19 04:25:00.000000 UTC,7810,32.4379,27.5377
28255,16111,2016-02-18 17:25:00.000000 UTC,1330,32.4383,32.4503
39261,16111,2016-02-16 23:46:40.000000 UTC,7390,32.4513,31.7399
16111,29093,2016-02-12 08:15:00.000000 UTC,28390,32.4537,28.8759
16111,39261,2016-02-06 17:35:00.000000 UTC,1150,32.4574,32.4642
39261,16111,2016-02-14 19:00:00.000000 UTC,1150,32.4579,32.4739
29093,28255,2016-02-04 15:46:40.000000 UTC,2410,32.4585,29.4876
29093,28255,2016-02-02 21:55:00.000000 UTC,1390,32.4634,32.4701
29093,39261,2016-02-06 01:25:00.000000 UTC,1450,32.4683,32.4776
29093,39261,2016-02-02 18:46:40.000000 UTC,27310,32.4735,27.7244
39261,16111,2016-02-15 14:01:40.000000 UTC,2290,32.4751,25.6146
39261,29093,2016-02-12 13:55:00.000000 UTC,16930,32.4793,28.263
39261,29093,2016-02-13 05:30:00.000000 UTC,190,32.4797,34.2887
28255,39261,2016-02-19 11:50:00.000000 UTC,1450,32.4815,32.4908
39261,28255,2016-02-12 22:16:40.000000 UTC,1150,32.4834,32.6333
29093,28255,2016-02-01 09:01:40.000000 UTC,730,32.4853,32.4882
29093,16111,2016-02-01 03:46:40.000000 UTC,6970,32.4878,27.9116
39261,29093,2016-02-17 02:15:00.000000 UTC,370,32.4883,32.4217
16111,28255,2016-02-07 11:00:00.000000 UTC,1450,32.514,32.5143
39261,29093,2016-02-14 17:15:00.000000 UTC,2290,32.5143,25.3892
29093,28255,2016-02-01 19:31:40.000000 UTC,1450,32.5428,32.5635
28255,29093,2016-02-19 15:55:00.000000 UTC,550,32.5509,32.5201
29093,28255,2016-02-05 17:45:00.000000 UTC,8410,32.5568,30.0113
39261,16111,2016-02-17 12:25:00.000000 UTC,970,32.5615,32.5558
29093,39261,2016-02-05 00:50:00.000000 UTC,1390,32.5676,32.5587
39261,16111,2016-02-15 14:01:40.000000 UTC,7450,32.5737,27.5892
39261,28255,2016-02-13 13:16:40.000000 UTC,910,32.574,32.5852
28255,39261,2016-02-18 18:16:40.000000 UTC,1330,32.5791,32.5421
39261,28255,2016-02-12 11:35:00.000000 UTC,56290,32.5837,24.707
39261,28255,2016-02-12 14:20:00.000000 UTC,1270,32.5968,32.588
16111,39261,2016-02-10 11:30:00.000000 UTC,1450,32.5981,32.6114
29093,16111,2016-02-01 07:01:40.000000 UTC,1150,32.5991,32.6143
16111,29093,2016-02-11 18:55:00.000000 UTC,1450,32.6032,32.6257
28255,39261,2016-02-22 22:15:00.000000 UTC,670,32.6185,32.549
16111,39261,2016-02-06 19:40:00.000000 UTC,1330,32.6253,32.6161
39261,16111,2016-02-13 08:40:00.000000 UTC,190,32.6291,34.5776
16111,29093,2016-02-12 00:10:00.000000 UTC,1450,32.6453,32.6668
29093,39261,2016-02-01 21:40:00.000000 UTC,1030,32.6484,32.5596
16111,29093,2016-02-06 17:40:00.000000 UTC,2290,32.6531,28.9409
28255,39261,2016-02-19 15:55:00.000000 UTC,1390,32.6598,32.6398
16111,28255,2016-02-08 10:45:00.000000 UTC,1390,32.6661,32.6771
28255,29093,2016-02-22 19:45:00.000000 UTC,1270,32.6956,32.6925
16111,29093,2016-02-10 16:01:40.000000 UTC,15910,32.6998,28.3748
39261,29093,2016-02-13 17:01:40.000000 UTC,21730,32.7072,28.3176
39261,29093,2016-02-14 12:10:00.000000 UTC,3070,32.7189,27.3144
16111,39261,2016-02-06 20:25:00.000000 UTC,5410,32.7289,30.9715
16111,29093,2016-02-07 22:15:00.000000 UTC,3790,32.7386,30.7605
28255,16111,2016-02-20 23:35:00.000000 UTC,970,32.7394,32.6762
16111,28255,2016-02-07 12:00:00.000000 UTC,20230,32.7466,28.6415
29093,16111,2016-02-02 11:25:00.000000 UTC,850,32.7633,32.762
28255,29093,2016-02-18 14:15:00.000000 UTC,5470,32.7762,25.7185
29093,39261,2016-02-01 02:55:00.000000 UTC,1390,32.7773,32.7447
28255,16111,2016-02-21 07:31:40.000000 UTC,13630,32.7813,29.6421
28255,16111,2016-02-20 19:46:40.000000 UTC,2110,32.82,25.7547
28255,39261,2016-02-23 19:15:00.000000 UTC,1030,32.8373,32.7744
28255,29093,2016-02-20 12:30:00.000000 UTC,21010,32.8407,27.9526
39261,29093,2016-02-14 22:35:00.000000 UTC,850,32.8435,32.8101
29093,16111,2016-02-01 06:25:00.000000 UTC,15010,32.8441,27.6222
28255,29093,2016-02-18 20:05:00.000000 UTC,9130,32.8491,28.684
39261,29093,2016-02-14 01:16:40.000000 UTC,610,32.8735,32.7776
39261,28255,2016-02-15 00:25:00.000000 UTC,250,32.8928,34.1155
39261,28255,2016-02-12 12:00:00.000000 UTC,1270,32.8974,32.8497
16111,39261,2016-02-12 02:50:00.000000 UTC,1270,32.8986,32.8705
29093,39261,2016-02-03 01:10:00.000000 UTC,1330,32.9053,32.9099
28255,39261,2016-02-18 15:46:40.000000 UTC,1270,32.9124,32.9026
28255,39261,2016-02-19 14:31:40.000000 UTC,1390,32.914,32.8626
29093,39261,2016-02-01 23:55:00.000000 UTC,1210,32.9185,32.907
39261,29093,2016-02-16 14:10:00.000000 UTC,1390,32.9188,32.9249
39261,16111,2016-02-12 11:10:00.000000 UTC,2530,32.9211,29.5884
29093,16111,2016-02-01 01:31:40.000000 UTC,1810,32.9243,26.3185
16111,28255,2016-02-07 06:25:00.000000 UTC,1150,32.9296,32.8825
28255,16111,2016-02-18 16:35:00.000000 UTC,1330,32.9406,32.9318
39261,16111,2016-02-13 22:25:00.000000 UTC,6790,32.9472,27.3106
16111,28255,2016-02-07 11:00:00.000000 UTC,1390,32.9595,32.908
39261,28255,2016-02-13 17:01:40.000000 UTC,31270,32.9606,23.2431
29093,28255,2016-02-01 05:50:00.000000 UTC,430,32.969,32.7746
39261,16111,2016-02-13 02:35:00.000000 UTC,910,32.9716,32.9657
28255,29093,2016-02-23 03:20:00.000000 UTC,670,32.9806,32.9468
16111,39261,2016-02-06 18:30:00.000000 UTC,1210,32.9875,32.9705
28255,16111,2016-02-20 04:01:40.000000 UTC,430,33.0077,32.9003
39261,28255,2016-02-12 12:31:40.000000 UTC,22690,33.0217,28.3669
16111,39261,2016-02-12 05:31:40.000000 UTC,8410,33.0261,27.9116
39261,28255,2016-02-14 08:55:00.000000 UTC,550,33.0378,32.9327
29093,16111,2016-02-01 22:46:40.000000 UTC,970,33.0835,33.0982
29093,39261,2016-02-05 00:50:00.000000 UTC,1330,33.0914,33.1024
39261,29093,2016-02-12 20:01:40.000000 UTC,1150,33.1128,33.103
29093,16111,2016-02-01 15:35:00.000000 UTC,1030,33.1248,33.0937
39261,29093,2016-02-12 23:05:00.000000 UTC,35230,33.147,24.2167
39261,16111,2016-02-14 12:10:00.000000 UTC,3070,33.1505,27.4923
29093,39261,2016-02-01 01:31:40.000000 UTC,1270,33.1746,33.1785
28255,39261,2016-02-18 12:50:00.000000 UTC,1210,33.2137,33.217
28255,39261,2016-02-18 07:50:00.000000 UTC,1150,33.2434,33.1879
16111,39261,2016-02-06 18:05:00.000000 UTC,1150,33.2439,33.2475
39261,29093,2016-02-12 16:50:00.000000 UTC,1330,33.2499,33.2035
29093,39261,2016-02-06 17:30:00.000000 UTC,790,33.2533,33.239
28255,39261,2016-02-22 19:45:00.000000 UTC,610,33.2726,33.2263
39261,16111,2016-02-12 15:45:00.000000 UTC,44530,33.2796,25.1301
28255,29093,2016-02-23 19:15:00.000000 UTC,2890,33.2878,26.2684
29093,16111,2016-02-01 08:20:00.000000 UTC,1090,33.2944,33.2959
28255,29093,2016-02-18 14:15:00.000000 UTC,2830,33.303,29.8204
39261,29093,2016-02-12 17:25:00.000000 UTC,36730,33.3081,23.6895
16111,28255,2016-02-07 22:15:00.000000 UTC,250,33.3121,33.1844
39261,28255,2016-02-13 10:55:00.000000 UTC,6910,33.3135,26.6918
16111,28255,2016-02-08 07:46:40.000000 UTC,1150,33.3455,33.3527
39261,16111,2016-02-12 20:01:40.000000 UTC,1330,33.3861,33.3938
28255,16111,2016-02-22 05:20:00.000000 UTC,490,33.3916,33.3176
29093,28255,2016-02-02 14:16:40.000000 UTC,790,33.4051,33.2952
39261,29093,2016-02-12 18:01:40.000000 UTC,7450,33.4083,27.6409
28255,29093,2016-02-18 06:01:40.000000 UTC,1630,33.4874,24.7875
39261,16111,2016-02-12 14:20:00.000000 UTC,6910,33.5033,31.6156
16111,28255,2016-02-10 07:05:00.000000 UTC,910,33.5453,33.5196
16111,29093,2016-02-08 03:31:40.000000 UTC,730,33.5624,33.4568
29093,16111,2016-02-01 13:46:40.000000 UTC,1030,33.5652,33.5523
39261,28255,2016-02-13 22:25:00.000000 UTC,730,33.5774,33.5032
16111,39261,2016-02-07 13:01:40.000000 UTC,910,33.5875,33.5749
28255,16111,2016-02-19 18:46:40.000000 UTC,1210,33.6161,33.5474
39261,28255,2016-02-13 18:20:00.000000 UTC,790,33.6275,33.62
39261,28255,2016-02-12 12:15:00.000000 UTC,1210,33.6505,33.606
28255,29093,2016-02-18 06:20:00.000000 UTC,970,33.6558,33.6585
39261,28255,2016-02-12 12:50:00.000000 UTC,1210,33.6662,33.6062
28255,16111,2016-02-18 09:15:00.000000 UTC,23530,33.6671,29.2308
39261,16111,2016-02-13 07:35:00.000000 UTC,310,33.6907,34.999
39261,16111,2016-02-17 09:50:00.000000 UTC,26650,33.6962,28.1833
39261,29093,2016-02-16 23:46:40.000000 UTC,610,33.6973,33.5737
28255,16111,2016-02-18 05:45:00.000000 UTC,22810,33.7325,22.5894
28255,29093,2016-02-23 22:00:00.000000 UTC,1270,33.7365,33.701
29093,39261,2016-02-01 18:30:00.000000 UTC,670,33.7466,33.6461
39261,28255,2016-02-13 10:55:00.000000 UTC,910,33.7504,33.7163
39261,28255,2016-02-13 02:35:00.000000 UTC,1030,33.776,33.7786
39261,29093,2016-02-13 02:35:00.000000 UTC,45670,33.7812,24.6992
28255,39261,2016-02-18 05:45:00.000000 UTC,1090,33.7869,33.7754
28255,16111,2016-02-19 01:05:00.000000 UTC,610,33.8033,33.682
16111,29093,2016-02-07 06:25:00.000000 UTC,490,33.8268,33.6995
28255,29093,2016-02-20 00:50:00.000000 UTC,6670,33.8419,31.6092
29093,39261,2016-02-02 01:05:00.000000 UTC,1210,33.8965,33.8621
28255,29093,2016-02-18 08:45:00.000000 UTC,730,33.913,35.3606
16111,29093,2016-02-08 17:01:40.000000 UTC,850,33.9861,33.9795
16111,28255,2016-02-11 06:16:40.000000 UTC,730,33.9877,33.9086
16111,28255,2016-02-09 08:46:40.000000 UTC,22510,33.9905,28.9704
28255,16111,2016-02-18 18:16:40.000000 UTC,1150,34.098,34.0324
16111,39261,2016-02-06 18:45:00.000000 UTC,1150,34.0989,34.0895
28255,39261,2016-02-18 12:50:00.000000 UTC,1150,34.107,34.1011
29093,28255,2016-02-05 00:50:00.000000 UTC,910,34.1074,34.1063
39261,29093,2016-02-13 02:35:00.000000 UTC,490,34.3026,34.9223
39261,29093,2016-02-14 02:45:00.000000 UTC,430,34.3443,34.2542
16111,29093,2016-02-08 06:20:00.000000 UTC,730,34.3862,34.3803
16111,28255,2016-02-07 05:35:00.000000 UTC,44890,34.439,25.3959
39261,16111,2016-02-13 03:31:40.000000 UTC,6250,34.4665,27.1462
39261,29093,2016-02-16 00:35:00.000000 UTC,550,34.4742,34.9882
29093,39261,2016-02-02 17:15:00.000000 UTC,550,34.5139,35.5714
29093,16111,2016-02-02 04:45:00.000000 UTC,850,34.5626,34.5432
29093,16111,2016-02-01 22:46:40.000000 UTC,910,34.5653,34.533
39261,16111,2016-02-14 02:45:00.000000 UTC,550,34.5955,34.556
16111,39261,2016-02-07 10:01:40.000000 UTC,550,34.6623,34.6426
29093,28255,2016-02-06 01:25:00.000000 UTC,610,34.6735,34.5773
29093,28255,2016-02-01 08:20:00.000000 UTC,610,34.7379,34.7422
39261,29093,2016-02-14 22:35:00.000000 UTC,790,34.774,34.7044
29093,28255,2016-02-01 10:30:00.000000 UTC,790,34.7871,34.7252
28255,29093,2016-02-18 10:55:00.000000 UTC,5950,34.9218,26.7003
29093,16111,2016-02-01 19:31:40.000000 UTC,910,35.2028,35.2013
28255,39261,2016-02-18 18:16:40.000000 UTC,58150,36.004,25.4207
29093,39261,2016-02-06 17:30:00.000000 UTC,56650,36.0814,25.2101
16111,29093,2016-02-11 01:25:00.000000 UTC,37690,37.3248,24.7308
29093,28255,2016-02-01 15:35:00.000000 UTC,32350,37.3436,23.6205
16111,28255,2016-02-06 18:45:00.000000 UTC,54250,37.4773,25.7719
16111,39261,2016-02-06 19:40:00.000000 UTC,21670,37.7067,21.955
39261,16111,2016-02-12 21:30:00.000000 UTC,48550,38.0349,24.9128
28255,16111,2016-02-22 05:20:00.000000 UTC,6910,38.6123,20.5925
29093,16111,2016-02-03 09:46:40.000000 UTC,57610,38.9803,25.3254
16111,29093,2016-02-12 11:00:00.000000 UTC,48850,39.6092,25.3511
29093,39261,2016-02-01 07:40:00.000000 UTC,59650,39.7339,25.3512
16111,39261,2016-02-11 16:20:00.000000 UTC,6010,39.8841,19.5567
16111,39261,2016-02-07 08:10:00.000000 UTC,19210,41.5686,21.7418
16111,29093,2016-02-07 00:31:40.000000 UTC,28690,42.9955,23.6792
28255,39261,2016-02-19 09:15:00.000000 UTC,51670,43.8318,24.5072
39261,28255,2016-02-12 15:45:00.000000 UTC,21190,44.0086,21.7956
28255,39261,2016-02-18 13:31:40.000000 UTC,14890,46.1362,19.7851
28255,16111,2016-02-22 07:40:00.000000 UTC,44890,46.8664,24.2553
39261,16111,2016-02-17 09:50:00.000000 UTC,52630,47.993,25.1316
39261,16111,2016-02-14 10:31:40.000000 UTC,21310,49.8003,21.4636
29093,16111,2016-02-05 07:55:00.000000 UTC,6070,52.491,23.5131
29093,39261,2016-02-05 10:20:00.000000 UTC,23650,54.0694,22.2701
29093,28255,2016-02-04 03:01:40.000000 UTC,21130,71.7778,21.8456
28255,39261,2016-02-20 09:01:40.000000 UTC,16690,81.0866,20.5229
29093,16111,2016-02-05 05:31:40.000000 UTC,190,92.5043,12.3262
29093,16111,2016-02-05 05:31:40.000000 UTC,11530,93.2652,19.9042
16111,39261,2016-02-11 01:25:00.000000 UTC,32530,140.1,23.6223
28255,16111,2016-02-19 03:16:40.000000 UTC,57310,149.385,25.5936
39261,28255,2016-02-12 13:10:00.000000 UTC,51250,180.581,24.6686
29093,28255,2016-02-01 22:46:40.000000 UTC,39790,191.963,24.3857
28255,16111,2016-02-23 03:20:00.000000 UTC,52570,219.664,25.3774
